Gene	Identity	Score	Length	Mismatches	DE
yeaI	491	2574.0	491	0	0
yeaH	426	2304.0	426	0	0
abrB	344	1718.0	348	4	0
xseA	453	2416.0	456	3	0
speD	264	1421.0	264	0	0
speE	288	1560.0	288	0	0
speB	306	1641.0	306	0	0
speA	657	3537.0	658	1	0
ybcH	292	1551.0	296	4	0
mrcA	849	4543.0	850	1	0
frdA	602	3244.0	602	0	0
frdB	244	1328.0	244	0	0
hchA	280	1502.0	283	3	0
ytfF	317	1619.0	321	4	0
pgpB	254	1301.0	254	0	0
kbaY	286	1529.0	286	0	0
kbaZ	424	2275.0	426	2	0
ucpA	263	1373.0	263	0	0
yeaG	644	3468.0	644	0	0
cmk	227	1168.0	227	0	0
upp	208	1076.0	208	0	0
yhbE	321	1642.0	321	0	0
tolQ	230	1203.0	230	0	0
ydgJ	345	1826.0	346	1	0
ydgH	313	1636.0	314	1	0
ycjQ	349	1864.0	350	1	0
tolC	493	2570.0	493	0	0
tolB	429	2248.0	430	1	0
tolA	421	1984.0	421	0	0
ydgA	499	2620.0	502	3	0
ydgD	271	1431.0	273	2	0
entA	245	1284.0	248	3	0
entC	390	2065.0	391	1	0
entB	284	1522.0	285	1	0
cheR	285	1525.0	286	1	0
nei	258	1377.0	263	5	0
cheZ	214	1108.0	214	0	0
cheB	348	1830.0	349	1	0
cmtA	461	2384.0	462	1	0
cheA	650	3404.0	654	4	0
rcsA	205	1078.0	207	2	0
rcsB	216	1113.0	216	0	0
rcsC	931	4988.0	933	2	0
uspE	316	1682.0	316	0	0
gltX	470	2552.0	471	1	0
glk	321	1691.0	321	0	0
gltP	435	2227.0	437	2	0
gltS	400	2035.0	401	1	0
gltI	301	1598.0	302	1	0
gpsA	339	1790.0	339	0	0
gltK	224	1139.0	224	0	0
gltJ	245	1280.0	246	1	0
gltL	241	1273.0	241	0	0
gltA	427	2320.0	427	0	0
gltB	1482	7952.0	1486	4	0
gltD	471	2512.0	472	1	0
ycjG	319	1675.0	321	2	0
yfcH	296	1558.0	297	1	0
maeB	756	3990.0	759	3	0
apaH	279	1491.0	280	1	0
kgtP	432	2253.0	432	0	0
glgA	477	2522.0	477	0	0
yhgF	772	4104.0	773	1	0
sgbE	231	1242.0	231	0	0
yfeH	331	1721.0	332	1	0
yfeO	416	2080.0	418	2	0
yhgA	289	1548.0	292	3	0
yfeR	308	1612.0	308	0	0
sgbU	281	1501.0	286	5	0
yfeX	297	1594.0	299	2	0
yhbX	537	2897.0	541	4	0
fbaB	349	1863.0	350	1	0
fbaA	359	1928.0	359	0	0
rssA	300	1587.0	301	1	0
rssB	336	1756.0	337	1	0
ddlA	364	1930.0	364	0	0
ddlB	305	1587.0	306	1	0
wcaL	403	2146.0	406	3	0
era	300	1592.0	301	1	0
holB	332	1744.0	334	2	0
holA	342	1769.0	343	1	0
gatY	283	1519.0	284	1	0
gatZ	417	2247.0	420	3	0
wcaJ	462	2471.0	464	2	0
wcaE	245	1316.0	248	3	0
gatD	345	1838.0	346	1	0
ygiC	385	2076.0	386	1	0
ytjC	215	1117.0	215	0	0
ytjB	214	1116.0	214	0	0
yjiK	281	1508.0	286	5	0
eno	432	2250.0	432	0	0
ygiQ	739	3993.0	739	0	0
smtA	259	1399.0	261	2	0
yjiM	379	2050.0	383	4	0
amiA	288	1503.0	289	1	0
amiC	417	2195.0	417	0	0
amiB	444	2347.0	445	1	0
glnH	248	1286.0	248	0	0
kdpB	678	3531.0	682	4	0
kdpE	222	1154.0	224	2	0
kdpD	889	4670.0	894	5	0
yhiD	215	1108.0	215	0	0
carA	382	2045.0	382	0	0
adiY	252	1351.0	253	1	0
yhiN	398	2123.0	400	2	0
hslO	292	1559.0	292	0	0
yhiI	351	1792.0	355	4	0
adiA	753	4109.0	755	2	0
adiC	444	2274.0	445	1	0
arcA	238	1259.0	238	0	0
arcB	778	4115.0	778	0	0
yjeJ	287	1531.0	289	2	0
yjeH	418	2124.0	418	0	0
fadR	239	1274.0	239	0	0
fadB	727	3849.0	729	2	0
fadA	386	2034.0	387	1	0
fadE	812	4326.0	814	2	0
fadD	561	2984.0	561	0	0
ypdC	282	1507.0	285	3	0
ypdB	244	1307.0	244	0	0
creB	226	1189.0	229	3	0
creC	470	2461.0	474	4	0
frsA	412	2227.0	414	2	0
ypdF	356	1883.0	361	5	0
ypdE	343	1808.0	345	2	0
fadL	445	2343.0	446	1	0
ompW	212	1116.0	212	0	0
ompR	239	1247.0	239	0	0
fiu	756	4029.0	760	4	0
fic	199	1060.0	200	1	0
ompF	362	1859.0	362	0	0
ompG	301	1616.0	301	0	0
ompL	228	1214.0	230	2	0
ompN	376	1965.0	377	1	0
srlE	318	1636.0	319	1	0
srlD	259	1352.0	259	0	0
gcvP	952	5120.0	957	5	0
gcvT	364	1949.0	364	0	0
srlR	256	1364.0	257	1	0
gcvA	305	1618.0	305	0	0
ftsE	222	1162.0	222	0	0
yieK	240	1281.0	240	0	0
ftsA	420	2209.0	420	0	0
yiiX	197	1043.0	202	5	1
ftsN	318	1659.0	319	1	0
ftsI	588	3110.0	588	0	0
ftsH	644	3407.0	644	0	0
ftsW	414	2125.0	414	0	0
yieE	248	1328.0	249	1	0
ftsQ	275	1454.0	276	1	0
hyi	257	1391.0	258	1	0
ftsZ	383	1969.0	383	0	0
ftsY	492	2478.0	498	6	0
ftsX	352	1854.0	352	0	0
mdh	311	1594.0	312	1	0
ybdR	408	2166.0	412	4	0
yrfG	222	1193.0	222	0	0
fepC	271	1428.0	271	0	0
fepB	316	1639.0	318	2	0
fepA	742	3955.0	746	4	0
fepG	326	1625.0	330	4	0
yggW	377	2023.0	378	1	0
fepD	332	1621.0	334	2	0
ligA	670	3527.0	671	1	0
ligB	557	2939.0	560	3	0
aidB	538	2867.0	541	3	0
abgA	432	2285.0	436	4	0
abgB	476	2573.0	481	5	0
ybdK	369	2006.0	372	3	0
sfsA	234	1261.0	234	0	0
yggS	234	1241.0	234	0	0
smf	369	1927.0	374	5	0
abgR	300	1593.0	302	2	0
abgT	444	2260.0	446	2	0
abgT	9	25.0	31	22	0
gor	449	2401.0	450	1	0
prfA	360	1913.0	360	0	0
prfB	363	1924.0	365	2	0
prfC	527	2840.0	529	2	0
dcuD	451	2323.0	455	4	0
dcuA	433	2219.0	433	0	0
dcuB	446	2301.0	446	0	0
dcuC	461	2346.0	461	0	0
nth	211	1119.0	211	0	0
sodA	205	1093.0	206	1	0
dcuR	239	1287.0	239	0	0
dcuS	541	2846.0	543	2	0
ybbO	268	1435.0	269	1	0
ybbN	283	1463.0	284	1	0
oxyR	305	1606.0	305	0	0
umuC	422	2278.0	422	0	0
ybbY	432	2192.0	433	1	0
yphF	322	1688.0	327	5	0
ybbW	479	2481.0	484	5	0
fixC	428	2249.0	428	0	0
fixB	312	1657.0	313	1	0
fixA	254	1300.0	256	2	0
ybbP	801	4127.0	804	3	0
glyS	685	3618.0	689	4	0
glyQ	302	1631.0	303	1	0
dgt	504	2703.0	505	1	0
yphC	352	1881.0	353	1	0
aqpZ	230	1145.0	231	1	0
glyA	417	2224.0	417	0	0
trkA	458	2390.0	458	0	0
trkH	483	2499.0	483	0	0
ynfM	416	2130.0	417	1	0
exbB	244	1268.0	244	0	0
ynfK	231	1203.0	231	0	0
ynfH	281	1421.0	284	3	0
ynfG	205	1108.0	205	0	0
ynfF	806	4376.0	807	1	0
ynfC	236	1257.0	236	0	0
puuB	425	2266.0	426	1	0
qseB	217	1123.0	219	2	0
treC	546	2963.0	551	5	0
puuA	471	2529.0	472	1	0
puuD	253	1322.0	254	1	0
msrA	212	1146.0	212	0	0
puuP	461	2397.0	461	0	0
treR	314	1678.0	315	1	0
mlrA	243	1270.0	243	0	0
zitB	313	1625.0	313	0	0
ydfG	248	1326.0	248	0	0
ydfU	348	1856.0	349	1	0
ydgI	459	2348.0	460	1	0
obgE	388	2042.0	390	2	0
pdhR	254	1307.0	254	0	0
pqiB	546	2890.0	546	0	0
pqiA	417	2193.0	417	0	0
adhP	333	1739.0	336	3	0
ygcQ	286	1489.0	286	0	0
yhhN	208	1043.0	208	0	0
minC	230	1220.0	231	1	0
minD	270	1393.0	270	0	0
yhhJ	373	1937.0	374	1	0
yhhI	315	1691.0	321	6	1
yhhI	6	32.0	10	4	1
yhhW	229	1227.0	231	2	0
yhhT	346	1765.0	349	3	0
yhhS	403	2013.0	405	2	0
adhE	891	4750.0	891	0	0
yjdF	205	1066.0	209	4	0
yhhZ	389	2065.0	392	3	0
chbR	279	1490.0	280	1	0
yhfK	699	3715.0	700	1	0
yfdE	381	2051.0	381	0	0
yfdC	307	1614.0	310	3	0
yafT	259	1389.0	261	2	0
yhfZ	299	1589.0	301	2	0
yfdX	210	1080.0	211	1	0
uxaA	494	2654.0	495	1	0
entE	534	2853.0	536	2	0
yhfS	361	1878.0	361	0	0
yfdV	314	1608.0	314	0	0
flgI	365	1847.0	365	0	0
ygcS	445	2255.0	445	0	0
uxaC	469	2543.0	470	1	0
yneF	312	1654.0	315	3	0
gloB	249	1346.0	251	2	0
lpd	474	2474.0	474	0	0
acnB	864	4596.0	865	1	0
acnA	889	4748.0	891	2	0
menD	554	2930.0	556	2	0
menE	446	2351.0	451	5	0
menF	427	2271.0	431	4	0
aldB	511	2746.0	512	1	0
menB	285	1540.0	285	0	0
menC	318	1659.0	320	2	0
wzc	716	3802.0	720	4	0
wza	379	2013.0	379	0	0
nfsA	240	1282.0	240	0	0
yqeI	268	1448.0	269	1	0
yebZ	287	1462.0	290	3	0
mepA	273	1446.0	274	1	0
yebT	876	4586.0	877	1	0
yebQ	457	2308.0	457	0	0
yebS	424	2241.0	427	3	0
yebK	288	1523.0	289	1	0
yebE	216	1111.0	219	3	0
yebB	197	1059.0	200	3	0
yebC	245	1288.0	246	1	0
ygjJ	356	1904.0	356	0	0
ygjK	780	4208.0	783	3	0
ygjI	476	2441.0	477	1	0
bax	274	1466.0	274	0	0
wzzE	348	1852.0	348	0	0
ygjR	324	1736.0	328	4	0
ygjQ	219	1174.0	224	5	0
thiH	374	2009.0	376	2	0
dctA	428	2191.0	428	0	0
ybaL	556	2821.0	558	2	0
ybaE	563	2997.0	566	3	0
alaS	873	4662.0	876	3	0
iclR	274	1451.0	274	0	0
ybaT	430	2174.0	430	0	0
yijE	299	1498.0	301	2	0
yijF	200	1080.0	205	5	0
ygdH	454	2414.0	454	0	0
yijO	282	1515.0	283	1	0
ygdQ	237	1199.0	237	0	0
pitA	499	2603.0	499	0	0
pitB	498	2607.0	499	1	0
fnr	250	1328.0	250	0	0
cof	270	1435.0	272	2	0
malG	296	1516.0	296	0	0
rimK	300	1572.0	300	0	0
putP	500	2587.0	502	2	0
frc	416	2246.0	416	0	0
tonB	237	1196.0	239	2	0
fre	233	1240.0	233	0	0
yaaU	443	2288.0	443	0	0
ydaM	408	2199.0	410	2	0
ydaN	326	1717.0	327	1	0
yaaJ	476	2479.0	476	0	0
yaaA	256	1357.0	258	2	0
znuC	251	1295.0	251	0	0
znuB	260	1296.0	261	1	0
znuA	310	1647.0	310	0	0
slt	645	3448.0	645	0	0
ais	198	1061.0	200	2	0
gnd	466	2468.0	468	2	1
lepA	598	3190.0	599	1	0
lepB	323	1725.0	324	1	0
nikB	314	1619.0	314	0	0
nikC	277	1404.0	277	0	0
yfcJ	387	1929.0	392	5	0
nikA	522	2787.0	524	2	0
nikD	253	1312.0	254	1	0
nikE	263	1378.0	268	5	0
yfcA	268	1376.0	269	1	0
yfcF	214	1129.0	214	0	0
yfcG	215	1146.0	215	0	0
gpmA	250	1316.0	250	0	0
glnL	349	1809.0	349	0	0
glnA	469	2522.0	469	0	0
glnG	468	2463.0	469	1	0
glnD	887	4722.0	890	3	0
nudF	209	1095.0	209	0	0
glnS	554	3004.0	554	0	0
glnQ	239	1249.0	240	1	0
glnP	219	1100.0	219	0	0
ddpA	514	2733.0	516	2	0
ddpB	339	1716.0	340	1	0
ddpC	296	1521.0	298	2	0
cynX	380	1906.0	383	3	0
nudC	257	1376.0	257	0	0
cynT	219	1162.0	219	0	0
dadA	432	2315.0	432	0	0
glxR	291	1519.0	292	1	0
dadX	351	1861.0	356	5	0
glxK	378	1937.0	381	3	0
gadC	511	2641.0	511	0	0
yraR	209	1109.0	211	2	0
fusA	704	3755.0	704	0	0
epd	339	1801.0	339	0	0
amyA	492	2648.0	495	3	0
topB	651	3482.0	653	2	0
topA	865	4674.0	865	0	0
yneE	303	1597.0	304	1	0
rsmB	427	2282.0	429	2	0
rsmC	341	1816.0	343	2	0
yraQ	344	1744.0	346	2	0
yecS	222	1140.0	222	0	0
yfeA	729	3880.0	729	0	0
sgbH	217	1119.0	220	3	0
yecE	272	1448.0	272	0	0
yecC	249	1287.0	250	1	0
yecA	221	1176.0	221	0	0
yheS	637	3367.0	637	0	0
yeiE	293	1536.0	293	0	0
zraR	439	2304.0	441	2	0
ydiF	527	2783.0	531	4	0
rnc	226	1193.0	226	0	0
rnb	643	3421.0	644	1	0
rna	266	1439.0	268	2	0
rng	489	2596.0	489	0	0
gadA	466	2516.0	466	0	0
gadB	466	2519.0	466	0	0
rnd	374	1979.0	375	1	0
gadX	270	1444.0	274	4	0
yliI	369	1947.0	371	2	0
rnr	812	4337.0	813	1	0
gadW	240	1278.0	242	2	0
ilvA	512	2707.0	514	2	0
rnt	214	1146.0	215	1	0
araC	292	1570.0	292	0	0
araA	498	2696.0	500	2	0
araF	329	1735.0	329	0	0
araG	502	2659.0	504	2	0
araD	229	1237.0	231	2	0
araE	472	2461.0	472	0	0
araJ	390	1983.0	394	4	0
araH	327	1648.0	328	1	0
ygeA	229	1204.0	230	1	0
ygeH	458	2440.0	458	0	0
fruK	312	1644.0	312	0	0
ygeV	591	3145.0	592	1	0
cirA	661	3517.0	663	2	0
ygeR	250	1296.0	251	1	0
fruB	376	1936.0	376	0	0
fruA	560	2850.0	563	3	0
ygeY	402	2162.0	403	1	0
ygeX	398	2141.0	398	0	0
rffG	351	1894.0	355	4	0
ypfG	345	1822.0	347	2	0
nuoC	594	3203.0	596	2	0
ypfH	231	1214.0	232	1	0
yjjQ	241	1281.0	241	0	0
rffH	293	1549.0	293	0	0
icd	414	2191.0	416	2	0
nuoF	444	2365.0	445	1	0
yncD	697	3729.0	700	3	0
ribC	213	1132.0	213	0	0
ribB	217	1143.0	217	0	0
ribD	362	1925.0	367	5	0
ribF	313	1628.0	313	0	0
htpX	292	1534.0	293	1	0
yqjI	207	1089.0	207	0	0
pheA	385	2060.0	386	1	0
corA	316	1657.0	316	0	0
yqjA	220	1126.0	220	0	0
yqjG	325	1757.0	328	3	0
pheS	327	1750.0	327	0	0
efeO	374	1979.0	375	1	0
pheP	457	2365.0	458	1	0
pheT	793	4183.0	795	2	0
efeB	421	2253.0	423	2	0
htpG	623	3306.0	624	1	0
ppc	882	4680.0	883	1	0
fhuE	726	3877.0	729	3	0
ppk	688	3640.0	688	0	0
rtcB	408	2214.0	408	0	0
dkgB	267	1405.0	267	0	0
dkgA	275	1454.0	275	0	0
relA	743	3979.0	744	1	0
ppx	512	2735.0	513	1	0
yncG	202	1081.0	205	3	0
pykF	470	2470.0	470	0	0
pykA	479	2502.0	480	1	0
sfmC	229	1199.0	230	1	0
sfmH	323	1713.0	325	2	0
gdhA	445	2388.0	447	2	0
pphA	216	1138.0	218	2	0
ygeW	395	2136.0	396	1	0
mtr	411	2104.0	414	3	0
surA	428	2266.0	428	0	0
truA	267	1437.0	270	3	0
truC	259	1362.0	260	1	0
truB	313	1642.0	314	1	0
truD	347	1833.0	349	2	0
msbA	582	3082.0	582	0	0
dacA	403	2160.0	403	0	0
dacB	476	2546.0	477	1	0
dacC	399	2117.0	400	1	0
dacD	387	2079.0	388	1	0
tesA	208	1095.0	208	0	0
tesB	286	1522.0	286	0	0
rspA	404	2196.0	404	0	0
cyoC	204	1060.0	204	0	0
rspB	335	1779.0	339	4	0
cyoE	296	1520.0	296	0	0
tauD	281	1499.0	283	2	0
phnJ	280	1510.0	281	1	0
shiA	433	2251.0	438	5	0
phnK	251	1304.0	252	1	0
tig	432	2223.0	432	0	0
sdaB	453	2423.0	455	2	0
sdaC	429	2225.0	429	0	0
sdaA	453	2426.0	454	1	0
sbmA	404	2119.0	406	2	0
mltC	357	1911.0	359	2	0
mltB	361	1934.0	361	0	0
mltA	365	1955.0	365	0	0
mltD	451	2394.0	452	1	0
xthA	268	1446.0	268	0	0
fsr	406	2074.0	406	0	0
ypfJ	287	1533.0	287	0	0
aspA	478	2543.0	478	0	0
rhaS	278	1476.0	278	0	0
aspC	396	2128.0	396	0	0
rob	289	1551.0	289	0	0
rhaD	270	1447.0	274	4	0
rhaA	415	2226.0	419	4	0
deaD	628	3255.0	629	1	0
aspS	589	3141.0	590	1	0
yhjH	255	1353.0	255	0	0
yhjK	647	3412.0	649	2	0
yhjJ	495	2613.0	498	3	0
yhjE	440	2234.0	440	0	0
yhjD	334	1763.0	337	3	0
yhjG	686	3588.0	686	0	0
yhjA	464	2506.0	465	1	0
dsdA	441	2354.0	442	1	0
yhjB	200	1070.0	200	0	0
yhjY	230	1215.0	232	2	0
pldA	289	1539.0	289	0	0
pldB	340	1812.0	340	0	0
yjjG	221	1184.0	225	4	0
yhjV	422	2184.0	423	1	0
yahD	201	1048.0	201	0	0
yfbS	610	3142.0	610	0	0
yfbT	215	1119.0	216	1	0
glmU	453	2394.0	456	3	0
glmS	608	3213.0	609	1	0
moeB	246	1297.0	249	3	0
yddW	439	2340.0	439	0	0
moeA	406	2137.0	411	5	0
tap	530	2751.0	533	3	0
cyaA	846	4561.0	848	2	0
glmM	445	2336.0	445	0	0
hdfR	278	1477.0	279	1	0
hscC	551	2930.0	554	3	0
hscA	616	3185.0	616	0	0
melR	302	1644.0	302	0	0
ldcC	713	3862.0	713	0	0
yahK	348	1863.0	349	1	0
yqeF	391	2035.0	393	2	0
melB	468	2441.0	469	1	0
melA	449	2435.0	451	2	0
pmbA	450	2399.0	450	0	0
yadD	296	1579.0	300	4	0
cysM	301	1591.0	303	2	0
cysN	474	2505.0	475	1	0
cysI	568	3041.0	570	2	0
cysH	242	1284.0	244	2	0
cysK	323	1677.0	323	0	0
cysJ	597	3163.0	599	2	0
cysE	273	1453.0	273	0	0
cysD	302	1629.0	302	0	0
cysG	456	2409.0	457	1	0
nlpI	294	1548.0	294	0	0
cysA	364	1916.0	365	1	0
cysC	201	1055.0	201	0	0
cysB	324	1727.0	324	0	0
uxuR	257	1365.0	257	0	0
cysZ	251	1311.0	253	2	0
cysU	277	1411.0	277	0	0
cysW	291	1505.0	291	0	0
cysQ	245	1318.0	246	1	0
cysP	338	1797.0	338	0	0
cysS	460	2490.0	461	1	0
csgD	214	1134.0	216	2	0
pepD	484	2570.0	485	1	0
fbp	332	1771.0	332	0	0
baeR	239	1246.0	240	1	0
baeS	463	2440.0	467	4	0
yicJ	460	2429.0	460	0	0
thrB	309	1652.0	310	1	0
thrC	427	2274.0	428	1	0
thrA	817	4347.0	820	3	0
livG	255	1344.0	255	0	0
livF	236	1249.0	237	1	0
livM	424	2162.0	425	1	0
ppiD	622	3258.0	623	1	0
livK	369	1950.0	369	0	0
livJ	367	1931.0	367	0	0
livH	308	1569.0	308	0	0
yifB	505	2653.0	506	1	0
mscS	286	1444.0	286	0	0
yifK	461	2374.0	461	0	0
ybgF	261	1355.0	263	2	0
xerC	297	1570.0	298	1	0
ybgI	247	1303.0	247	0	0
ybgJ	218	1125.0	218	0	0
ybgK	307	1631.0	310	3	0
xerD	298	1553.0	298	0	0
yihN	419	2181.0	421	2	0
yihO	464	2453.0	467	3	0
yihL	232	1236.0	236	4	0
yihM	326	1730.0	326	0	0
ygfF	243	1279.0	247	4	0
yihG	308	1649.0	310	2	0
ygfI	297	1593.0	298	1	0
ygfM	259	1363.0	259	0	0
mdtC	1022	5346.0	1025	3	0
mdtB	1035	5372.0	1040	5	0
mdtA	413	2145.0	415	2	0
rdgC	303	1594.0	303	0	0
mdtF	1034	5442.0	1037	3	0
mdtE	385	2010.0	385	0	0
mdtK	456	2356.0	457	1	0
focA	285	1491.0	285	0	0
yihT	292	1539.0	292	0	0
mdtH	402	2068.0	402	0	0
yihS	413	2221.0	413	0	0
yihP	456	2396.0	461	5	0
mdtL	389	1990.0	391	2	0
hycD	306	1554.0	307	1	0
hycE	568	3064.0	569	1	0
hycG	253	1347.0	255	2	0
frvB	483	2494.0	483	0	0
hycB	202	1068.0	203	1	0
hycC	604	3065.0	608	4	0
flk	328	1682.0	331	3	0
can	220	1176.0	220	0	0
cdsA	285	1449.0	285	0	0
purR	341	1838.0	341	0	0
purU	278	1478.0	280	2	0
purT	389	2041.0	392	3	0
mpaA	241	1279.0	242	1	0
dxs	618	3295.0	620	2	0
dxr	398	2131.0	398	0	0
purC	237	1246.0	237	0	0
purB	455	2437.0	456	1	0
asmA	616	3245.0	617	1	0
purF	505	2692.0	505	0	0
purD	427	2256.0	429	2	0
purK	350	1867.0	354	4	0
ylaB	511	2721.0	516	5	0
purH	526	2810.0	529	3	0
purN	211	1125.0	212	1	0
purM	344	1809.0	345	1	0
ydcO	388	1947.0	391	3	0
ydcL	221	1182.0	222	1	0
ydcJ	447	2389.0	447	0	0
nemA	364	1917.0	365	1	0
fucA	214	1140.0	215	1	0
ydcF	265	1417.0	266	1	0
fucO	382	2007.0	382	0	0
fucK	471	2522.0	472	1	0
fucI	591	3200.0	591	0	0
fucR	243	1288.0	243	0	0
fucP	438	2290.0	438	0	0
fpr	246	1312.0	248	2	0
feoB	773	4105.0	773	0	0
ydcT	337	1787.0	337	0	0
ydcU	311	1572.0	313	2	0
ydcR	466	2479.0	468	2	0
ydcS	380	2046.0	381	1	0
ydcP	650	3512.0	653	3	0
clcA	473	2428.0	473	0	0
clcB	417	2133.0	418	1	0
cdaR	384	2016.0	385	1	0
cpdA	275	1455.0	275	0	0
cpdB	644	3428.0	647	3	0
talA	316	1691.0	316	0	0
yejF	527	2741.0	529	2	0
talB	317	1672.0	317	0	0
mak	299	1581.0	302	3	0
groL	548	2791.0	548	0	0
spoT	702	3783.0	702	0	0
sucA	933	5066.0	933	0	0
sucC	387	2023.0	388	1	0
sucB	405	2115.0	405	0	0
sucD	289	1476.0	289	0	0
bioB	346	1866.0	346	0	0
yfaT	205	1107.0	207	2	0
torA	844	4562.0	848	4	0
yncE	350	1842.0	353	3	0
torC	390	2119.0	390	0	0
yfaQ	547	2918.0	549	2	0
pncB	399	2143.0	400	1	0
pncA	211	1127.0	213	2	0
yfaY	398	2113.0	400	2	0
torR	229	1195.0	230	1	0
uvrD	719	3866.0	720	1	0
torY	361	1955.0	366	5	0
uvrB	673	3531.0	673	0	0
uvrA	940	5017.0	940	0	0
ycaO	584	3123.0	586	2	0
ycaN	299	1602.0	302	3	0
ycaM	476	2489.0	476	0	0
ycaL	253	1331.0	254	1	0
cutC	248	1317.0	248	0	0
ulaD	216	1132.0	216	0	0
ulaE	281	1507.0	284	3	0
ulaF	224	1205.0	228	4	0
ulaG	354	1911.0	354	0	0
ycaC	206	1104.0	208	2	0
ulaA	464	2411.0	465	1	0
tktB	665	3570.0	667	2	0
tktA	663	3560.0	663	0	0
ytfT	336	1664.0	340	4	0
ulaR	251	1336.0	251	0	0
ycaP	230	1218.0	230	0	0
exoX	220	1185.0	220	0	0
pabC	265	1416.0	269	4	0
djlA	270	1443.0	271	1	0
yghB	219	1135.0	219	0	0
cobS	244	1223.0	247	3	0
treA	562	3034.0	565	3	0
ytfQ	316	1659.0	318	2	0
cobB	236	1271.0	236	0	0
cobB	6	29.0	9	3	0
cytR	341	1820.0	341	0	0
nupC	400	2032.0	400	0	0
gapA	331	1748.0	331	0	0
nrdB	375	2023.0	376	1	0
nrdD	712	3857.0	712	0	0
nrdF	318	1699.0	319	1	0
yeaM	270	1444.0	273	3	0
yeaN	391	1969.0	393	2	0
rhtB	206	1047.0	206	0	0
rhtC	205	1057.0	206	1	0
rhtA	294	1470.0	295	1	0
ytfE	219	1169.0	220	1	0
yeaW	373	2032.0	374	1	0
yeaV	481	2507.0	481	0	0
yeaP	340	1826.0	341	1	0
ytfB	212	1103.0	212	0	0
ytfL	446	2354.0	447	1	0
yeaX	318	1710.0	321	3	0
xdhA	751	4032.0	752	1	0
yjiY	714	3716.0	716	2	0
argP	297	1568.0	297	0	0
argS	575	3086.0	577	2	0
argH	454	2399.0	456	2	0
argI	332	1787.0	334	2	0
yjiH	227	1152.0	227	0	0
argK	329	1755.0	331	2	0
yjiN	423	2198.0	426	3	0
argO	207	1068.0	211	4	0
carB	1071	5702.0	1073	2	0
argA	442	2350.0	443	1	0
argB	257	1318.0	257	0	0
argC	334	1774.0	334	0	0
argD	404	2147.0	406	2	0
argE	382	2044.0	383	1	0
argG	446	2398.0	447	1	0
yggM	334	1780.0	335	1	0
tyrS	423	2271.0	424	1	0
yggN	239	1266.0	239	0	0
yiiM	224	1203.0	224	0	0
iaaA	320	1670.0	321	1	0
yggF	319	1681.0	321	2	0
citT	487	2500.0	487	0	0
yiiD	329	1767.0	329	0	0
sstT	414	2116.0	414	0	0
ilvE	309	1656.0	309	0	0
citA	551	2922.0	552	1	0
citB	226	1200.0	226	0	0
citC	351	1894.0	352	1	0
citE	302	1574.0	302	0	0
citF	509	2704.0	510	1	0
citG	292	1532.0	292	0	0
degP	473	2440.0	474	1	0
degQ	455	2300.0	455	0	0
frwC	359	1831.0	359	0	0
degS	355	1809.0	355	0	0
hybC	567	3047.0	567	0	0
hybB	391	2023.0	392	1	0
hybA	328	1758.0	328	0	0
yphH	396	2114.0	397	1	0
hybO	372	1984.0	372	0	0
accD	304	1603.0	304	0	0
fmt	313	1649.0	315	2	0
yphD	330	1622.0	332	2	0
accA	319	1672.0	319	0	0
yphB	289	1549.0	290	1	0
accC	447	2379.0	449	2	0
iap	343	1844.0	345	2	0
serS	430	2303.0	430	0	0
pnp	708	3711.0	711	3	0
yphE	502	2625.0	503	1	0
serB	322	1696.0	322	0	0
serC	361	1935.0	362	1	0
serA	410	2169.0	410	0	0
treF	548	2923.0	549	1	0
copA	829	4329.0	834	5	0
tyrB	394	2100.0	397	3	0
tyrA	371	1957.0	373	2	0
yqhG	307	1646.0	308	1	0
yqhD	386	2050.0	387	1	0
aroC	360	1903.0	361	1	0
yqhC	316	1678.0	318	2	0
yhiM	350	1790.0	350	0	0
yheT	337	1829.0	340	3	0
prc	680	3597.0	682	2	0
aroH	347	1871.0	348	1	0
gyrB	804	4316.0	804	0	0
hslU	441	2321.0	443	2	0
gyrA	875	4583.0	875	0	0
sohB	349	1851.0	349	0	0
yigE	249	1336.0	254	5	0
brnQ	439	2230.0	439	0	0
yigB	238	1269.0	238	0	0
yigA	235	1223.0	235	0	0
betT	677	3580.0	677	0	0
yigM	299	1553.0	299	0	0
yigL	264	1417.0	266	2	0
mrp	369	1964.0	369	0	0
betA	554	2999.0	556	2	0
ykgE	237	1261.0	239	2	0
ybfF	253	1328.0	254	1	0
ykgG	226	1178.0	231	5	0
ykgF	471	2551.0	475	4	0
yigZ	203	1067.0	204	1	0
grxB	215	1138.0	215	0	0
ynfL	296	1549.0	297	1	0
ugpE	279	1439.0	281	2	0
hcaT	377	1921.0	379	2	0
leuD	201	1075.0	201	0	0
leuB	363	1930.0	363	0	0
leuC	466	2497.0	466	0	0
hcaR	295	1552.0	296	1	0
leuA	522	2790.0	523	1	0
leuO	313	1683.0	314	1	0
asnS	466	2491.0	466	0	0
hcaE	453	2451.0	453	0	0
leuS	858	4639.0	860	2	0
hcaB	268	1414.0	270	2	0
osmY	201	1010.0	201	0	0
asnB	551	2985.0	554	3	0
asnA	328	1725.0	330	2	0
tsgA	393	2038.0	393	0	0
ydbC	284	1498.0	286	2	0
hisD	429	2264.0	434	5	0
hisF	256	1352.0	258	2	0
hisG	299	1565.0	299	0	0
hisA	245	1261.0	245	0	0
hisB	352	1895.0	355	3	0
hisC	356	1881.0	356	0	0
hisM	238	1240.0	238	0	0
hisJ	260	1371.0	260	0	0
hisP	256	1347.0	257	1	0
hisQ	227	1158.0	228	1	0
hisS	424	2252.0	424	0	0
ypdA	565	2985.0	565	0	0
inaA	214	1148.0	216	2	0
manX	323	1681.0	323	0	0
manY	266	1345.0	266	0	0
yajR	449	2329.0	454	5	0
tus	307	1619.0	309	2	0
manA	388	2049.0	391	3	0
ccmH	347	1842.0	350	3	0
yajO	323	1723.0	324	1	0
ccmF	646	3320.0	647	1	0
ccmA	205	1067.0	207	2	0
ccmC	245	1256.0	245	0	0
ccmB	220	1066.0	220	0	0
lpxH	238	1270.0	240	2	0
yoaA	634	3353.0	636	2	0
csiR	218	1143.0	220	2	0
lpxL	306	1629.0	306	0	0
lpxM	323	1728.0	323	0	0
ycbL	214	1133.0	215	1	0
lpxA	262	1374.0	262	0	0
lpxB	380	2011.0	382	2	0
lpxC	305	1635.0	305	0	0
lpxD	341	1788.0	341	0	0
ycbZ	585	3104.0	586	1	0
ycbX	366	1964.0	369	3	0
glcD	499	2613.0	499	0	0
glcF	405	2147.0	407	2	0
cycA	469	2439.0	470	1	0
glcC	254	1334.0	254	0	0
artQ	238	1224.0	238	0	0
artP	242	1295.0	242	0	0
marC	221	1129.0	221	0	0
acrB	1048	5529.0	1049	1	0
rluD	325	1716.0	326	1	0
acrA	397	2060.0	397	0	0
rluA	219	1173.0	219	0	0
rluC	319	1676.0	319	0	0
rluB	289	1503.0	289	0	0
artI	243	1293.0	243	0	0
artJ	242	1294.0	243	1	0
artM	222	1139.0	222	0	0
helD	683	3637.0	684	1	0
polB	779	4194.0	783	4	0
polA	928	4927.0	928	0	0
yqiK	548	2815.0	553	5	0
yqiJ	207	1083.0	209	2	0
ecpD	543	2905.0	547	4	0
ycbJ	297	1579.0	297	0	0
lpxK	327	1706.0	328	1	0
nusA	495	2571.0	495	0	0
hda	232	1216.0	233	1	0
pepN	867	4682.0	870	3	0
pepA	503	2694.0	503	0	0
ycbF	233	1211.0	236	3	0
pepB	425	2264.0	427	2	0
pepE	229	1196.0	229	0	0
rbsK	309	1590.0	309	0	0
mqo	546	2910.0	548	2	0
cyoA	314	1682.0	315	1	0
emtA	202	1074.0	203	1	0
pepQ	441	2378.0	443	2	0
pepT	405	2171.0	408	3	0
yidC	547	2921.0	548	1	0
cyoB	663	3462.0	663	0	0
ybeZ	345	1817.0	346	1	0
ybeX	292	1517.0	292	0	0
yidE	553	2827.0	553	0	0
yidJ	493	2688.0	497	4	0
yidK	569	2954.0	571	2	0
ybeU	232	1254.0	235	3	0
yidL	297	1610.0	297	0	0
ybeQ	321	1706.0	325	4	0
yidR	399	2136.0	404	5	0
rbsA	500	2626.0	501	1	0
yidP	238	1250.0	238	0	0
ybeF	317	1680.0	317	0	0
yidX	217	1163.0	218	1	0
lsrK	529	2818.0	530	1	0
chaC	228	1205.0	231	3	0
kdgT	327	1640.0	327	0	0
kdgR	261	1374.0	263	2	0
kdgK	308	1646.0	309	1	0
hyaB	597	3220.0	597	0	0
hyaC	235	1243.0	235	0	0
hyaA	371	2008.0	372	1	0
ssuA	316	1653.0	319	3	0
ssuC	263	1314.0	263	0	0
fimB	200	1070.0	200	0	0
fimC	239	1260.0	241	2	0
fimH	299	1536.0	300	1	0
cca	409	2173.0	412	3	0
acrR	215	1146.0	215	0	0
ygbM	254	1352.0	258	4	0
fumA	548	2944.0	548	0	0
fumB	547	2942.0	548	1	0
fumC	466	2488.0	467	1	0
amn	484	2590.0	484	0	0
psd	322	1714.0	322	0	0
acrF	1030	5423.0	1034	4	0
acrD	1036	5505.0	1037	1	0
ynaI	343	1806.0	343	0	0
acrE	385	2028.0	385	0	0
zwf	490	2635.0	491	1	0
yccT	220	1153.0	220	0	0
yccS	714	3790.0	717	3	0
yccA	219	1097.0	219	0	0
yccM	353	1873.0	357	4	0
cydA	522	2758.0	522	0	0
cydB	379	1976.0	379	0	0
cydC	569	2941.0	573	4	0
cydD	587	3045.0	588	1	0
tdk	204	1088.0	205	1	0
ushA	549	2946.0	550	1	0
tdh	340	1809.0	341	1	0
rmuC	474	2503.0	475	1	0
acs	652	3501.0	652	0	0
lolC	399	2053.0	399	0	0
mngR	239	1263.0	240	1	0
mngA	656	3439.0	658	2	0
ybiV	269	1436.0	271	2	0
ybiW	806	4354.0	810	4	0
garL	255	1340.0	256	1	0
garK	378	1964.0	381	3	0
nrfD	318	1599.0	318	0	0
dapF	274	1458.0	274	0	0
lon	784	4136.0	784	0	0
nrfC	223	1189.0	223	0	0
nrfA	478	2596.0	478	0	0
yegS	295	1548.0	299	4	0
yegQ	452	2454.0	453	1	0
yegW	248	1317.0	248	0	0
yegV	318	1656.0	321	3	0
yegU	332	1747.0	334	2	0
yegT	425	2210.0	425	0	0
yegX	269	1444.0	272	3	0
garR	294	1512.0	294	0	0
ybiX	223	1195.0	225	2	0
garP	444	2318.0	444	0	0
ltaE	331	1763.0	333	2	0
hsrA	473	2442.0	475	2	0
cbl	312	1635.0	316	4	0
ygaZ	244	1255.0	245	1	0
yafS	237	1261.0	240	3	0
aceK	577	3100.0	578	1	0
aceA	434	2333.0	434	0	0
aceF	630	3204.0	630	0	0
aceE	887	4780.0	887	0	0
ypjD	263	1365.0	263	0	0
rihC	301	1595.0	304	3	0
rihB	311	1652.0	313	2	0
rihA	309	1641.0	311	2	0
lysA	420	2233.0	420	0	0
lysC	446	2321.0	449	3	0
lysP	489	2537.0	489	0	0
lysR	309	1607.0	311	2	0
lysS	504	2683.0	505	1	0
lysU	505	2685.0	505	0	0
ansP	498	2599.0	499	1	0
ansA	337	1799.0	338	1	0
ansB	346	1810.0	348	2	0
yqfA	219	1106.0	219	0	0
uxaB	482	2566.0	483	1	0
norW	374	1976.0	377	3	0
norV	476	2593.0	479	3	0
yciV	292	1559.0	293	1	0
pta	714	3783.0	714	0	0
alx	321	1641.0	321	0	0
alr	357	1894.0	359	2	0
lacI	358	1877.0	360	2	0
rhaR	279	1515.0	282	3	0
ileS	938	5036.0	938	0	0
lacY	416	2143.0	417	1	0
yjfF	330	1657.0	331	1	0
mpl	455	2430.0	457	2	0
sanA	238	1261.0	239	1	0
atpB	271	1385.0	271	0	0
atpA	513	2699.0	513	0	0
atpG	287	1528.0	287	0	0
pfkB	307	1608.0	309	2	0
pfkA	320	1678.0	320	0	0
atpD	460	2410.0	460	0	0
tnaA	471	2539.0	471	0	0
yieL	385	2046.0	389	4	0
hemH	318	1699.0	320	2	0
tnaB	413	2114.0	415	2	0
hemN	457	2458.0	457	0	0
yieH	220	1189.0	221	1	0
hemL	423	2235.0	426	3	0
hemB	324	1720.0	324	0	0
hemC	311	1606.0	313	2	0
hemA	416	2183.0	418	2	0
hemF	296	1595.0	299	3	0
hemD	244	1280.0	246	2	0
hemE	354	1894.0	354	0	0
ybdH	357	1887.0	362	5	0
hemX	391	1992.0	407	16	0
hemY	398	2084.0	398	0	0
ybdL	383	2053.0	386	3	0
ybdO	297	1568.0	300	3	0
mppA	537	2869.0	537	0	0
yceA	349	1887.0	350	1	0
yieP	229	1237.0	230	1	0
ybdG	414	2174.0	415	1	0
nanA	297	1575.0	297	0	0
nanE	229	1182.0	229	0	0
sbp	328	1737.0	329	1	0
yciO	206	1093.0	206	0	0
cueO	513	2740.0	516	3	0
nanR	263	1385.0	263	0	0
nanT	495	2561.0	496	1	0
yggE	246	1279.0	246	0	0
ydcK	321	1692.0	326	5	0
dgoD	382	2029.0	382	0	0
dgoA	204	1056.0	205	1	0
trmA	366	1982.0	366	0	0
trmD	255	1351.0	255	0	0
sbcD	400	2136.0	400	0	0
trmH	229	1227.0	229	0	0
dgoT	429	2224.0	430	1	0
dgoR	229	1216.0	229	0	0
ggt	577	3053.0	580	3	0
ybjT	476	2519.0	476	0	0
ybjS	337	1824.0	337	0	0
ybjX	328	1759.0	330	2	0
ybjE	299	1505.0	299	0	0
ybjD	550	2905.0	552	2	0
ybjL	561	2901.0	561	0	0
ybjJ	401	2036.0	402	1	0
ybjI	269	1427.0	271	2	0
ylbE	418	2212.0	419	1	0
ylbF	266	1396.0	271	5	0
frlR	243	1306.0	243	0	0
yjjW	284	1511.0	287	3	0
fklB	206	1063.0	206	0	0
valS	950	5100.0	951	1	0
yjjU	357	1902.0	357	0	0
astA	343	1853.0	344	1	0
astB	444	2353.0	447	3	0
astC	406	2163.0	406	0	0
astE	322	1703.0	322	0	0
yhjC	297	1569.0	299	2	0
yjjP	255	1347.0	256	1	0
avtA	414	2209.0	417	3	0
pntB	462	2397.0	462	0	0
pntA	508	2676.0	510	2	0
aphA	236	1257.0	237	1	0
yhjX	396	2036.0	399	3	0
tauB	253	1317.0	255	2	0
tpiA	255	1335.0	255	0	0
tauA	318	1646.0	320	2	0
malZ	601	3234.0	604	3	0
yjjI	515	2778.0	516	1	0
malX	528	2748.0	530	2	0
malY	386	2091.0	390	4	0
malT	898	4753.0	901	3	0
malP	797	4281.0	797	0	0
malQ	692	3726.0	694	2	0
malM	305	1574.0	306	1	0
malK	371	1956.0	371	0	0
malI	341	1793.0	342	1	0
malF	514	2696.0	514	0	0
basR	221	1155.0	222	1	0
malE	396	2072.0	396	0	0
basS	361	1889.0	363	2	0
eutJ	277	1467.0	278	1	0
yahG	469	2501.0	472	3	0
eutH	408	2056.0	408	0	0
yahB	307	1649.0	310	3	0
eutL	214	1120.0	219	5	0
eutB	453	2423.0	453	0	0
eutC	294	1547.0	295	1	0
der	490	2585.0	490	0	0
eutA	462	2402.0	467	5	0
yahJ	455	2453.0	460	5	0
eutG	391	2051.0	395	4	0
eutE	464	2412.0	467	3	0
ispU	253	1353.0	253	0	0
csgG	277	1470.0	277	0	0
eutQ	232	1232.0	233	1	0
eutT	267	1402.0	267	0	0
actP	548	2824.0	549	1	0
yceH	214	1128.0	215	1	0
yeiB	383	1956.0	385	2	0
yeaE	279	1484.0	284	5	0
sseA	281	1467.0	281	0	0
ybbA	228	1168.0	228	0	0
sseB	256	1332.0	258	2	0
mntH	412	2107.0	412	0	0
mgtA	897	4782.0	898	1	0
yqgA	234	1169.0	235	1	0
mtgA	242	1272.0	242	0	0
secA	901	4820.0	901	0	0
yahN	221	1140.0	223	2	0
ilvY	293	1563.0	296	3	0
secD	615	3200.0	615	0	0
secF	323	1684.0	323	0	0
recR	201	1063.0	201	0	0
yidA	270	1431.0	270	0	0
ilvI	572	3061.0	574	2	0
coaE	205	1068.0	206	1	0
ilvD	614	3274.0	616	2	0
coaA	316	1681.0	316	0	0
ilvC	488	2614.0	491	3	0
ilvB	560	2980.0	562	2	0
ispG	371	1936.0	372	1	0
yedJ	227	1193.0	231	4	0
yedI	303	1513.0	305	2	0
yedE	400	2062.0	401	1	0
yedA	305	1506.0	306	1	0
yedZ	210	1057.0	211	1	0
yedW	221	1152.0	223	2	0
yedP	267	1414.0	271	4	0
yedQ	560	3003.0	564	4	0
emrY	511	2642.0	512	1	0
allD	347	1867.0	349	2	0
allC	407	2212.0	411	4	0
allB	449	2411.0	453	4	0
poxB	569	3050.0	572	3	0
ugpA	294	1501.0	295	1	0
ugpB	438	2351.0	438	0	0
ugpC	355	1871.0	356	1	0
emrK	385	2046.0	387	2	0
allR	271	1421.0	271	0	0
ffh	452	2348.0	453	1	0
emrA	389	2042.0	390	1	0
emrB	511	2653.0	512	1	0
emrD	394	2001.0	394	0	0
yibH	378	1990.0	378	0	0
pcnB	463	2472.0	465	2	0
yeaD	291	1563.0	294	3	0
hyfD	448	2299.0	449	1	0
ydiO	383	2077.0	383	0	0
yibF	202	1059.0	202	0	0
panC	283	1486.0	283	0	0
pck	540	2901.0	540	0	0
panF	483	2460.0	483	0	0
panE	300	1601.0	303	3	0
pcm	208	1083.0	208	0	0
yibQ	316	1683.0	319	3	0
yejE	340	1752.0	341	1	0
lsrC	340	1713.0	342	2	0
lsrB	338	1787.0	340	2	0
lsrD	330	1647.0	330	0	0
yejB	363	1868.0	364	1	0
lsrF	288	1554.0	291	3	0
cvrA	573	2932.0	578	5	0
yejM	585	3108.0	586	1	0
rbsC	321	1605.0	321	0	0
rbsB	295	1506.0	296	1	0
yejH	581	3113.0	586	5	0
yejK	334	1767.0	335	1	0
yidZ	315	1670.0	319	4	0
lsrR	315	1646.0	317	2	0
pspA	222	1113.0	222	0	0
ygbN	452	2252.0	454	2	0
ygbL	212	1129.0	212	0	0
rbsR	329	1759.0	330	1	0
ygbJ	301	1548.0	302	1	0
ygbK	381	2013.0	384	3	0
ygbI	252	1331.0	255	3	0
dedD	220	1099.0	220	0	0
dapA	292	1552.0	292	0	0
lolB	207	1095.0	207	0	0
lolA	203	1074.0	203	0	0
dapB	272	1404.0	273	1	0
dapE	375	2007.0	375	0	0
dapD	274	1444.0	274	0	0
lolE	413	2153.0	414	1	0
lolD	233	1220.0	233	0	0
mdlB	590	3076.0	593	3	0
mdlA	588	3119.0	590	2	0
ybiY	298	1597.0	299	1	0
ybiB	320	1703.0	320	0	0
ybiC	359	1910.0	361	2	0
yahI	312	1647.0	316	4	0
ybiH	223	1188.0	223	0	0
ybiO	739	3883.0	741	2	0
setB	391	2038.0	393	2	0
ydhF	297	1582.0	298	1	0
frlA	445	2293.0	445	0	0
frlB	340	1826.0	340	0	0
frlC	275	1473.0	276	1	0
frlD	259	1384.0	261	2	0
cpxR	232	1202.0	232	0	0
oppA	540	2886.0	543	3	0
oppC	302	1545.0	302	0	0
oppB	306	1578.0	306	0	0
oppD	335	1773.0	337	2	0
asd	367	1946.0	367	0	0
gph	249	1307.0	252	3	0
cpxA	457	2393.0	457	0	0
dinB	351	1867.0	351	0	0
recJ	573	3005.0	577	4	0
ydcV	263	1334.0	264	1	0
recN	553	2925.0	553	0	0
recO	241	1265.0	242	1	0
recC	1119	5936.0	1122	3	0
recA	353	1851.0	353	0	0
recF	357	1899.0	357	0	0
recD	607	3212.0	608	1	0
ybcF	293	1526.0	297	4	0
ispH	315	1660.0	316	1	0
ispD	236	1248.0	236	0	0
ispE	282	1493.0	283	1	0
recQ	608	3264.0	609	1	0
ispA	298	1550.0	299	1	0
ispB	323	1708.0	323	0	0
ydiK	370	1850.0	370	0	0
ydiM	399	2077.0	404	5	0
ydiN	419	2152.0	421	2	0
elbB	215	1120.0	217	2	0
pspF	324	1713.0	325	1	0
ydiB	287	1532.0	288	1	0
moaA	327	1755.0	329	2	0
ydiY	251	1327.0	252	1	0
ydiP	303	1639.0	303	0	0
ydiQ	254	1312.0	254	0	0
ydiR	310	1651.0	312	2	0
ydiS	425	2254.0	429	4	0
ydiV	233	1239.0	237	4	0
dinG	713	3799.0	716	3	0
dinF	454	2291.0	459	5	0
yaiC	369	1956.0	371	2	0
guaD	437	2375.0	439	2	0
guaC	347	1850.0	347	0	0
guaB	488	2547.0	488	0	0
guaA	524	2797.0	525	1	0
yaiP	397	2121.0	398	1	0
dfp	405	2134.0	406	1	0
yaiO	255	1341.0	257	2	0
cadA	715	3874.0	715	0	0
cadB	444	2295.0	444	0	0
gntX	224	1156.0	227	3	0
yceG	339	1797.0	340	1	0
yaiW	361	1930.0	364	3	0
yaiV	206	1097.0	207	1	0
gntR	329	1739.0	331	2	0
csdA	399	2123.0	401	2	0
gpp	493	2604.0	494	1	0
gntU	446	2260.0	446	0	0
gntT	438	2214.0	438	0	0
lexA	202	1047.0	202	0	0
hyaF	285	1491.0	285	0	0
ubiD	497	2660.0	497	0	0
sapC	296	1509.0	296	0	0
ubiB	546	2887.0	546	0	0
ubiA	289	1503.0	290	1	0
parE	630	3379.0	630	0	0
gntP	447	2251.0	447	0	0
parC	752	3986.0	752	0	0
aat	234	1251.0	234	0	0
nhaB	513	2664.0	513	0	0
aas	716	3803.0	719	3	0
ascG	335	1779.0	336	1	0
ascF	481	2477.0	485	4	0
miaA	316	1657.0	316	0	0
miaB	474	2544.0	474	0	0
selD	345	1819.0	347	2	0
selA	463	2426.0	463	0	0
selB	612	3225.0	614	2	0
ptrB	684	3690.0	686	2	0
rsgA	348	1865.0	350	2	0
galT	345	1870.0	348	3	0
galU	302	1592.0	302	0	0
galP	464	2425.0	464	0	0
galR	341	1820.0	343	2	0
galS	344	1832.0	346	2	0
yeeA	352	1855.0	352	0	0
tatD	259	1379.0	260	1	0
yeeY	309	1626.0	309	0	0
galE	337	1812.0	338	1	0
yeeZ	272	1439.0	274	2	0
galM	346	1856.0	346	0	0
rbbA	907	4815.0	911	4	0
treB	471	2445.0	473	2	0
gabT	423	2244.0	426	3	0
gabP	465	2399.0	466	1	0
rho	419	2213.0	419	0	0
puuE	418	2215.0	421	3	0
pnuC	239	1232.0	239	0	0
hofC	397	2074.0	400	3	0
hofB	459	2411.0	461	2	0
yhaM	434	2269.0	436	2	0
yhaO	422	2185.0	422	0	0
macB	644	3387.0	648	4	0
macA	369	1900.0	371	2	0
yhaK	232	1242.0	233	1	0
hofQ	412	2126.0	412	0	0
queA	355	1875.0	356	1	0
prpD	482	2597.0	483	1	0
prpE	626	3341.0	628	2	0
prpB	295	1558.0	296	1	0
prpC	387	2081.0	389	2	0
ygcW	259	1378.0	261	2	0
queF	279	1503.0	282	3	0
rtn	516	2755.0	518	2	0
cdh	246	1325.0	251	5	0
ugd	385	2039.0	388	3	0
prpR	524	2771.0	528	4	0
ubiG	238	1277.0	240	2	0
mfd	1145	6096.0	1148	3	0
clpX	424	2223.0	424	0	0
hyfI	248	1321.0	251	3	0
ubiE	251	1344.0	251	0	0
hyfC	310	1567.0	315	5	0
clpP	207	1107.0	207	0	0
hyfA	200	1051.0	205	5	0
gshA	517	2778.0	518	1	0
hyfG	534	2841.0	555	21	0
hyfE	216	1103.0	216	0	0
sspA	212	1124.0	212	0	0
clpA	758	4021.0	758	0	0
clpB	857	4487.0	857	0	0
ssnA	437	2353.0	442	5	0
tatC	258	1341.0	258	0	0
plsY	205	1055.0	205	0	0
plsX	355	1847.0	356	1	0
hrpA	1276	6791.0	1281	5	0
plsC	244	1308.0	245	1	0
plsB	807	4313.0	807	0	0
rpiA	219	1130.0	219	0	0
yeeN	237	1236.0	238	1	0
hypE	319	1655.0	322	3	0
hypD	372	2002.0	373	1	0
ldhA	328	1755.0	329	1	0
hypB	290	1556.0	290	0	0
fsaB	218	1143.0	220	2	0
yjcE	548	2796.0	549	1	0
crp	210	1121.0	210	0	0
fsaA	218	1123.0	220	2	0
yjcC	527	2831.0	528	1	0
yjcO	229	1209.0	229	0	0
yjcZ	288	1516.0	292	4	0
oxc	563	2997.0	564	1	0
frmA	367	1947.0	369	2	0
nlpA	272	1431.0	272	0	0
uxuA	392	2113.0	394	2	0
nlpD	379	1977.0	379	0	0
thyA	264	1430.0	264	0	0
nlpE	233	1251.0	236	3	0
barA	918	4877.0	918	0	0
cbpA	305	1627.0	306	1	0
gmk	207	1100.0	207	0	0
uup	634	3359.0	635	1	0
mhpR	273	1437.0	277	4	0
yicI	769	4177.0	772	3	0
yafV	252	1353.0	255	3	0
mhpT	401	1977.0	403	2	0
yicC	286	1480.0	287	1	0
yicG	205	1031.0	205	0	0
solA	368	1980.0	372	4	0
mhpC	286	1528.0	288	2	0
mhpB	313	1661.0	314	1	0
mhpF	316	1656.0	316	0	0
mhpE	337	1781.0	337	0	0
mhpD	264	1398.0	269	5	0
yicR	220	1163.0	222	2	0
fdhF	715	3869.0	715	0	0
fdhD	277	1478.0	277	0	0
fdhE	306	1636.0	309	3	0
tgt	375	2010.0	375	0	0
napG	231	1217.0	231	0	0
napC	200	1097.0	200	0	0
napA	826	4476.0	828	2	0
napH	286	1499.0	287	1	0
sppA	614	3265.0	618	4	0
secY	443	2292.0	443	0	0
ravA	497	2615.0	498	1	0
suhB	267	1412.0	267	0	0
ybhP	253	1358.0	253	0	0
ybhS	377	1960.0	377	0	0
ybhR	368	1926.0	368	0	0
ybhL	234	1186.0	234	0	0
ybhN	318	1631.0	318	0	0
ybhI	477	2397.0	477	0	1
ybhH	350	1842.0	350	0	0
ybhK	302	1565.0	302	0	0
ybhJ	751	4042.0	753	2	0
ybhD	315	1689.0	317	2	0
ybhG	330	1728.0	332	2	0
ybhF	576	3066.0	578	2	0
ybhA	271	1456.0	272	1	0
ybhC	425	2252.0	427	2	0
tdcE	764	4121.0	764	0	0
tdcD	401	2120.0	402	1	0
tdcG	453	2406.0	454	1	0
tdcA	311	1643.0	312	1	0
tdcC	442	2306.0	443	1	0
tdcB	329	1727.0	329	0	0
rutR	210	1111.0	212	2	0
glgB	728	3900.0	728	0	0
glgC	431	2320.0	431	0	0
rsxE	230	1186.0	231	1	0
rsxD	350	1787.0	352	2	0
rsxG	205	1081.0	206	1	0
glgP	815	4392.0	815	0	0
rutB	228	1216.0	230	2	0
rutA	380	2053.0	382	2	0
rutG	439	2223.0	442	3	0
wcaK	423	2271.0	426	3	0
rutD	265	1397.0	266	1	0
glgX	656	3513.0	657	1	0
wcaD	404	2058.0	405	1	0
wcaA	278	1512.0	279	1	0
wcaC	402	2181.0	405	3	0
motA	295	1532.0	295	0	0
motB	307	1622.0	308	1	0
dsbA	208	1106.0	208	0	0
dsbC	236	1258.0	236	0	0
dsbG	248	1313.0	248	0	0
ydhJ	280	1489.0	285	5	0
ampH	385	2057.0	385	0	0
ydhC	402	2066.0	403	1	0
ydhB	310	1650.0	310	0	0
pssA	451	2394.0	451	0	0
ampG	489	2495.0	491	2	0
ampE	284	1477.0	284	0	0
ydhY	208	1098.0	208	0	0
ydhX	221	1196.0	222	1	0
ebgR	326	1725.0	327	1	0
ydhS	530	2837.0	534	4	0
ydhQ	414	2109.0	418	4	0
ydhP	389	1941.0	389	0	0
ydhV	699	3794.0	700	1	0
ydhU	258	1362.0	261	3	0
ydhT	266	1400.0	270	4	0
chbF	445	2375.0	450	5	0
gss	619	3335.0	619	0	0
chbC	452	2295.0	452	0	0
yeeO	493	2529.0	495	2	0
yeeO	11	33.0	47	36	0
yafJ	254	1380.0	255	1	0
yafK	246	1316.0	246	0	0
yafD	266	1415.0	266	0	0
mipA	248	1301.0	248	0	0
yafC	303	1598.0	304	1	0
flgA	217	1114.0	219	2	0
flgG	260	1343.0	260	0	0
flgF	247	1276.0	251	4	0
ycfH	265	1396.0	265	0	0
flgD	231	1158.0	231	0	0
flgK	545	2816.0	547	2	0
flgJ	313	1666.0	313	0	0
gsk	434	2357.0	434	0	0
flgH	232	1214.0	232	0	0
lptB	241	1248.0	241	0	0
flgL	312	1633.0	317	5	0
kduI	275	1491.0	278	3	0
dhaK	354	1883.0	356	2	0
yeeE	347	1780.0	352	5	0
kduD	252	1323.0	253	1	0
dhaL	208	1103.0	210	2	0
dhaR	634	3374.0	639	5	0
yjbG	242	1250.0	245	3	0
yjbF	209	1107.0	212	3	0
yjbB	543	2819.0	543	0	0
mreB	347	1796.0	347	0	0
mreC	366	1897.0	367	1	0
yjbM	233	1234.0	235	2	0
yjbH	696	3728.0	698	2	0
yhhQ	220	1136.0	221	1	0
ptsP	747	3924.0	748	1	0
ptsI	574	3008.0	575	1	0
ychE	215	1098.0	215	0	0
ychF	363	1916.0	363	0	0
ychA	269	1403.0	269	0	0
ptsG	477	2478.0	477	0	0
dppA	535	2889.0	535	0	0
dppB	338	1731.0	339	1	0
dppC	300	1535.0	300	0	0
dppD	326	1727.0	327	1	0
dppF	332	1765.0	334	2	0
uhpT	463	2412.0	463	0	0
nuoB	220	1181.0	220	0	0
fhuD	293	1541.0	296	3	0
fhuA	747	4004.0	747	0	0
nuoG	905	4898.0	908	3	0
fhuC	264	1389.0	265	1	0
uhpC	437	2271.0	439	2	0
uhpB	499	2563.0	500	1	0
nuoH	325	1687.0	325	0	0
galK	382	2045.0	382	0	0
nuoN	485	2445.0	485	0	0
nuoL	612	3148.0	613	1	0
nuoM	509	2622.0	509	0	0
proY	457	2357.0	457	0	0
proX	329	1759.0	330	1	0
proW	352	1773.0	354	2	0
proV	400	2088.0	400	0	0
proS	570	3026.0	572	2	0
proP	497	2616.0	500	3	0
phnF	241	1284.0	241	0	0
phnD	338	1778.0	338	0	0
phnC	259	1377.0	262	3	0
phnL	224	1178.0	226	2	0
proC	269	1405.0	269	0	0
proB	367	1908.0	367	0	0
proA	415	2176.0	417	2	0
phnI	351	1844.0	354	3	0
lipA	321	1727.0	321	0	0
lipB	213	1140.0	213	0	0
bacA	272	1398.0	273	1	0
bcsZ	367	1954.0	368	1	0
thrS	641	3479.0	642	1	0
bcsA	872	4671.0	872	0	1
bcsB	774	4108.0	779	5	0
bcsC	1152	6088.0	1157	5	0
bcsE	522	2781.0	523	1	0
bcsG	556	2966.0	559	3	0
yehC	223	1154.0	224	1	0
yqeG	409	2119.0	409	0	0
yehA	340	1783.0	344	4	0
yqeA	310	1626.0	310	0	0
yqeC	255	1355.0	256	1	0
yqeB	541	2837.0	541	0	0
yobB	218	1157.0	218	0	0
yqeH	209	1128.0	210	1	0
yehL	359	1909.0	362	3	0
yehP	374	1968.0	378	4	0
yehW	241	1192.0	243	2	0
yehT	239	1253.0	239	0	0
yehU	561	2990.0	561	0	0
yehX	304	1585.0	308	4	0
yehY	384	1918.0	385	1	0
ycdX	244	1301.0	245	1	0
pbpG	309	1643.0	310	1	0
pbpC	765	3986.0	770	5	0
lldP	550	2812.0	551	1	0
bioC	246	1297.0	251	5	0
lldR	257	1362.0	258	1	0
bioD	222	1176.0	225	3	0
bioH	255	1347.0	256	1	0
lldD	395	2080.0	396	1	0
yhfT	433	2212.0	434	1	0
mukB	1483	7817.0	1486	3	0
mukF	440	2321.0	440	0	0
mukE	225	1185.0	225	0	0
dbpA	455	2394.0	457	2	0
infB	890	4650.0	890	0	0
rlmB	243	1281.0	243	0	0
azoR	199	1045.0	201	2	0
exuT	431	2250.0	432	1	0
exuR	258	1390.0	258	0	0
tufB	394	2062.0	394	0	0
tufA	394	2059.0	394	0	0
yhbV	291	1554.0	292	1	0
nac	305	1597.0	305	0	0
chaA	364	1861.0	366	2	0
ycgR	243	1291.0	244	1	0
ycgM	218	1163.0	219	1	0
yagU	204	1069.0	204	0	0
ycgB	510	2767.0	510	0	0
ycgG	503	2659.0	507	4	0
yhaJ	297	1550.0	298	1	0
murI	283	1479.0	285	2	0
pyrH	241	1262.0	241	0	0
pyrG	545	2909.0	545	0	0
pyrF	244	1287.0	245	1	0
pyrE	213	1117.0	213	0	0
pyrD	336	1768.0	336	0	0
pyrC	347	1870.0	348	1	0
pyrB	311	1659.0	311	0	0
glpT	451	2376.0	452	1	0
glpQ	354	1903.0	358	4	0
cstA	700	3638.0	701	1	0
glpX	336	1733.0	336	0	0
glpD	497	2654.0	501	4	0
glpG	275	1441.0	276	1	0
glpF	281	1458.0	281	0	0
glpA	541	2853.0	542	1	0
glpC	392	2123.0	396	4	0
glpB	416	2179.0	419	3	0
mdtG	408	2083.0	408	0	0
glpK	501	2691.0	502	1	0
agp	412	2223.0	413	1	0
cdd	294	1555.0	294	0	0
eda	213	1095.0	213	0	0
ygfT	637	3408.0	639	2	0
edd	603	3214.0	603	0	0
tehA	328	1685.0	330	2	0
queC	229	1230.0	231	2	0
ygfZ	326	1731.0	326	0	0
ygcR	259	1350.0	259	0	0
yciC	246	1224.0	247	1	0
prlC	679	3645.0	680	1	0
rseB	318	1678.0	318	0	0
ygcU	481	2595.0	484	3	0
yciM	389	2074.0	389	0	0
rseA	216	1133.0	216	0	0
yciK	248	1336.0	252	4	0
yihU	297	1556.0	298	1	0
codB	418	2100.0	419	1	0
yoaE	518	2671.0	518	0	0
codA	425	2285.0	427	2	0
yihQ	675	3663.0	678	3	0
katE	751	4015.0	753	2	0
katG	725	3841.0	726	1	0
kch	415	2164.0	417	2	0
trg	545	2854.0	546	1	0
yhcC	307	1653.0	309	2	0
yeiL	218	1169.0	219	1	0
nhaR	300	1620.0	301	1	0
yeiH	349	1777.0	349	0	0
sapD	330	1774.0	330	0	0
sapF	268	1412.0	268	0	0
sapA	547	2923.0	547	0	0
sapB	321	1665.0	321	0	0
cfa	381	2060.0	382	1	0
nhaA	385	1948.0	388	3	0
bglJ	206	1095.0	207	1	0
bglJ	9	32.0	22	13	0
birA	317	1645.0	321	4	0
yeiQ	483	2581.0	488	5	0
yeiR	326	1705.0	328	2	0
nfrB	742	3961.0	745	3	0
folP	282	1495.0	282	0	0
aaeA	309	1627.0	310	1	0
aaeB	653	3462.0	655	2	0
folE	222	1183.0	222	0	0
folD	288	1510.0	288	0	0
aldA	477	2525.0	479	2	0
folC	420	2210.0	422	2	0
folM	236	1270.0	240	4	0
aaeR	309	1646.0	309	0	0
ddpD	324	1723.0	328	4	0
yiaF	236	1239.0	236	0	0
rpoC	1407	7482.0	1407	0	0
rpoB	1342	7109.0	1342	0	0
rpoA	329	1710.0	329	0	0
bglG	278	1474.0	278	0	0
rpoD	611	3236.0	613	2	0
rpoH	284	1501.0	284	0	0
rpoN	474	2513.0	477	3	0
yjaH	230	1225.0	231	1	0
gshB	316	1682.0	316	0	0
mrdA	633	3379.0	633	0	0
mrdB	370	1885.0	370	0	0
rpsD	206	1079.0	206	0	0
rpsC	233	1212.0	233	0	0
rpsB	240	1278.0	241	1	0
rpsA	557	2872.0	557	0	0
fdnG	1010	5474.0	1015	5	0
fdnH	292	1577.0	294	2	0
fdnI	217	1143.0	217	0	0
deoR	252	1360.0	252	0	0
deoA	439	2313.0	440	1	0
deoB	407	2175.0	407	0	0
deoC	257	1351.0	259	2	0
deoD	239	1257.0	239	0	0
usg	336	1750.0	337	1	0
tas	346	1852.0	346	0	0
cbrA	349	1888.0	354	5	0
phoQ	486	2574.0	486	0	0
phoP	222	1163.0	223	1	0
phoR	429	2276.0	431	2	0
phoU	241	1274.0	241	0	0
yfhH	281	1479.0	282	1	0
thiQ	228	1185.0	232	4	0
phoA	470	2490.0	471	1	0
anmK	367	1925.0	369	2	0
thiI	479	2539.0	482	3	0
phoB	229	1209.0	229	0	0
phoE	350	1825.0	351	1	0
thiM	258	1357.0	262	4	0
thiL	323	1676.0	325	2	0
thiC	631	3411.0	631	0	0
phoH	354	1900.0	354	0	0
thiG	254	1320.0	256	2	0
thiF	250	1298.0	251	1	0
thiE	209	1076.0	211	2	0
thiD	266	1405.0	266	0	0
trxB	321	1710.0	321	0	0
yiaU	323	1737.0	324	1	0
yiaT	242	1290.0	246	4	0
yiaV	377	1993.0	378	1	0
yiaY	381	2013.0	383	2	0
purA	432	2278.0	432	0	0
yiaD	219	1114.0	219	0	0
uraA	429	2163.0	429	0	0
yiaK	331	1769.0	332	1	0
yiaJ	279	1495.0	282	3	0
yqjH	253	1350.0	254	1	0
yiaO	326	1734.0	328	2	0
yiaN	425	2131.0	425	0	0
narY	511	2769.0	514	3	0
narX	598	3176.0	598	0	0
tar	553	2910.0	553	0	0
narZ	1244	6730.0	1246	2	0
narU	461	2354.0	462	1	0
narW	230	1202.0	231	1	0
narV	226	1181.0	226	0	0
narQ	564	2991.0	566	2	0
narP	214	1090.0	215	1	0
narL	216	1115.0	216	0	0
narI	224	1175.0	225	1	0
narH	511	2775.0	512	1	0
narK	463	2379.0	463	0	0
narJ	232	1214.0	236	4	0
tam	247	1315.0	252	5	0
narG	1246	6753.0	1247	1	0
yihV	298	1574.0	298	0	0
gcd	795	4219.0	796	1	0
gcl	591	3164.0	593	2	0
sthA	466	2511.0	466	0	0
yihW	261	1368.0	261	0	0
paaX	314	1646.0	316	2	0
paaC	248	1308.0	248	0	0
paaA	308	1671.0	309	1	0
paaF	252	1299.0	255	3	0
paaG	258	1358.0	262	4	0
paaE	352	1880.0	356	4	0
paaJ	398	2065.0	401	3	0
paaK	436	2348.0	437	1	0
paaH	472	2500.0	475	3	0
sdiA	236	1280.0	240	4	0
ydcI	306	1609.0	307	1	0
yrbL	210	1119.0	210	0	0
yrbG	325	1619.0	325	0	0
kbl	398	2111.0	398	0	0
dmsD	204	1059.0	204	0	0
dmsA	812	4395.0	814	2	0
dmsB	205	1105.0	205	0	0
dmsC	284	1431.0	287	3	0
ruvA	203	1054.0	203	0	0
ruvB	336	1740.0	336	0	0
yjtD	224	1183.0	228	4	0
tsf	283	1451.0	283	0	0
mutH	228	1179.0	229	1	0
ynjF	206	1049.0	206	0	0
mutL	613	3231.0	615	2	0
mutM	268	1424.0	269	1	0
mutS	851	4517.0	853	2	0
tsx	294	1550.0	294	0	0
rlpA	359	1859.0	362	3	0
tsr	547	2837.0	554	7	0
dam	278	1495.0	278	0	0
ydjZ	232	1192.0	234	2	0
modA	254	1319.0	257	3	0
modB	229	1144.0	229	0	0
modC	350	1839.0	352	2	0
ydjE	451	2309.0	452	1	0
modE	262	1365.0	262	0	0
modF	486	2557.0	489	3	0
ydjF	252	1336.0	252	0	0
ydjI	278	1487.0	278	0	0
ydjH	315	1649.0	315	0	0
ydjK	458	2381.0	459	1	0
ydjJ	345	1830.0	347	2	0
yeaJ	495	2651.0	496	1	0
ydjL	357	1896.0	358	1	0
ydjN	461	2350.0	463	2	0
yadH	256	1301.0	256	0	0
cusR	226	1171.0	227	1	0
yadL	195	998.0	200	5	0
yfjD	397	2073.0	398	1	0
nfo	284	1523.0	285	1	0
nadA	346	1859.0	347	1	0
gudD	444	2393.0	446	2	0
yadG	308	1619.0	308	0	0
nfi	223	1173.0	223	0	0
nadD	213	1133.0	213	0	0
cusA	1047	5479.0	1047	0	0
cusC	457	2391.0	457	0	1
cusC	5	28.0	10	5	1
cusB	406	2127.0	407	1	0
gudP	449	2316.0	450	1	0
nadR	408	2210.0	410	2	0
uxuB	485	2614.0	486	1	0
waaF	347	1857.0	348	1	0
map	264	1402.0	264	0	0
kdsA	284	1496.0	284	0	0
kdsB	247	1302.0	248	1	0
kdsD	328	1722.0	328	0	0
rplD	201	1047.0	201	0	0
rplB	273	1426.0	273	0	0
rplC	209	1074.0	209	0	0
rplA	234	1197.0	234	0	0
metR	316	1680.0	317	1	0
lrhA	311	1651.0	312	1	0
hyuA	460	2475.0	461	1	0
rep	671	3613.0	673	2	0
metB	385	2037.0	386	1	0
metC	392	2108.0	395	3	0
mrcB	842	4468.0	844	2	0
metA	304	1634.0	309	5	0
metF	296	1590.0	296	0	0
metG	675	3667.0	677	2	0
metK	384	2052.0	384	0	0
metH	1225	6572.0	1227	2	0
metI	217	1075.0	217	0	0
metN	342	1819.0	343	1	0
metL	810	4265.0	810	0	0
ycjR	260	1393.0	262	2	0
ycjS	349	1902.0	351	2	0
ycjP	280	1452.0	280	0	0
caiT	503	2621.0	504	1	0
ycjW	329	1758.0	332	3	0
ycjU	215	1118.0	219	4	0
ycjX	461	2461.0	465	4	0
yhbJ	284	1503.0	284	0	0
yhbU	329	1782.0	331	2	0
yhbW	334	1778.0	335	1	0
caiD	260	1360.0	261	1	0
ycjF	352	1848.0	353	1	0
caiB	404	2181.0	405	1	0
caiA	379	2043.0	380	1	0
ycjN	426	2256.0	430	4	0
ycjO	293	1500.0	293	0	0
ycjM	558	3014.0	559	1	0
garD	520	2765.0	523	3	0
yegH	524	2747.0	527	3	0
pgl	330	1766.0	331	1	0
pgm	544	2911.0	546	2	0
pgk	387	2003.0	387	0	0
pgi	548	2953.0	549	1	0
potI	280	1418.0	281	1	0
potH	315	1623.0	317	2	0
potG	374	1993.0	377	3	0
potF	369	1950.0	370	1	0
potE	439	2260.0	439	0	0
potD	347	1828.0	348	1	0
potC	264	1356.0	264	0	0
potB	275	1391.0	275	0	0
potA	378	2015.0	378	0	0
prmA	292	1530.0	293	1	0
prmC	277	1458.0	277	0	0
prmB	309	1655.0	310	1	0
pflD	760	4090.0	765	5	0
pflB	760	4113.0	760	0	0
pflC	290	1539.0	292	2	0
pflA	246	1320.0	246	0	0
ahpF	521	2763.0	521	0	0
udp	252	1337.0	253	1	0
yqcE	420	2200.0	425	5	0
xylR	392	2106.0	392	0	0
xylH	393	1959.0	393	0	0
xylA	439	2377.0	440	1	0
udk	213	1131.0	213	0	0
xylB	481	2546.0	484	3	0
xylE	489	2571.0	491	2	0
xylG	512	2693.0	513	1	0
xylF	329	1713.0	330	1	0
dnaQ	241	1293.0	243	2	0
dnaX	640	3359.0	643	3	0
dnaA	467	2503.0	467	0	0
dnaC	245	1313.0	245	0	0
dnaB	471	2480.0	471	0	0
dnaE	1160	6178.0	1160	0	0
dnaG	581	3111.0	581	0	0
dnaK	638	3339.0	638	0	0
dnaJ	374	1977.0	376	2	0
dnaN	366	1944.0	366	0	0
sdhA	588	3167.0	588	0	0
sdhB	237	1267.0	238	1	0
tldD	481	2517.0	481	0	0
trpB	397	2122.0	397	0	0
trpA	267	1395.0	268	1	0
trpD	530	2799.0	531	1	0
trpE	516	2736.0	520	4	0
yraI	228	1215.0	231	3	0
yliE	779	4134.0	782	3	0
yliF	439	2323.0	442	3	0
trpS	333	1799.0	334	1	0
fdoG	1015	5485.0	1016	1	0
fdoI	211	1104.0	211	0	0
fdoH	300	1621.0	300	0	0
fieF	300	1562.0	300	0	0
pstS	346	1798.0	346	0	0
evgA	204	1071.0	204	0	0
envY	250	1325.0	253	3	0
btuD	248	1294.0	249	1	0
btuF	266	1375.0	266	0	0
ydeP	754	4089.0	759	5	0
ydeQ	301	1576.0	304	3	0
btuC	324	1593.0	326	2	0
btuB	614	3232.0	614	0	0
pstC	319	1602.0	319	0	0
pstB	257	1388.0	257	0	0
pstA	295	1508.0	296	1	0
ydeO	251	1350.0	253	2	0
envC	419	2157.0	419	0	0
ydeE	392	2002.0	395	3	0
ydeA	396	2005.0	396	0	0
yfiN	407	2174.0	408	1	0
uvrY	218	1156.0	218	0	0
yfiH	240	1288.0	243	3	0
yfiF	345	1842.0	345	0	0
feaB	498	2649.0	499	1	0
yfiE	290	1532.0	293	3	0
nagZ	339	1805.0	341	2	0
nagE	645	3358.0	648	3	0
nagB	266	1443.0	266	0	0
nagC	406	2139.0	406	0	0
nagA	381	2024.0	382	1	0
feaR	299	1615.0	301	2	0
yfiP	230	1223.0	232	2	0
uidB	454	2363.0	457	3	0
uidC	420	2210.0	421	1	0
uidA	602	3266.0	603	1	0
ybaP	260	1379.0	264	4	0
aes	317	1707.0	319	2	0
aer	502	2672.0	506	4	0
ysgA	268	1433.0	271	3	0
csrD	645	3447.0	646	1	0
aroP	457	2367.0	457	0	0
tyrR	512	2730.0	513	1	0
yfgF	743	3963.0	747	4	0
tyrP	403	2041.0	403	0	0
yfgM	206	1057.0	206	0	0
yheO	240	1274.0	240	0	0
flhB	382	1996.0	382	0	0
aroA	427	2276.0	427	0	0
aroB	361	1899.0	362	1	0
flhA	690	3569.0	692	2	0
aroD	248	1294.0	252	4	0
aroE	268	1416.0	272	4	0
aroF	354	1904.0	356	2	0
aroG	349	1864.0	350	1	0
kefB	599	3090.0	601	2	0
kefC	619	3196.0	620	1	0
ybiR	370	1880.0	372	2	0
aroM	225	1159.0	225	0	0
dld	570	3076.0	571	1	0
uvrC	610	3268.0	610	0	0
ycfQ	209	1123.0	210	1	0
gldA	367	1928.0	367	0	0
rsuA	230	1226.0	231	1	0
aegA	657	3538.0	659	2	0
prkB	288	1538.0	289	1	0
ydeM	380	2068.0	385	5	0
endA	235	1271.0	235	0	0
yniC	221	1139.0	222	1	0
yniA	285	1510.0	286	1	0
yegL	216	1143.0	219	3	0
ydeN	560	3003.0	560	0	0
ycaD	380	1950.0	382	2	0
ttdA	303	1615.0	303	0	0
ttdB	200	1059.0	201	1	0
rpe	225	1178.0	225	0	0
ynjE	430	2288.0	435	5	0
nhoA	278	1491.0	281	3	0
wzyE	450	2309.0	450	0	0
agaC	266	1376.0	267	1	0
rhlE	454	2368.0	454	0	0
rhlB	421	2248.0	421	0	0
agaD	262	1372.0	263	1	0
agaI	247	1312.0	251	4	0
hmp	395	2123.0	396	1	0
ybiT	530	2814.0	530	0	0
agaS	381	2042.0	384	3	0
agaR	269	1412.0	269	0	0
yicH	565	2957.0	569	4	0
lgt	290	1493.0	291	1	0
mutY	348	1868.0	350	2	0
yicL	305	1551.0	307	2	0
ybiU	421	2271.0	421	0	0
rbn	304	1612.0	305	1	0
fabR	214	1111.0	215	1	0
yojI	546	2863.0	547	1	0
fabD	309	1624.0	309	0	0
fabG	243	1243.0	244	1	0
fabF	413	2183.0	413	0	0
fabB	406	2155.0	406	0	0
fabI	262	1383.0	262	0	0
fabH	316	1674.0	317	1	0
cpsG	345	1838.0	456	111	0
cpsB	292	1592.0	472	180	0
fkpA	269	1376.0	270	1	0
ydjX	231	1168.0	236	5	0
eptB	562	3044.0	563	1	0
eptA	544	2925.0	547	3	0
ackA	400	2128.0	400	0	0
setA	391	2012.0	392	1	0
arsB	429	2144.0	429	0	0
setC	393	2054.0	394	1	0
ung	229	1220.0	229	0	0
xdhB	292	1552.0	292	0	0
eamA	294	1483.0	297	3	0
yohK	231	1177.0	231	0	0
alkB	212	1145.0	216	4	0
mtlA	637	3343.0	637	0	0
php	291	1564.0	292	1	0
mtlD	378	1988.0	382	4	0
fhlA	690	3678.0	692	2	0
iscS	404	2161.0	404	0	0
dusB	321	1723.0	321	0	0
dusC	312	1654.0	315	3	0
envZ	449	2371.0	450	1	0
ydjG	326	1729.0	326	0	0
yfaP	256	1375.0	258	2	0
nirC	268	1377.0	268	0	0
nirB	846	4535.0	847	1	0
radA	459	2423.0	460	1	0
sufB	495	2687.0	495	0	0
sufC	247	1292.0	248	1	0
gmd	373	2011.0	373	0	0
sufS	402	2153.0	406	4	0
add	333	1753.0	333	0	0
ada	352	1883.0	354	2	0
gmr	660	3523.0	661	1	0
adk	213	1107.0	214	1	0
otsA	474	2529.0	474	0	0
otsB	266	1412.0	266	0	0
nadC	297	1558.0	297	0	0
yhhX	345	1849.0	345	0	0
rstA	238	1255.0	239	1	0
nadE	270	1450.0	275	5	0
rstB	431	2291.0	433	2	0
cadC	510	2726.0	512	2	0
gudX	442	2368.0	446	4	0
murA	419	2200.0	419	0	0
murB	337	1809.0	342	5	0
murC	490	2594.0	491	1	0
murD	435	2306.0	438	3	0
murE	491	2607.0	495	4	0
murF	451	2361.0	452	1	0
murG	354	1839.0	355	1	0
murP	473	2440.0	474	1	0
murQ	296	1540.0	298	2	0
tmk	213	1105.0	213	0	0
bglH	537	2874.0	538	1	0
dcm	470	2539.0	472	2	0
rarD	294	1527.0	295	1	0
bglA	478	2587.0	479	1	0
bglB	462	2508.0	464	2	0
oppF	333	1767.0	334	1	0
bglX	763	4067.0	765	2	0
yadS	207	1043.0	207	0	0
yddG	272	1388.0	274	2	0
amtB	427	2172.0	428	1	0
dcp	676	3622.0	681	5	0
ndh	434	2315.0	434	0	0
zipA	327	1695.0	328	1	0
yfhG	233	1232.0	237	4	0
yabI	251	1278.0	253	2	0
yfhR	284	1509.0	284	0	0
mazG	263	1389.0	263	0	0
appA	431	2276.0	432	1	0
yjfK	217	1149.0	219	2	0
yjfJ	232	1156.0	232	0	0
hflD	213	1105.0	213	0	0
hflC	334	1743.0	334	0	0
mraY	360	1852.0	360	0	0
yjfC	382	2046.0	387	5	0
hflK	419	2203.0	419	0	0
hdhA	254	1340.0	255	1	0
yjfP	244	1303.0	249	5	0
hflX	425	2227.0	426	1	0
fliY	265	1370.0	266	1	0
arnT	547	2870.0	550	3	0
yhdJ	290	1565.0	294	4	0
fliP	245	1226.0	245	0	0
fliR	258	1281.0	261	3	0
fliM	333	1741.0	334	1	0
fliI	457	2372.0	457	0	0
fliH	225	1166.0	228	3	0
fliD	466	2329.0	468	2	0
fliG	331	1694.0	331	0	0
fliF	552	2896.0	552	0	0
fliA	239	1234.0	239	0	0
srmB	443	2344.0	444	1	0
menA	307	1593.0	308	1	0
mglA	506	2686.0	506	0	0
mglB	332	1719.0	332	0	0
mglC	336	1677.0	336	0	0
xdhD	955	5117.0	956	1	0
yohF	249	1316.0	253	4	0
iadA	388	2033.0	390	2	0
hcr	322	1729.0	322	0	0
nrdA	759	4102.0	761	2	0
hcp	548	2940.0	550	2	0
metQ	270	1389.0	271	1	0
nupG	418	2179.0	418	0	0
pdxH	217	1160.0	218	1	0
yghA	294	1545.0	294	0	0
pdxJ	243	1263.0	243	0	0
pdxK	280	1481.0	283	3	0
wzxC	487	2492.0	492	5	0
pdxB	374	1964.0	378	4	0
wzxE	415	2110.0	416	1	0
pdxY	287	1528.0	287	0	0
yghR	251	1324.0	252	1	0
yghS	234	1248.0	237	3	0
yghT	229	1217.0	230	1	0
yghU	288	1540.0	288	0	0
bcr	395	2021.0	396	1	0
