Gene	Identity	Score	Length	Mismatches	DE
yeaI	1464	1440.0	1476	12	0
yeaH	1276	1260.0	1284	8	0
abrB	1021	969.0	1047	26	0
xseA	1350	1308.0	1371	21	0
speD	792	786.0	795	3	0
speE	867	867.0	867	0	0
speB	892	834.0	921	29	0
speA	1937	1857.0	1977	40	0
ybcH	874	840.0	891	17	0
mrcA	2527	2475.0	2553	26	0
frdA	1798	1776.0	1809	11	0
frdB	731	723.0	735	4	0
hchA	837	807.0	852	15	0
ytfF	940	888.0	966	26	0
pgpB	765	765.0	765	0	0
kbaY	855	843.0	861	6	0
kbaZ	1267	1239.0	1281	14	0
ucpA	779	753.0	792	13	0
yeaG	1911	1863.0	1935	24	0
cmk	677	663.0	684	7	0
upp	621	609.0	627	6	0
yhbE	963	957.0	966	3	0
tolQ	686	672.0	693	7	0
ydgJ	1040	1038.0	1041	1	0
ydgH	942	936.0	945	3	0
ycjQ	1016	942.0	1053	37	0
tolC	1459	1413.0	1482	23	0
tolB	1291	1287.0	1293	2	0
tolA	1266	1266.0	1266	0	0
ydgA	1482	1428.0	1509	27	0
ydgD	806	774.0	822	16	0
entA	735	711.0	747	12	0
entC	1153	1107.0	1176	23	0
entB	851	837.0	858	7	0
cheR	857	849.0	861	4	0
nei	772	732.0	792	20	0
cheZ	645	645.0	645	0	0
cheB	1038	1014.0	1050	12	0
cmtA	1367	1323.0	1389	22	0
cheA	1942	1896.0	1965	23	0
rcsA	618	606.0	624	6	0
rcsB	649	645.0	651	2	0
rcsC	2785	2751.0	2802	17	0
uspE	945	933.0	951	6	0
gltX	1405	1383.0	1416	11	0
glk	955	933.0	966	11	0
gltP	1295	1257.0	1314	19	0
gltS	1196	1176.0	1206	10	0
gltI	896	870.0	909	13	0
gpsA	1001	963.0	1020	19	0
gltK	661	633.0	675	14	0
gltJ	725	693.0	741	16	0
gltL	702	654.0	726	24	0
gltA	1271	1245.0	1284	13	0
gltB	4368	4182.0	4461	93	0
gltD	1400	1362.0	1419	19	0
ycjG	951	921.0	966	15	0
yfcH	868	816.0	894	26	0
maeB	2234	2142.0	2280	46	0
apaH	825	789.0	843	18	0
kgtP	1284	1254.0	1299	15	0
glgA	1432	1428.0	1434	2	0
yhgF	2309	2283.0	2322	13	0
sgbE	678	642.0	696	18	0
yfeH	995	987.0	999	4	0
yfeO	1243	1215.0	1257	14	0
yhgA	864	834.0	879	15	0
yfeR	922	912.0	927	5	0
sgbU	829	765.0	861	32	0
yfeX	897	891.0	900	3	0
yhbX	1617	1599.0	1626	9	0
fbaB	1048	1038.0	1053	5	0
fbaA	1071	1053.0	1080	9	0
rssA	905	903.0	906	1	0
rssB	1005	987.0	1014	9	0
ddlA	1082	1056.0	1095	13	0
ddlB	908	882.0	921	13	0
wcaL	1166	1056.0	1221	55	0
era	879	825.0	906	27	0
holB	997	981.0	1005	8	0
holA	1027	1017.0	1032	5	0
gatY	849	837.0	855	6	0
gatZ	1257	1245.0	1263	6	0
wcaJ	1360	1290.0	1395	35	0
wcaE	738	720.0	747	9	0
gatD	1032	1014.0	1041	9	0
ygiC	1136	1086.0	1161	25	0
ytjC	643	633.0	648	5	0
ytjB	634	612.0	645	11	0
yjiK	856	846.0	861	5	0
eno	1298	1296.0	1299	1	0
ygiQ	2181	2103.0	2220	39	0
smtA	779	765.0	786	7	0
yjiM	1134	1098.0	1152	18	0
amiA	858	834.0	870	12	0
amiC	1225	1167.0	1254	29	0
amiB	1325	1299.0	1338	13	0
glnH	747	747.0	747	0	0
kdpB	2001	1905.0	2049	48	0
kdpE	653	613.0	673	20	0
kdpD	2623	2499.0	2685	62	0
yhiD	647	645.0	648	1	0
carA	1134	1104.0	1149	15	0
adiY	761	759.0	762	1	0
yhiN	1189	1161.0	1203	14	0
hslO	875	867.0	879	4	0
yhiI	1042	990.0	1068	26	0
adiA	2257	2235.0	2268	11	0
adiC	1327	1305.0	1338	11	0
arcA	712	702.0	717	5	0
arcB	2329	2313.0	2337	8	0
yjeJ	865	855.0	870	5	0
yjeH	1245	1221.0	1257	12	0
fadR	718	714.0	720	2	0
fadB	2175	2145.0	2190	15	0
fadA	1150	1122.0	1164	14	0
fadE	2406	2328.0	2445	39	0
fadD	1667	1629.0	1686	19	0
ypdC	844	816.0	858	14	0
ypdB	735	735.0	735	0	0
creB	669	627.0	690	21	0
creC	1391	1323.0	1425	34	0
frsA	1228	1194.0	1245	17	0
ypdF	1062	1014.0	1086	24	0
ypdE	1008	948.0	1038	30	0
fadL	1325	1293.0	1341	16	0
ompW	632	618.0	639	7	0
ompR	716	708.0	720	4	0
fiu	2255	2199.0	2283	28	0
fic	593	573.0	603	10	0
ompF	1088	1086.0	1089	1	0
ompG	896	876.0	906	10	0
ompL	686	672.0	693	7	0
ompN	1127	1113.0	1134	7	0
srlE	959	957.0	960	1	0
srlD	780	780.0	780	0	0
gcvP	2838	2766.0	2874	36	0
gcvT	1091	1083.0	1095	4	0
srlR	767	753.0	774	7	0
gcvA	909	891.0	918	9	0
ftsE	659	639.0	669	10	0
yieK	714	696.0	723	9	0
ftsA	1256	1242.0	1263	7	0
yiiX	577	513.0	609	32	1
ftsN	948	924.0	960	12	0
ftsI	1754	1728.0	1767	13	0
ftsH	1925	1905.0	1935	10	0
ftsW	1233	1209.0	1245	12	0
yieE	745	735.0	750	5	0
ftsQ	827	819.0	831	4	0
hyi	775	771.0	777	2	0
ftsZ	1152	1152.0	1152	0	0
ftsY	1467	1404.0	1497	30	0
ftsX	1035	987.0	1059	24	0
mdh	930	912.0	939	9	0
ybdR	1220	1182.0	1239	19	0
yrfG	668	666.0	669	1	0
fepC	798	762.0	816	18	0
fepB	938	900.0	957	19	0
fepA	2182	2064.0	2241	59	0
fepG	966	912.0	993	27	0
yggW	1120	1086.0	1137	17	0
fepD	986	948.0	1005	19	0
ligA	2003	1977.0	2016	13	0
ligB	1667	1635.0	1683	16	0
aidB	1586	1506.0	1626	40	0
abgA	1301	1281.0	1311	10	0
abgB	1436	1416.0	1446	10	0
ybdK	1097	1053.0	1119	22	0
sfsA	704	702.0	705	1	0
yggS	697	681.0	705	8	0
smf	1106	1068.0	1125	19	0
abgR	901	885.0	909	8	0
abgT	1321	1287.0	1338	17	0
gor	1351	1347.0	1353	2	0
prfA	1072	1050.0	1083	11	0
prfB	1089	1068.0	1099	10	0
prfC	1557	1491.0	1590	33	0
dcuD	1349	1311.0	1368	19	0
dcuA	1295	1281.0	1302	7	0
dcuB	1336	1326.0	1341	5	0
dcuC	1373	1347.0	1386	13	0
nth	634	630.0	636	2	0
sodA	620	618.0	621	1	0
dcuR	712	696.0	720	8	0
dcuS	1612	1572.0	1632	20	0
ybbO	802	786.0	810	8	0
ybbN	847	831.0	855	8	0
oxyR	908	888.0	918	10	0
umuC	1259	1239.0	1269	10	0
ybbY	1281	1239.0	1302	21	0
yphF	963	921.0	984	21	0
ybbW	1420	1350.0	1455	35	0
fixC	1265	1221.0	1287	22	0
fixB	941	939.0	942	1	0
fixA	760	738.0	771	11	0
ybbP	2376	2298.0	2415	39	0
glyS	2033	1959.0	2070	37	0
glyQ	904	888.0	912	8	0
dgt	1511	1497.0	1518	7	0
yphC	1032	972.0	1062	30	0
aqpZ	694	690.0	696	2	0
glyA	1241	1215.0	1254	13	0
trkA	1362	1332.0	1377	15	0
trkH	1435	1401.0	1452	17	0
ynfM	1234	1194.0	1254	20	0
exbB	735	735.0	735	0	0
ynfK	696	696.0	696	0	0
ynfH	845	825.0	855	10	0
ynfG	614	606.0	618	4	0
ynfF	2418	2406.0	2424	6	0
ynfC	711	711.0	711	0	0
puuB	1248	1182.0	1281	33	0
qseB	656	648.0	660	4	0
treC	1639	1605.0	1656	17	0
puuA	1386	1320.0	1419	33	0
puuD	759	747.0	765	6	0
msrA	636	630.0	639	3	0
puuP	1374	1350.0	1386	12	0
treR	926	882.0	948	22	0
mlrA	726	714.0	732	6	0
zitB	942	942.0	942	0	0
ydfG	742	732.0	747	5	0
ydfU	1049	1047.0	1050	1	0
ydgI	1373	1353.0	1383	10	0
obgE	1156	1122.0	1173	17	0
pdhR	765	765.0	765	0	0
pqiB	1641	1641.0	1641	0	0
pqiA	1252	1248.0	1254	2	0
adhP	981	935.0	1004	23	0
ygcQ	859	855.0	861	2	0
yhhN	614	588.0	627	13	0
minC	692	684.0	696	4	0
minD	812	810.0	813	1	0
yhhJ	1105	1065.0	1125	20	0
yhhI	123	109.0	130	7	1
yhhW	686	666.0	696	10	0
yhhT	1033	999.0	1050	17	0
yhhS	1204	1176.0	1218	14	0
adhE	2670	2658.0	2676	6	0
yjdF	623	609.0	630	7	0
yhhZ	1174	1164.0	1179	5	0
chbR	836	822.0	843	7	0
yhfK	2090	2064.0	2103	13	0
yfdE	1142	1134.0	1146	4	0
yfdC	914	876.0	933	19	0
yafT	782	774.0	786	4	0
yhfZ	882	834.0	906	24	0
yfdX	628	610.0	636	8	0
uxaA	1459	1401.0	1488	29	0
entE	1592	1554.0	1611	19	0
yhfS	1085	1083.0	1086	1	0
yfdV	944	942.0	945	1	0
flgI	1090	1074.0	1098	8	0
ygcS	1336	1332.0	1338	2	0
uxaC	1398	1368.0	1413	15	0
yneF	941	927.0	948	7	0
gloB	745	723.0	756	11	0
lpd	1416	1398.0	1425	9	0
acnB	2563	2493.0	2598	35	0
acnA	2644	2580.0	2676	32	0
menD	1658	1632.0	1671	13	0
menE	1328	1272.0	1356	28	0
menF	1287	1269.0	1296	9	0
aldB	1534	1524.0	1539	5	0
menB	844	816.0	858	14	0
menC	940	894.0	963	23	0
wzc	2113	2013.0	2163	50	0
wza	1123	1089.0	1140	17	0
nfsA	722	720.0	723	1	0
yqeI	807	801.0	810	3	0
yebZ	865	849.0	873	8	0
mepA	819	807.0	825	6	0
yebT	2580	2472.0	2634	54	0
yebQ	1361	1335.0	1374	13	0
yebS	1264	1224.0	1284	20	0
yebK	864	852.0	870	6	0
yebE	657	651.0	660	3	0
yebB	592	570.0	603	11	0
yebC	730	708.0	741	11	0
ygjJ	1062	1044.0	1071	9	0
ygjK	2335	2301.0	2352	17	0
ygjI	1432	1428.0	1434	2	0
bax	815	795.0	825	10	0
wzzE	1039	1023.0	1047	8	0
ygjR	967	927.0	987	20	0
ygjQ	645	601.0	667	22	0
thiH	1108	1056.0	1134	26	0
dctA	1285	1281.0	1287	2	0
ybaL	1654	1608.0	1677	23	0
ybaE	1684	1650.0	1701	17	0
alaS	2600	2538.0	2631	31	0
iclR	817	801.0	825	8	0
ybaT	1290	1284.0	1293	3	0
yijE	887	849.0	906	19	0
yijF	603	573.0	618	15	0
ygdH	1359	1347.0	1365	6	0
yijO	831	789.0	852	21	0
ygdQ	707	693.0	714	7	0
pitA	1497	1491.0	1500	3	0
pitB	1489	1467.0	1500	11	0
fnr	753	753.0	753	0	0
cof	814	804.0	819	5	0
malG	882	864.0	891	9	0
rimK	895	879.0	903	8	0
putP	1481	1425.0	1509	28	0
frc	1251	1251.0	1251	0	0
tonB	711	693.0	720	9	0
fre	693	675.0	702	9	0
yaaU	1317	1287.0	1332	15	0
ydaM	1216	1182.0	1233	17	0
ydaN	977	963.0	984	7	0
yaaJ	1416	1386.0	1431	15	0
yaaA	771	759.0	777	6	0
znuC	745	723.0	756	11	0
znuB	777	759.0	786	9	0
znuA	929	921.0	933	4	0
slt	1909	1851.0	1938	29	0
ais	589	561.0	603	14	0
gnd	1338	1200.0	1407	69	1
lepA	1782	1746.0	1800	18	0
lepB	959	927.0	975	16	0
nikB	942	936.0	945	3	0
nikC	822	798.0	834	12	0
yfcJ	1159	1119.0	1179	20	0
nikA	1561	1533.0	1575	14	0
nikD	757	741.0	765	8	0
nikE	783	735.0	807	24	0
yfcA	792	756.0	810	18	0
yfcF	643	639.0	645	2	0
yfcG	644	636.0	648	4	0
gpmA	743	723.0	753	10	0
glnL	1049	1047.0	1050	1	0
glnA	1405	1395.0	1410	5	0
glnG	1407	1401.0	1410	3	0
glnD	2638	2568.0	2673	35	0
nudF	622	606.0	630	8	0
glnS	1640	1590.0	1665	25	0
glnQ	718	708.0	723	5	0
glnP	657	651.0	660	3	0
ddpA	1547	1539.0	1551	4	0
ddpB	1018	1008.0	1023	5	0
ddpC	886	864.0	897	11	0
cynX	1145	1125.0	1155	10	0
nudC	774	774.0	774	0	0
cynT	660	660.0	660	0	0
dadA	1281	1245.0	1299	18	0
glxR	876	870.0	879	3	0
dadX	1057	1029.0	1071	14	0
glxK	1127	1093.0	1144	17	0
gadC	1520	1488.0	1536	16	0
yraR	626	606.0	636	10	0
fusA	2114	2112.0	2115	1	0
epd	1019	1017.0	1020	1	0
amyA	1462	1410.0	1488	26	0
topB	1928	1860.0	1962	34	0
topA	2594	2586.0	2598	4	0
yneE	907	891.0	915	8	0
rsmB	1276	1248.0	1290	14	0
rsmC	1017	987.0	1032	15	0
yraQ	1030	1008.0	1041	11	0
yecS	656	630.0	669	13	0
yfeA	2188	2184.0	2190	2	0
sgbH	639	591.0	663	24	0
yecE	812	798.0	819	7	0
yecC	737	705.0	753	16	0
yecA	666	666.0	666	0	0
yheS	1899	1869.0	1914	15	0
yheS	38	34.0	40	2	0
yheS	38	34.0	40	2	0
yeiE	874	858.0	882	8	0
zraR	1315	1293.0	1326	11	0
ydiF	1558	1482.0	1596	38	0
rnc	680	678.0	681	1	0
rnb	1925	1905.0	1935	10	0
rna	801	789.0	807	6	0
rng	1453	1419.0	1470	17	0
gadA	1398	1392.0	1401	3	0
gadB	1397	1389.0	1401	4	0
rnd	1122	1110.0	1128	6	0
gadX	807	771.0	825	18	0
yliI	1112	1104.0	1116	4	0
rnr	2425	2391.0	2442	17	0
gadW	719	699.0	729	10	0
ilvA	1493	1389.0	1545	52	0
rnt	645	639.0	648	3	0
araC	869	849.0	879	10	0
araA	1481	1437.0	1503	22	0
araF	990	990.0	990	0	0
araG	1494	1452.0	1515	21	0
araD	694	690.0	696	2	0
araE	1402	1368.0	1419	17	0
araJ	1161	1113.0	1185	24	0
araH	972	942.0	987	15	0
ygeA	690	684.0	693	3	0
ygeH	1377	1377.0	1377	0	0
fruK	935	927.0	939	4	0
ygeV	1765	1737.0	1779	14	0
cirA	1979	1953.0	1992	13	0
ygeR	753	747.0	756	3	0
fruB	1130	1128.0	1131	1	0
fruA	1666	1614.0	1692	26	0
ygeY	1194	1158.0	1212	18	0
ygeX	1192	1182.0	1197	5	0
rffG	1055	1029.0	1068	13	0
ypfG	1029	999.0	1044	15	0
nuoC	1761	1701.0	1791	30	0
ypfH	697	693.0	699	2	0
yjjQ	723	717.0	726	3	0
rffH	869	843.0	882	13	0
icd	1225	1173.0	1251	26	0
nuoF	1317	1275.0	1338	21	0
yncD	2092	2070.0	2103	11	0
ribC	634	618.0	642	8	0
ribB	639	609.0	654	15	0
ribD	1088	1056.0	1104	16	0
ribF	933	915.0	942	9	0
htpX	878	870.0	882	4	0
yqjI	617	603.0	624	7	0
pheA	1143	1107.0	1161	18	0
corA	944	930.0	951	7	0
yqjA	660	654.0	663	3	0
yqjG	970	936.0	987	17	0
pheS	972	948.0	984	12	0
efeO	1114	1086.0	1128	14	0
pheP	1366	1344.0	1377	11	0
pheT	2353	2283.0	2388	35	0
efeB	1263	1245.0	1272	9	0
htpG	1858	1824.0	1875	17	0
ppc	2622	2562.0	2652	30	0
fhuE	2179	2157.0	2190	11	0
ppk	2046	2004.0	2067	21	0
rtcB	1216	1194.0	1227	11	0
dkgB	804	804.0	804	0	0
dkgA	827	825.0	828	1	0
relA	2194	2112.0	2235	41	0
ppx	1524	1488.0	1542	18	0
yncG	605	579.0	618	13	0
pykF	1410	1404.0	1413	3	0
pykA	1438	1428.0	1443	5	0
sfmC	686	672.0	693	7	0
sfmH	973	963.0	978	5	0
gdhA	1315	1257.0	1344	29	0
pphA	652	642.0	657	5	0
ygeW	1181	1161.0	1191	10	0
mtr	1197	1101.0	1245	48	0
surA	1279	1263.0	1287	8	0
truA	803	783.0	813	10	0
truC	776	762.0	783	7	0
truB	912	846.0	945	33	0
truD	1042	1026.0	1050	8	0
msbA	1736	1710.0	1749	13	0
dacA	1206	1194.0	1212	6	0
dacB	1418	1386.0	1434	16	0
dacC	1191	1167.0	1203	12	0
dacD	1153	1125.0	1167	14	0
tesA	627	627.0	627	0	0
tesB	853	837.0	861	8	0
rspA	1210	1200.0	1215	5	0
cyoC	610	600.0	615	5	0
rspB	1001	963.0	1020	19	0
cyoE	882	864.0	891	9	0
tauD	830	790.0	850	20	0
phnJ	831	801.0	846	15	0
shiA	1297	1257.0	1317	20	0
phnK	735	687.0	759	24	0
tig	1295	1287.0	1299	4	0
sdaB	1347	1305.0	1368	21	0
sdaC	1284	1272.0	1290	6	0
sdaA	1359	1347.0	1365	6	0
sbmA	1205	1173.0	1221	16	0
mltC	1070	1050.0	1080	10	0
mltB	1083	1077.0	1086	3	0
mltA	1075	1029.0	1098	23	0
mltD	1351	1335.0	1359	8	0
xthA	805	801.0	807	2	0
fsr	1212	1194.0	1221	9	0
ypfJ	857	843.0	864	7	0
aspA	1431	1419.0	1437	6	0
rhaS	835	831.0	837	2	0
aspC	1182	1164.0	1191	9	0
rob	862	846.0	870	8	0
rhaD	792	726.0	825	33	0
rhaA	1241	1203.0	1260	19	0
deaD	1863	1809.0	1890	27	0
aspS	1750	1704.0	1773	23	0
yhjH	763	753.0	768	5	0
yhjK	1945	1935.0	1950	5	0
yhjJ	1473	1425.0	1497	24	0
yhjE	1301	1257.0	1323	22	0
yhjD	1002	978.0	1014	12	0
yhjG	2045	2013.0	2061	16	0
yhjA	1389	1371.0	1398	9	0
dsdA	1326	1320.0	1329	3	0
yhjB	600	594.0	603	3	0
yhjY	696	690.0	699	3	0
pldA	866	858.0	870	4	0
pldB	1020	1014.0	1023	3	0
yjjG	658	618.0	678	20	0
yhjV	1263	1245.0	1272	9	0
yahD	605	603.0	606	1	0
yfbS	1826	1812.0	1833	7	0
yfbT	648	642.0	651	3	0
glmU	1339	1275.0	1371	32	0
glmS	1774	1662.0	1830	56	0
moeB	721	663.0	750	29	0
yddW	1309	1287.0	1320	11	0
moeA	1211	1161.0	1236	25	0
tap	1595	1581.0	1602	7	0
cyaA	2519	2463.0	2547	28	0
glmM	1338	1338.0	1338	0	0
hdfR	839	837.0	840	1	0
hscC	1656	1626.0	1671	15	0
hscA	1840	1818.0	1851	11	0
melR	909	909.0	909	0	0
ldcC	2106	2034.0	2142	36	0
yahK	1042	1026.0	1050	8	0
yqeF	1167	1137.0	1182	15	0
melB	1406	1398.0	1410	4	0
melA	1349	1335.0	1356	7	0
pmbA	1331	1287.0	1353	22	0
yadD	885	849.0	903	18	0
cysM	888	840.0	912	24	0
cysN	1399	1341.0	1428	29	0
cysI	1691	1647.0	1713	22	0
cysH	710	660.0	735	25	0
cysK	964	948.0	972	8	0
cysJ	1781	1743.0	1800	19	0
cysE	806	778.0	820	14	0
cysD	907	903.0	909	2	0
cysG	1351	1305.0	1374	23	0
nlpI	885	885.0	885	0	0
cysA	1071	1017.0	1098	27	0
cysC	604	600.0	606	2	0
cysB	965	945.0	975	10	0
uxuR	769	759.0	774	5	0
cysZ	759	753.0	762	3	0
cysU	828	816.0	834	6	0
cysW	853	807.0	876	23	0
cysQ	729	705.0	741	12	0
cysP	1017	1017.0	1017	0	0
cysS	1374	1350.0	1386	12	0
csgD	642	624.0	651	9	0
pepD	1439	1401.0	1458	19	0
fbp	994	984.0	999	5	0
baeR	719	711.0	723	4	0
baeS	1386	1350.0	1404	18	0
yicJ	1382	1380.0	1383	1	0
thrB	919	891.0	933	14	0
thrC	1276	1254.0	1287	11	0
thrA	2424	2346.0	2463	39	0
livG	746	702.0	768	22	0
livF	684	624.0	714	30	0
livM	1243	1173.0	1278	35	0
ppiD	1856	1824.0	1872	16	0
livK	1094	1062.0	1110	16	0
livJ	1089	1059.0	1104	15	0
livH	903	855.0	927	24	0
yifB	1507	1479.0	1521	14	0
mscS	858	852.0	861	3	0
yifK	1375	1353.0	1386	11	0
ybgF	788	780.0	792	4	0
xerC	892	882.0	897	5	0
ybgI	738	726.0	744	6	0
ybgJ	654	648.0	657	3	0
ybgK	915	879.0	933	18	0
xerD	877	837.0	897	20	0
yihN	1257	1239.0	1266	9	0
yihO	1393	1371.0	1404	11	0
yihL	685	642.0	706	21	0
yihM	978	972.0	981	3	0
ygfF	731	705.0	744	13	0
yihG	920	894.0	933	13	0
ygfI	890	876.0	897	7	0
ygfM	780	780.0	780	0	0
mdtC	3021	2907.0	3078	57	0
mdtB	3059	2931.0	3123	64	0
mdtA	1225	1179.0	1248	23	0
rdgC	900	876.0	912	12	0
mdtF	3068	2976.0	3114	46	0
mdtE	1155	1149.0	1158	3	0
mdtK	1361	1335.0	1374	13	0
focA	847	825.0	858	11	0
yihT	879	879.0	879	0	0
mdtH	1189	1149.0	1209	20	0
yihS	1241	1239.0	1242	1	0
yihP	1352	1284.0	1386	34	0
mdtL	1142	1074.0	1176	34	0
hycD	900	852.0	924	24	0
hycE	1663	1569.0	1710	47	0
hycG	746	702.0	768	22	0
frvB	1417	1347.0	1452	35	0
hycB	602	582.0	612	10	0
hycC	1775	1671.0	1827	52	0
flk	985	965.0	995	10	0
can	661	657.0	663	2	0
cdsA	853	843.0	858	5	0
purR	1014	990.0	1026	12	0
purU	834	816.0	843	9	0
purT	1164	1134.0	1179	15	0
mpaA	718	696.0	729	11	0
dxs	1830	1764.0	1863	33	0
dxr	1195	1191.0	1197	2	0
purC	708	696.0	714	6	0
purB	1351	1311.0	1371	20	0
asmA	1836	1800.0	1854	18	0
purF	1513	1503.0	1518	5	0
purD	1277	1251.0	1290	13	0
purK	1038	978.0	1068	30	0
ylaB	1540	1518.0	1551	11	0
purH	1563	1509.0	1590	27	0
purN	635	627.0	639	4	0
purM	1029	1011.0	1038	9	0
ydcO	1164	1140.0	1176	12	0
ydcL	660	642.0	669	9	0
ydcJ	1343	1341.0	1344	1	0
nemA	1094	1086.0	1098	4	0
fucA	644	636.0	648	4	0
ydcF	796	786.0	801	5	0
fucO	1147	1143.0	1149	2	0
fucK	1413	1401.0	1419	6	0
fucI	1759	1725.0	1776	17	0
fucR	732	732.0	732	0	0
fucP	1305	1281.0	1317	12	0
fpr	730	696.0	747	17	0
feoB	2314	2298.0	2322	8	0
ydcT	1008	996.0	1014	6	0
ydcU	939	933.0	942	3	0
ydcR	1395	1371.0	1407	12	0
ydcS	1138	1122.0	1146	8	0
ydcP	1949	1923.0	1962	13	0
clcA	1403	1365.0	1422	19	0
clcB	1254	1248.0	1257	3	0
cdaR	1141	1107.0	1158	17	0
cpdA	819	801.0	828	9	0
cpdB	1882	1758.0	1944	62	0
talA	938	912.0	951	13	0
yejF	1586	1578.0	1590	4	0
talB	949	939.0	954	5	0
mak	891	855.0	909	18	0
groL	1627	1587.0	1647	20	0
spoT	2079	2019.0	2109	30	0
sucA	2776	2724.0	2802	26	0
sucC	1162	1152.0	1167	5	0
sucB	1215	1209.0	1218	3	0
sucD	849	807.0	870	21	0
bioB	1036	1026.0	1041	5	0
yfaT	620	612.0	624	4	0
torA	2515	2451.0	2547	32	0
yncE	1053	1035.0	1062	9	0
torC	1172	1170.0	1173	1	0
yfaQ	1635	1605.0	1650	15	0
pncB	1189	1161.0	1203	14	0
pncA	633	615.0	642	9	0
yfaY	1187	1155.0	1203	16	0
torR	688	678.0	693	5	0
uvrD	2118	2028.0	2163	45	0
torY	1084	1050.0	1101	17	0
uvrB	2002	1962.0	2022	20	0
uvrA	2729	2541.0	2823	94	0
ycaO	1746	1716.0	1761	15	0
ycaN	903	891.0	909	6	0
ycaM	1415	1383.0	1431	16	0
ycaL	758	744.0	765	7	0
cutC	746	744.0	747	1	0
ulaD	638	612.0	651	13	0
ulaE	829	777.0	855	26	0
ulaF	655	593.0	686	31	0
ulaG	1037	981.0	1065	28	0
ycaC	615	591.0	627	12	0
ulaA	1352	1260.0	1398	46	0
tktB	1998	1986.0	2004	6	0
tktA	1974	1938.0	1992	18	0
ytfT	989	921.0	1023	34	0
ulaR	751	741.0	756	5	0
ycaP	680	654.0	693	13	0
exoX	663	663.0	663	0	0
pabC	803	789.0	810	7	0
djlA	808	796.0	814	6	0
yghB	660	660.0	660	0	0
cobS	732	708.0	744	12	0
treA	1691	1677.0	1698	7	0
ytfQ	926	864.0	957	31	0
cobB	690	654.0	708	18	0
cytR	1018	1002.0	1026	8	0
nupC	1183	1143.0	1203	20	0
gapA	993	987.0	996	3	0
nrdB	1112	1074.0	1131	19	0
nrdD	2110	2052.0	2139	29	0
nrdF	952	936.0	960	8	0
yeaM	806	774.0	822	16	0
yeaN	1164	1128.0	1182	18	0
rhtB	618	612.0	621	3	0
rhtC	608	582.0	621	13	0
rhtA	886	882.0	888	2	0
ytfE	652	630.0	663	11	0
yeaW	1121	1113.0	1125	4	0
yeaV	1427	1389.0	1446	19	0
yeaP	1015	993.0	1026	11	0
ytfB	633	621.0	639	6	0
ytfL	1335	1317.0	1344	9	0
yeaX	956	936.0	966	10	0
xdhA	2255	2247.0	2259	4	0
yjiY	2116	2046.0	2151	35	0
argP	890	882.0	894	4	0
argS	1718	1686.0	1734	16	0
argH	1364	1344.0	1374	10	0
argI	972	906.0	1005	33	0
yjiH	684	684.0	684	0	0
argK	989	975.0	996	7	0
yjiN	1235	1143.0	1281	46	0
argO	608	552.0	636	28	0
carB	3147	2997.0	3222	75	0
argA	1319	1293.0	1332	13	0
argB	774	774.0	774	0	0
argC	1005	1005.0	1005	0	0
argD	1207	1179.0	1221	14	0
argE	1146	1134.0	1152	6	0
argG	1325	1287.0	1344	19	0
yggM	1006	1002.0	1008	2	0
tyrS	1271	1263.0	1275	4	0
yggN	716	708.0	720	4	0
yiiM	668	654.0	675	7	0
iaaA	964	960.0	966	2	0
yggF	945	903.0	966	21	0
citT	1454	1434.0	1464	10	0
yiiD	972	936.0	990	18	0
sstT	1224	1182.0	1245	21	0
ilvE	919	897.0	930	11	0
citA	1649	1629.0	1659	10	0
citB	672	654.0	681	9	0
citC	1050	1032.0	1059	9	0
citE	901	885.0	909	8	0
citF	1513	1473.0	1533	20	0
citG	869	849.0	879	10	0
degP	1403	1359.0	1425	22	0
degQ	1367	1365.0	1368	1	0
frwC	1080	1080.0	1080	0	0
degS	1057	1035.0	1068	11	0
hybC	1673	1611.0	1704	31	0
hybB	1162	1128.0	1179	17	0
hybA	977	957.0	987	10	0
yphH	1180	1152.0	1194	14	0
hybO	1103	1071.0	1119	16	0
accD	913	909.0	915	2	0
fmt	939	921.0	948	9	0
yphD	979	939.0	999	20	0
accA	950	930.0	960	10	0
yphB	868	858.0	873	5	0
accC	1324	1272.0	1350	26	0
iap	1024	996.0	1038	14	0
serS	1271	1227.0	1293	22	0
pnp	2111	2061.0	2136	25	0
yphE	1474	1398.0	1512	38	0
serB	957	933.0	969	12	0
serC	1081	1065.0	1089	8	0
serA	1228	1218.0	1233	5	0
treF	1626	1578.0	1650	24	0
copA	2439	2307.0	2505	66	0
tyrB	1191	1185.0	1194	3	0
tyrA	1106	1074.0	1122	16	0
yqhG	925	921.0	927	2	0
yqhD	1160	1152.0	1164	4	0
aroC	1050	978.0	1086	36	0
yqhC	953	945.0	957	4	0
yhiM	1044	1026.0	1053	9	0
yheT	1008	978.0	1023	15	0
prc	2028	1986.0	2049	21	0
aroH	1035	1011.0	1047	12	0
gyrB	2396	2358.0	2415	19	0
hslU	1327	1317.0	1332	5	0
gyrA	2611	2577.0	2628	17	0
sohB	1039	1017.0	1050	11	0
yigE	755	735.0	765	10	0
brnQ	1314	1302.0	1320	6	0
yigB	713	705.0	717	4	0
yigA	704	696.0	708	4	0
betT	2008	1956.0	2034	26	0
yigM	884	852.0	900	16	0
yigL	792	774.0	801	9	0
mrp	1079	1017.0	1110	31	0
betA	1637	1569.0	1671	34	0
ykgE	716	708.0	720	4	0
ybfF	755	735.0	765	10	0
ykgG	674	630.0	696	22	0
ykgF	1419	1401.0	1428	9	0
yigZ	611	603.0	615	4	0
grxB	644	636.0	648	4	0
ynfL	881	855.0	894	13	0
ugpE	837	819.0	846	9	0
hcaT	1130	1110.0	1140	10	0
leuD	603	597.0	606	3	0
leuB	1065	1011.0	1092	27	0
leuC	1377	1329.0	1401	24	0
hcaR	887	879.0	891	4	0
leuA	1551	1509.0	1572	21	0
leuO	938	924.0	945	7	0
asnS	1383	1351.0	1399	16	0
hcaE	1360	1356.0	1362	2	0
leuS	2566	2532.0	2583	17	0
hcaB	811	807.0	813	2	0
osmY	601	591.0	606	5	0
asnB	1611	1503.0	1665	54	0
asnA	969	921.0	993	24	0
tsgA	1179	1173.0	1182	3	0
ydbC	833	777.0	861	28	0
hisD	1250	1140.0	1305	55	0
hisF	756	714.0	777	21	0
hisG	878	834.0	900	22	0
hisA	738	738.0	738	0	0
hisB	1028	948.0	1068	40	0
hisC	1049	1005.0	1071	22	0
hisM	712	702.0	717	5	0
hisJ	779	771.0	783	4	0
hisP	770	762.0	774	4	0
hisQ	679	663.0	687	8	0
hisS	1267	1251.0	1275	8	0
ypdA	1682	1650.0	1698	16	0
inaA	649	645.0	651	2	0
manX	971	969.0	972	1	0
manY	798	792.0	801	3	0
yajR	1343	1299.0	1365	22	0
tus	923	909.0	930	7	0
manA	1159	1125.0	1176	17	0
ccmH	1027	975.0	1053	26	0
yajO	944	882.0	975	31	0
ccmF	1894	1794.0	1944	50	0
ccmA	615	597.0	624	9	0
ccmC	734	726.0	738	4	0
ccmB	658	648.0	663	5	0
lpxH	708	678.0	723	15	0
yoaA	1862	1764.0	1911	49	0
csiR	653	633.0	663	10	0
lpxL	916	906.0	921	5	0
lpxM	965	951.0	972	7	0
ycbL	646	642.0	648	2	0
lpxA	789	789.0	789	0	0
lpxB	1140	1122.0	1149	9	0
lpxC	916	912.0	918	2	0
lpxD	1025	1023.0	1026	1	0
ycbZ	1756	1746.0	1761	5	0
ycbX	1105	1095.0	1110	5	0
glcD	1491	1473.0	1500	9	0
glcF	1212	1188.0	1224	12	0
cycA	1387	1335.0	1413	26	0
glcC	762	756.0	765	3	0
artQ	717	717.0	717	0	0
artP	729	729.0	729	0	0
marC	661	651.0	666	5	0
acrB	3126	3078.0	3150	24	0
rluD	957	909.0	981	24	0
acrA	1192	1188.0	1194	2	0
rluA	656	648.0	660	4	0
rluC	960	960.0	960	0	0
rluB	843	797.0	866	23	0
artI	726	714.0	732	6	0
artJ	711	669.0	732	21	0
artM	662	648.0	669	7	0
helD	2050	2040.0	2055	5	0
polB	2309	2223.0	2352	43	0
polA	2784	2778.0	2787	3	0
yqiK	1598	1470.0	1662	64	0
yqiJ	619	597.0	630	11	0
ecpD	1634	1614.0	1644	10	0
ycbJ	894	894.0	894	0	0
lpxK	984	978.0	987	3	0
nusA	1480	1464.0	1488	8	0
hda	700	696.0	702	2	0
pepN	2554	2436.0	2613	59	0
pepA	1494	1458.0	1512	18	0
ycbF	705	693.0	711	6	0
pepB	1272	1248.0	1284	12	0
pepE	686	678.0	690	4	0
rbsK	927	921.0	930	3	0
mqo	1621	1569.0	1647	26	0
cyoA	940	924.0	948	8	0
emtA	610	606.0	612	2	0
pepQ	1304	1248.0	1332	28	0
pepT	1212	1186.0	1225	13	0
yidC	1640	1626.0	1647	7	0
cyoB	1982	1962.0	1992	10	0
ybeZ	1030	1008.0	1041	11	0
ybeX	874	864.0	879	5	0
yidE	1653	1635.0	1662	9	0
yidJ	1460	1392.0	1494	34	0
yidK	1711	1701.0	1716	5	0
ybeU	701	687.0	708	7	0
yidL	894	894.0	894	0	0
ybeQ	967	945.0	978	11	0
yidR	1190	1140.0	1215	25	0
rbsA	1498	1482.0	1506	8	0
yidP	708	690.0	717	9	0
ybeF	953	951.0	954	1	0
yidX	655	651.0	657	2	0
lsrK	1588	1578.0	1593	5	0
chaC	686	666.0	696	10	0
kdgT	979	969.0	984	5	0
kdgR	789	783.0	792	3	0
kdgK	922	906.0	930	8	0
hyaB	1784	1764.0	1794	10	0
hyaC	707	705.0	708	1	0
hyaA	1110	1092.0	1119	9	0
ssuA	951	933.0	960	9	0
ssuC	782	762.0	792	10	0
fimB	603	603.0	603	0	0
fimC	720	708.0	726	6	0
fimH	892	870.0	903	11	0
cca	1217	1173.0	1239	22	0
acrR	645	639.0	648	3	0
ygbM	771	759.0	777	6	0
fumA	1626	1584.0	1647	21	0
fumB	1645	1641.0	1647	2	0
fumC	1383	1341.0	1404	21	0
amn	1448	1434.0	1455	7	0
psd	964	954.0	969	5	0
acrF	3075	3015.0	3105	30	0
acrD	3084	3024.0	3114	30	0
ynaI	1021	999.0	1032	11	0
acrE	1146	1122.0	1158	12	0
zwf	1464	1440.0	1476	12	0
yccT	663	663.0	663	0	0
yccS	2141	2115.0	2154	13	0
yccA	656	648.0	660	4	0
yccM	1062	1038.0	1074	12	0
cydA	1568	1566.0	1569	1	0
cydB	1140	1140.0	1140	0	0
cydC	1701	1659.0	1722	21	0
cydD	1749	1713.0	1767	18	0
tdk	617	615.0	618	1	0
ushA	1650	1644.0	1653	3	0
tdh	969	855.0	1026	57	0
rmuC	1418	1398.0	1428	10	0
acs	1948	1926.0	1959	11	0
lolC	1197	1191.0	1200	3	0
mngR	710	684.0	723	13	0
mngA	1970	1956.0	1977	7	0
ybiV	807	789.0	816	9	0
ybiW	2363	2223.0	2433	70	0
garL	760	738.0	771	11	0
garK	1131	1101.0	1146	15	0
nrfD	950	936.0	957	7	0
dapF	825	825.0	825	0	0
lon	2342	2316.0	2355	13	0
nrfC	661	639.0	672	11	0
nrfA	1430	1416.0	1437	7	0
yegS	884	852.0	900	16	0
yegQ	1361	1359.0	1362	1	0
yegW	747	747.0	747	0	0
yegV	961	951.0	966	5	0
yegU	999	987.0	1005	6	0
yegT	1268	1248.0	1278	10	0
yegX	799	759.0	819	20	0
garR	878	864.0	885	7	0
ybiX	671	657.0	678	7	0
garP	1318	1284.0	1335	17	0
ltaE	980	936.0	1002	22	0
hsrA	1415	1389.0	1428	13	0
cbl	941	921.0	951	10	0
ygaZ	736	732.0	738	2	0
yafS	718	708.0	723	5	0
aceK	1706	1644.0	1737	31	0
aceA	1291	1263.0	1305	14	0
aceF	1864	1806.0	1893	29	0
aceF	456	222.0	568	112	0
aceF	453	219.0	565	112	0
aceE	2645	2607.0	2664	19	0
ypjD	786	774.0	792	6	0
rihC	882	816.0	915	33	0
rihB	921	879.0	942	21	0
rihA	917	879.0	936	19	0
lysA	1260	1254.0	1263	3	0
lysC	1333	1299.0	1350	17	0
lysP	1468	1464.0	1470	2	0
lysR	930	918.0	936	6	0
lysS	1493	1443.0	1518	25	0
lysU	1501	1467.0	1518	17	0
ansP	1489	1467.0	1500	11	0
ansA	1005	981.0	1017	12	0
ansB	1043	1035.0	1047	4	0
yqfA	656	648.0	660	4	0
uxaB	1434	1398.0	1452	18	0
norW	1125	1107.0	1134	9	0
norV	1412	1356.0	1440	28	0
yciV	881	879.0	882	1	0
pta	2143	2139.0	2145	2	0
alx	966	966.0	966	0	0
alr	1073	1059.0	1080	7	0
lacI	1072	1050.0	1083	11	0
rhaR	847	843.0	849	2	0
ileS	2785	2721.0	2817	32	0
lacY	1244	1224.0	1254	10	0
yjfF	958	884.0	995	37	0
mpl	1350	1302.0	1374	24	0
sanA	716	708.0	720	4	0
atpB	814	810.0	816	2	0
atpA	1542	1542.0	1542	0	0
atpG	864	864.0	864	0	0
pfkB	922	906.0	930	8	0
pfkA	958	948.0	963	5	0
atpD	1379	1371.0	1383	4	0
tnaA	1391	1341.0	1416	25	0
yieL	1151	1113.0	1170	19	0
hemH	954	936.0	963	9	0
tnaB	1237	1215.0	1248	11	0
hemN	1373	1371.0	1374	1	0
yieH	662	654.0	666	4	0
hemL	1253	1197.0	1281	28	0
hemB	960	930.0	975	15	0
hemC	923	885.0	942	19	0
hemA	1244	1218.0	1257	13	0
hemF	873	819.0	900	27	0
hemD	733	717.0	741	8	0
hemE	1058	1044.0	1065	7	0
ybdH	1059	999.0	1089	30	0
hemX	1138	1121.0	1146	8	0
hemX	54	52.0	55	1	0
hemY	1174	1128.0	1197	23	0
ybdL	1150	1128.0	1161	11	0
ybdO	892	870.0	903	11	0
mppA	1603	1581.0	1614	11	0
yceA	1038	1008.0	1053	15	0
yieP	684	666.0	693	9	0
ybdG	1240	1224.0	1248	8	0
nanA	893	891.0	894	1	0
nanE	685	675.0	690	5	0
sbp	975	945.0	990	15	0
yciO	611	591.0	621	10	0
cueO	1531	1491.0	1551	20	0
nanR	782	762.0	792	10	0
nanT	1457	1389.0	1491	34	0
yggE	737	729.0	741	4	0
ydcK	967	939.0	981	14	0
dgoD	1120	1062.0	1149	29	0
dgoA	611	597.0	618	7	0
trmA	1079	1035.0	1101	22	0
trmD	767	765.0	768	1	0
sbcD	1190	1164.0	1203	13	0
trmH	690	690.0	690	0	0
dgoT	1275	1239.0	1293	18	0
dgoR	682	666.0	690	8	0
ggt	1727	1695.0	1743	16	0
ybjT	1416	1386.0	1431	15	0
ybjS	1014	1014.0	1014	0	0
ybjX	990	984.0	993	3	0
ybjE	898	894.0	900	2	0
ybjD	1615	1527.0	1659	44	0
ybjL	1673	1647.0	1686	13	0
ybjJ	1205	1197.0	1209	4	0
ybjI	800	768.0	816	16	0
ylbE	1250	1230.0	1260	10	0
ylbF	791	741.0	816	25	0
frlR	732	732.0	732	0	0
yjjW	838	786.0	864	26	0
fklB	617	609.0	621	4	0
valS	2805	2703.0	2856	51	0
yjjU	1065	1047.0	1074	9	0
astA	1025	1005.0	1035	10	0
astB	1326	1290.0	1344	18	0
astC	1220	1218.0	1221	1	0
astE	969	969.0	969	0	0
yhjC	892	876.0	900	8	0
yjjP	761	741.0	771	10	0
avtA	1239	1209.0	1254	15	0
pntB	1375	1347.0	1389	14	0
pntA	1518	1488.0	1533	15	0
aphA	707	693.0	714	7	0
yhjX	1170	1116.0	1197	27	0
tauB	757	735.0	768	11	0
tpiA	753	723.0	768	15	0
tauA	949	921.0	963	14	0
malZ	1803	1779.0	1815	12	0
yjjI	1540	1518.0	1551	11	0
malX	1586	1572.0	1593	7	0
malY	1144	1086.0	1173	29	0
malT	2645	2527.0	2704	59	0
malP	2380	2352.0	2394	14	0
malQ	2074	2052.0	2085	11	0
malM	918	912.0	921	3	0
malK	1110	1098.0	1116	6	0
malI	1015	987.0	1029	14	0
malF	1536	1518.0	1545	9	0
basR	662	648.0	669	7	0
malE	1181	1161.0	1191	10	0
basS	1089	1083.0	1092	3	0
eutJ	827	807.0	837	10	0
yahG	1369	1269.0	1419	50	0
eutH	1210	1176.0	1227	17	0
yahB	910	864.0	933	23	0
eutL	629	567.0	660	31	0
eutB	1343	1305.0	1362	19	0
eutC	875	849.0	888	13	0
der	1465	1449.0	1473	8	0
eutA	1379	1329.0	1404	25	0
yahJ	1339	1251.0	1383	44	0
eutG	1172	1140.0	1188	16	0
eutE	1378	1323.0	1405	27	0
ispU	761	759.0	762	1	0
csgG	815	777.0	834	19	0
eutQ	699	693.0	702	3	0
eutT	803	801.0	804	1	0
actP	1619	1557.0	1650	31	0
yceH	643	633.0	648	5	0
yeiB	1145	1119.0	1158	13	0
yeaE	837	801.0	855	18	0
sseA	845	843.0	846	1	0
ybbA	680	666.0	687	7	0
sseB	765	741.0	777	12	0
mntH	1219	1179.0	1239	20	0
mgtA	2663	2595.0	2697	34	0
yqgA	701	687.0	708	7	0
mtgA	723	711.0	729	6	0
secA	2691	2661.0	2706	15	0
yahN	665	651.0	672	7	0
ilvY	850	776.0	887	37	0
secD	1829	1791.0	1848	19	0
secF	962	942.0	972	10	0
recR	599	585.0	606	7	0
yidA	794	756.0	813	19	0
ilvI	1706	1668.0	1725	19	0
coaE	617	609.0	621	4	0
ilvD	1803	1707.0	1851	48	0
coaA	948	942.0	951	3	0
ilvC	1425	1323.0	1476	51	0
ilvB	1669	1629.0	1689	20	0
ispG	1110	1092.0	1119	9	0
yedJ	682	654.0	696	14	0
yedI	909	891.0	918	9	0
yedE	1188	1152.0	1206	18	0
yedA	906	876.0	921	15	0
yedZ	624	600.0	636	12	0
yedW	662	642.0	672	10	0
yedP	797	759.0	816	19	0
yedQ	1668	1614.0	1695	27	0
emrY	1522	1488.0	1539	17	0
allD	1044	1032.0	1050	6	0
allC	1213	1167.0	1236	23	0
allB	1338	1290.0	1362	24	0
poxB	1682	1608.0	1719	37	0
ugpA	884	876.0	888	4	0
ugpB	1301	1269.0	1317	16	0
ugpC	1048	1002.0	1071	23	0
emrK	1150	1122.0	1164	14	0
allR	810	800.0	815	5	0
ffh	1336	1284.0	1362	26	0
emrA	1153	1113.0	1173	20	0
emrB	1515	1467.0	1539	24	0
emrD	1184	1182.0	1185	1	0
yibH	1135	1131.0	1137	2	0
pcnB	1385	1359.0	1398	13	0
yeaD	877	861.0	885	8	0
hyfD	1334	1300.0	1351	17	0
ydiO	1147	1137.0	1152	5	0
yibF	608	606.0	609	1	0
panC	835	801.0	852	17	0
pck	1586	1512.0	1623	37	0
panF	1434	1398.0	1452	18	0
panE	895	861.0	912	17	0
pcm	623	615.0	627	4	0
yibQ	943	909.0	960	17	0
yejE	1021	1011.0	1026	5	0
lsrC	1012	978.0	1029	17	0
lsrB	1010	984.0	1023	13	0
lsrD	990	984.0	993	3	0
yejB	1079	1047.0	1095	16	0
lsrF	868	852.0	876	8	0
cvrA	1702	1632.0	1737	35	0
yejM	1750	1728.0	1761	11	0
rbsC	961	951.0	966	5	0
rbsB	884	870.0	891	7	0
yejH	1708	1602.0	1761	53	0
yejK	995	969.0	1008	13	0
yidZ	939	897.0	960	21	0
lsrR	940	912.0	954	14	0
pspA	662	648.0	669	7	0
ygbN	1349	1317.0	1365	16	0
ygbL	639	639.0	639	0	0
rbsR	988	978.0	993	5	0
ygbJ	906	900.0	909	3	0
ygbK	1156	1131.0	1168	12	0
ygbI	766	762.0	768	2	0
dedD	657	645.0	663	6	0
dapA	878	876.0	879	1	0
lolB	624	624.0	624	0	0
lolA	612	612.0	612	0	0
dapB	806	774.0	822	16	0
dapE	1105	1059.0	1128	23	0
dapD	808	774.0	825	17	0
lolE	1239	1227.0	1245	6	0
lolD	691	669.0	702	11	0
mdlB	1757	1707.0	1782	25	0
mdlA	1760	1734.0	1773	13	0
ybiY	896	888.0	900	4	0
ybiB	959	951.0	963	4	0
ybiC	1078	1060.0	1086	8	0
yahI	918	852.0	951	33	0
ybiH	659	633.0	672	13	0
ybiO	2166	2046.0	2226	60	0
setB	1175	1161.0	1182	7	0
ydhF	895	891.0	897	2	0
frlA	1337	1335.0	1338	1	0
frlB	1018	1008.0	1023	5	0
frlC	828	822.0	831	3	0
frlD	784	780.0	786	2	0
cpxR	699	699.0	699	0	0
oppA	1624	1608.0	1632	8	0
oppC	907	903.0	909	2	0
oppB	913	897.0	921	8	0
oppD	1001	975.0	1014	13	0
asd	1104	1104.0	1104	0	0
gph	749	729.0	759	10	0
cpxA	1367	1353.0	1374	7	0
dinB	1030	978.0	1056	26	0
recJ	1703	1641.0	1734	31	0
ydcV	784	762.0	795	11	0
recN	1659	1653.0	1662	3	0
recO	718	696.0	729	11	0
recC	3328	3246.0	3369	41	0
recA	1059	1053.0	1062	3	0
recF	1062	1038.0	1074	12	0
recD	1798	1740.0	1827	29	0
ybcF	875	837.0	894	19	0
ispH	929	885.0	951	22	0
ispD	706	696.0	711	5	0
ispE	850	846.0	852	2	0
recQ	1803	1749.0	1830	27	0
ispA	885	855.0	900	15	0
ispB	966	954.0	972	6	0
ydiK	1109	1101.0	1113	4	0
ydiM	1206	1188.0	1215	9	0
ydiN	1252	1224.0	1266	14	0
elbB	650	642.0	654	4	0
pspF	976	972.0	978	2	0
ydiB	847	807.0	867	20	0
moaA	984	972.0	990	6	0
ydiY	752	738.0	759	7	0
ydiP	912	912.0	912	0	0
ydiQ	764	762.0	765	1	0
ydiR	933	921.0	939	6	0
ydiS	1270	1230.0	1290	20	0
ydiV	703	681.0	714	11	0
dinG	2106	2016.0	2151	45	0
dinF	1362	1326.0	1380	18	0
yaiC	1106	1086.0	1116	10	0
guaD	1313	1299.0	1320	7	0
guaC	1029	999.0	1044	15	0
guaB	1440	1386.0	1467	27	0
guaA	1566	1542.0	1578	12	0
yaiP	1190	1176.0	1197	7	0
dfp	1211	1191.0	1221	10	0
yaiO	771	765.0	774	3	0
cadA	2141	2127.0	2148	7	0
cadB	1328	1314.0	1335	7	0
gntX	678	666.0	684	6	0
yceG	1004	966.0	1023	19	0
yaiW	1083	1059.0	1095	12	0
yaiV	622	618.0	624	2	0
gntR	968	912.0	996	28	0
csdA	1189	1155.0	1206	17	0
gpp	1470	1440.0	1485	15	0
gntU	1307	1239.0	1341	34	0
gntT	1311	1299.0	1317	6	0
lexA	607	603.0	609	2	0
hyaF	858	858.0	858	0	0
ubiD	1470	1422.0	1494	24	0
sapC	880	858.0	891	11	0
ubiB	1638	1632.0	1641	3	0
ubiA	860	834.0	873	13	0
parE	1848	1758.0	1893	45	0
gntP	1337	1323.0	1344	7	0
parC	2243	2211.0	2259	16	0
aat	705	705.0	705	0	0
nhaB	1538	1530.0	1542	4	0
aas	2149	2127.0	2160	11	0
ascG	1001	981.0	1011	10	0
ascF	1437	1392.0	1459	22	0
miaA	950	948.0	951	1	0
miaB	1403	1359.0	1425	22	0
selD	1018	966.0	1044	26	0
selA	1384	1368.0	1392	8	0
selB	1806	1728.0	1845	39	0
ptrB	2048	2022.0	2061	13	0
rsgA	1048	1038.0	1053	5	0
galT	1025	981.0	1047	22	0
galU	907	903.0	909	2	0
galP	1386	1368.0	1395	9	0
galR	1024	1008.0	1032	8	0
galS	1033	1017.0	1041	8	0
yeeA	1039	999.0	1059	20	0
tatD	782	780.0	783	1	0
yeeY	916	888.0	930	14	0
galE	1006	984.0	1017	11	0
yeeZ	817	801.0	825	8	0
galM	1022	986.0	1040	18	0
rbbA	2693	2607.0	2736	43	0
treB	1398	1350.0	1422	24	0
gabT	1260	1218.0	1281	21	0
gabP	1356	1266.0	1401	45	0
rho	1249	1227.0	1260	11	0
puuE	1237	1179.0	1266	29	0
pnuC	720	720.0	720	0	0
hofC	1186	1152.0	1203	17	0
hofB	1379	1365.0	1386	7	0
yhaM	1303	1287.0	1311	8	0
yhaO	1261	1245.0	1269	8	0
macB	1925	1881.0	1947	22	0
macA	1109	1095.0	1116	7	0
yhaK	695	681.0	702	7	0
hofQ	1238	1236.0	1239	1	0
queA	1056	1026.0	1071	15	0
prpD	1439	1413.0	1452	13	0
prpE	1858	1802.0	1886	28	0
prpB	881	861.0	891	10	0
prpC	1148	1104.0	1170	22	0
ygcW	784	780.0	786	2	0
queF	840	822.0	849	9	0
rtn	1536	1494.0	1557	21	0
cdh	741	711.0	756	15	0
ugd	1120	1026.0	1167	47	0
prpR	1551	1479.0	1587	36	0
ubiG	704	666.0	723	19	0
mfd	3404	3318.0	3447	43	0
clpX	1259	1227.0	1275	16	0
hyfI	748	726.0	759	11	0
ubiE	756	756.0	756	0	0
hyfC	933	909.0	945	12	0
clpP	622	618.0	624	2	0
hyfA	606	582.0	618	12	0
gshA	1548	1530.0	1557	9	0
hyfG	1104	1078.0	1117	13	0
hyfG	510	504.0	513	3	0
hyfE	649	645.0	651	2	0
sspA	639	639.0	639	0	0
clpA	2255	2211.0	2277	22	0
clpB	2553	2511.0	2574	21	0
ssnA	1304	1254.0	1329	25	0
tatC	776	774.0	777	1	0
plsY	616	612.0	618	2	0
plsX	1065	1053.0	1071	6	0
hrpA	3746	3546.0	3846	100	0
plsC	731	717.0	738	7	0
plsB	2387	2313.0	2424	37	0
rpiA	659	657.0	660	1	0
yeeN	714	708.0	717	3	0
hypE	944	894.0	969	25	0
hypD	1090	1026.0	1122	32	0
ldhA	984	972.0	990	6	0
hypB	867	855.0	873	6	0
fsaB	638	588.0	663	25	0
yjcE	1636	1608.0	1650	14	0
crp	629	621.0	633	4	0
fsaA	653	633.0	663	10	0
yjcC	1585	1581.0	1587	2	0
yjcO	684	672.0	690	6	0
yjcZ	867	843.0	879	12	0
oxc	1694	1692.0	1695	1	0
frmA	1092	1053.0	1111	19	0
nlpA	818	816.0	819	1	0
uxuA	1172	1146.0	1185	13	0
nlpD	1130	1110.0	1140	10	0
thyA	781	753.0	795	14	0
nlpE	693	657.0	711	18	0
barA	2747	2727.0	2757	10	0
cbpA	912	898.0	919	7	0
gmk	623	621.0	624	1	0
uup	1901	1887.0	1908	7	0
mhpR	819	789.0	834	15	0
yicI	2311	2295.0	2319	8	0
yafV	756	726.0	771	15	0
mhpT	1200	1176.0	1212	12	0
yicC	845	807.0	864	19	0
yicG	612	600.0	618	6	0
solA	1101	1065.0	1119	18	0
mhpC	859	843.0	867	8	0
mhpB	938	924.0	945	7	0
mhpF	940	918.0	951	11	0
mhpE	1012	1008.0	1014	2	0
mhpD	794	762.0	810	16	0
yicR	661	645.0	669	8	0
fdhF	2132	2100.0	2148	16	0
fdhD	828	816.0	834	6	0
fdhE	908	864.0	930	22	0
tgt	1127	1125.0	1128	1	0
napG	695	693.0	696	1	0
napC	603	603.0	603	0	0
napA	2450	2376.0	2487	37	0
napH	859	849.0	864	5	0
sppA	1832	1782.0	1857	25	0
secY	1329	1323.0	1332	3	0
ravA	1486	1464.0	1497	11	0
suhB	792	768.0	804	12	0
ybhP	757	747.0	762	5	0
ybhS	1133	1131.0	1134	1	0
ybhR	1095	1071.0	1107	12	0
ybhL	704	702.0	705	1	0
ybhN	942	912.0	957	15	0
ybhI	1423	1401.0	1434	11	1
ybhH	1037	1005.0	1053	16	0
ybhK	909	909.0	909	0	0
ybhJ	2238	2190.0	2262	24	0
ybhD	933	891.0	954	21	0
ybhG	980	942.0	999	19	0
ybhF	1699	1623.0	1737	38	0
ybhA	813	801.0	819	6	0
ybhC	1268	1236.0	1284	16	0
tdcE	2290	2280.0	2295	5	0
tdcD	1205	1197.0	1209	4	0
tdcG	1352	1326.0	1365	13	0
tdcA	932	918.0	939	7	0
tdcC	1320	1296.0	1332	12	0
tdcB	984	972.0	990	6	0
rutR	632	618.0	639	7	0
glgB	2180	2166.0	2187	7	0
glgC	1293	1287.0	1296	3	0
rsxE	692	684.0	696	4	0
rsxD	1048	1026.0	1059	11	0
rsxG	618	612.0	621	3	0
glgP	2433	2403.0	2448	15	0
rutB	680	654.0	693	13	0
rutA	1136	1110.0	1149	13	0
rutG	1296	1230.0	1329	33	0
wcaK	1239	1155.0	1281	42	0
rutD	797	789.0	801	4	0
glgX	1965	1947.0	1974	9	0
wcaD	1198	1158.0	1218	20	0
wcaA	836	828.0	840	4	0
wcaC	1182	1110.0	1218	36	0
motA	887	885.0	888	1	0
motB	915	891.0	927	12	0
dsbA	622	612.0	627	5	0
dsbC	706	696.0	711	5	0
dsbG	747	747.0	747	0	0
ydhJ	843	813.0	858	15	0
ampH	1143	1113.0	1158	15	0
ydhC	1198	1170.0	1212	14	0
ydhB	926	912.0	933	7	0
pssA	1347	1329.0	1356	9	0
ampG	1456	1416.0	1476	20	0
ampE	855	855.0	855	0	0
ydhY	625	621.0	627	2	0
ydhX	664	654.0	669	5	0
ebgR	976	960.0	984	8	0
ydhS	1589	1557.0	1605	16	0
ydhQ	1241	1209.0	1257	16	0
ydhP	1169	1167.0	1170	1	0
ydhV	2078	2028.0	2103	25	0
ydhU	778	762.0	786	8	0
ydhT	806	792.0	813	7	0
chbF	1331	1287.0	1353	22	0
gss	1853	1839.0	1860	7	0
chbC	1352	1338.0	1359	7	0
yeeO	1470	1434.0	1488	18	0
yafJ	758	738.0	768	10	0
yafK	734	720.0	741	7	0
yafD	791	771.0	801	10	0
mipA	743	735.0	747	4	0
yafC	911	903.0	915	4	0
flgA	656	648.0	660	4	0
flgG	783	783.0	783	0	0
flgF	731	681.0	756	25	0
ycfH	795	789.0	798	3	0
flgD	694	690.0	696	2	0
flgK	1630	1602.0	1644	14	0
flgJ	940	936.0	942	2	0
gsk	1290	1260.0	1305	15	0
flgH	699	699.0	699	0	0
lptB	726	726.0	726	0	0
flgL	925	867.0	954	29	0
kduI	824	798.0	837	13	0
dhaK	1065	1053.0	1071	6	0
yeeE	1053	1041.0	1059	6	0
kduD	755	741.0	762	7	0
dhaL	630	624.0	633	3	0
dhaR	1903	1869.0	1920	17	0
yjbG	718	678.0	738	20	0
yjbF	616	570.0	639	23	0
yjbB	1609	1563.0	1632	23	0
mreB	1038	1026.0	1044	6	0
mreC	1096	1080.0	1104	8	0
yjbM	704	696.0	708	4	0
yjbH	2066	2004.0	2097	31	0
yhhQ	654	630.0	666	12	0
ptsP	2242	2232.0	2247	5	0
ptsI	1722	1710.0	1728	6	0
ychE	643	633.0	648	5	0
ychF	1088	1080.0	1092	4	0
ychA	808	804.0	810	2	0
ptsG	1433	1431.0	1434	1	0
dppA	1582	1530.0	1608	26	0
dppB	1011	993.0	1020	9	0
dppC	901	897.0	903	2	0
dppD	966	930.0	984	18	0
dppF	978	924.0	1005	27	0
uhpT	1383	1365.0	1392	9	0
nuoB	661	657.0	663	2	0
fhuD	870	828.0	891	21	0
fhuA	2236	2220.0	2244	8	0
nuoG	2705	2661.0	2727	22	0
fhuC	788	768.0	798	10	0
uhpC	1310	1290.0	1320	10	0
uhpB	1475	1419.0	1503	28	0
nuoH	977	975.0	978	1	0
galK	1129	1089.0	1149	20	0
nuoN	1432	1380.0	1458	26	0
nuoL	1827	1797.0	1842	15	0
nuoM	1526	1518.0	1530	4	0
proY	1363	1341.0	1374	11	0
proX	968	918.0	993	25	0
proW	1048	1014.0	1065	17	0
proV	1197	1185.0	1203	6	0
proS	1715	1707.0	1719	4	0
proP	1489	1461.0	1503	14	0
phnF	707	669.0	726	19	0
phnD	989	933.0	1017	28	0
phnC	769	729.0	789	20	0
phnL	655	600.0	682	27	0
proC	808	804.0	810	2	0
proB	1095	1077.0	1104	9	0
proA	1247	1233.0	1254	7	0
phnI	1019	927.0	1065	46	0
lipA	965	963.0	966	1	0
lipB	638	630.0	642	4	0
bacA	808	784.0	820	12	0
bcsZ	1098	1080.0	1107	9	0
thrS	1919	1899.0	1929	10	0
bcsA	2575	2487.0	2619	44	1
bcsB	2325	2295.0	2340	15	0
bcsC	3447	3393.0	3474	27	0
bcsE	1569	1563.0	1572	3	0
bcsG	1667	1641.0	1680	13	0
yehC	663	639.0	675	12	0
yqeG	1213	1183.0	1228	15	0
yehA	1016	981.0	1033	17	0
yqeA	923	903.0	933	10	0
yqeC	768	762.0	771	3	0
yqeB	1614	1590.0	1626	12	0
yobB	657	657.0	657	0	0
yqeH	631	627.0	633	2	0
yehL	1053	981.0	1089	36	0
yehP	1120	1086.0	1137	17	0
yehW	726	714.0	732	6	0
yehT	719	717.0	720	1	0
yehU	1663	1617.0	1686	23	0
yehX	913	885.0	927	14	0
yehY	1149	1131.0	1158	9	0
ycdX	731	717.0	738	7	0
pbpG	931	927.0	933	2	0
pbpC	2296	2262.0	2313	17	0
lldP	1624	1560.0	1656	32	0
bioC	732	684.0	756	24	0
lldR	771	759.0	777	6	0
bioD	666	642.0	678	12	0
bioH	769	765.0	771	2	0
lldD	1170	1128.0	1191	21	0
yhfT	1290	1260.0	1305	15	0
mukB	4407	4299.0	4461	54	0
mukF	1322	1320.0	1323	1	0
mukE	670	654.0	678	8	0
dbpA	1355	1317.0	1374	19	0
infB	2655	2619.0	2673	18	0
rlmB	717	689.0	731	14	0
azoR	594	570.0	606	12	0
exuT	1276	1230.0	1299	23	0
exuR	761	729.0	777	16	0
tufB	1184	1182.0	1185	1	0
tufA	1184	1182.0	1185	1	0
yhbV	867	843.0	879	12	0
nac	905	879.0	918	13	0
chaA	1090	1068.0	1101	11	0
ycgR	731	723.0	735	4	0
ycgM	651	633.0	660	9	0
yagU	615	615.0	615	0	0
ycgB	1520	1494.0	1533	13	0
ycgG	1514	1494.0	1524	10	0
yhaJ	884	858.0	897	13	0
murI	846	822.0	858	12	0
pyrH	723	717.0	726	3	0
pyrG	1634	1626.0	1638	4	0
pyrF	734	726.0	738	4	0
pyrE	624	588.0	642	18	0
pyrD	1011	1011.0	1011	0	0
pyrC	1034	1008.0	1047	13	0
pyrB	935	933.0	936	1	0
glpT	1346	1320.0	1359	13	0
glpQ	1059	1023.0	1077	18	0
cstA	2058	1962.0	2106	48	0
glpX	1008	1002.0	1011	3	0
glpD	1475	1413.0	1506	31	0
glpG	819	795.0	831	12	0
glpF	846	846.0	846	0	0
glpA	1620	1602.0	1629	9	0
glpC	1176	1146.0	1191	15	0
glpB	1218	1134.0	1260	42	0
mdtG	1221	1209.0	1227	6	0
glpK	1496	1470.0	1509	13	0
agp	1235	1221.0	1242	7	0
cdd	880	870.0	885	5	0
eda	640	636.0	642	2	0
ygfT	1900	1860.0	1920	20	0
edd	1801	1779.0	1812	11	0
tehA	988	978.0	993	5	0
queC	682	654.0	696	14	0
ygfZ	976	966.0	981	5	0
ygcR	779	777.0	780	1	0
yciC	740	732.0	744	4	0
prlC	1993	1893.0	2043	50	0
rseB	956	954.0	957	1	0
ygcU	1426	1368.0	1455	29	0
yciM	1161	1143.0	1170	9	0
rseA	650	648.0	651	1	0
yciK	750	732.0	759	9	0
yihU	895	891.0	897	2	0
codB	1239	1197.0	1260	21	0
yoaE	1557	1557.0	1557	0	0
codA	1268	1244.0	1280	12	0
yihQ	2024	1998.0	2037	13	0
katE	2211	2123.0	2255	44	0
katG	2149	2085.0	2181	32	0
kch	1245	1227.0	1254	9	0
trg	1622	1584.0	1641	19	0
yhcC	925	915.0	930	5	0
yeiL	654	642.0	660	6	0
nhaR	903	897.0	906	3	0
yeiH	1045	1035.0	1050	5	0
sapD	992	990.0	993	1	0
sapF	803	795.0	807	4	0
sapA	1642	1638.0	1644	2	0
sapB	958	942.0	966	8	0
cfa	1138	1116.0	1149	11	0
nhaA	1154	1128.0	1167	13	0
bglJ	620	612.0	624	4	0
birA	949	915.0	966	17	0
yeiQ	1447	1407.0	1467	20	0
yeiR	981	969.0	987	6	0
nfrB	2203	2133.0	2238	35	0
folP	847	843.0	849	2	0
aaeA	926	912.0	933	7	0
aaeB	1956	1932.0	1968	12	0
folE	663	651.0	669	6	0
folD	860	846.0	867	7	0
aldA	1432	1416.0	1440	8	0
folC	1256	1230.0	1269	13	0
folM	714	696.0	723	9	0
aaeR	919	897.0	930	11	0
ddpD	975	951.0	987	12	0
yiaF	702	684.0	711	9	0
rpoC	4213	4191.0	4224	11	0
rpoB	4026	4020.0	4029	3	0
rpoA	989	987.0	990	1	0
bglG	835	831.0	837	2	0
rpoD	1833	1815.0	1842	9	0
rpoH	840	810.0	855	15	0
rpoN	1422	1398.0	1434	12	0
yjaH	691	681.0	696	5	0
gshB	949	945.0	951	2	0
mrdA	1877	1827.0	1902	25	0
mrdB	1104	1086.0	1113	9	0
rpsD	621	621.0	621	0	0
rpsC	702	702.0	702	0	0
rpsB	725	723.0	726	1	0
rpsA	1670	1662.0	1674	4	0
fdnG	3010	2934.0	3048	38	0
fdnH	882	876.0	885	3	0
fdnI	649	639.0	654	5	0
deoR	756	750.0	759	3	0
deoA	1300	1254.0	1323	23	0
deoB	1203	1161.0	1224	21	0
deoC	768	744.0	780	12	0
deoD	707	681.0	720	13	0
usg	993	951.0	1014	21	0
tas	1041	1041.0	1041	0	0
cbrA	1045	1005.0	1065	20	0
phoQ	1459	1455.0	1461	2	0
phoP	661	639.0	672	11	0
phoR	1281	1251.0	1296	15	0
phoU	720	708.0	726	6	0
yfhH	847	843.0	849	2	0
thiQ	674	624.0	699	25	0
phoA	1398	1362.0	1416	18	0
anmK	1090	1050.0	1110	20	0
thiI	1426	1380.0	1449	23	0
phoB	685	675.0	690	5	0
phoE	1034	990.0	1056	22	0
thiM	775	747.0	789	14	0
thiL	966	942.0	978	12	0
thiC	1891	1881.0	1896	5	0
phoH	1064	1062.0	1065	1	0
thiG	766	756.0	771	5	0
thiF	752	744.0	756	4	0
thiE	634	630.0	636	2	0
thiD	796	786.0	801	5	0
trxB	956	936.0	966	10	0
yiaU	969	957.0	975	6	0
yiaT	731	711.0	741	10	0
yiaV	1118	1080.0	1137	19	0
yiaY	1141	1119.0	1152	11	0
purA	1296	1290.0	1299	3	0
yiaD	655	645.0	660	5	0
uraA	1282	1266.0	1290	8	0
yiaK	976	934.0	997	21	0
yiaJ	841	825.0	849	8	0
yqjH	760	750.0	765	5	0
yiaO	965	921.0	987	22	0
yiaN	1276	1272.0	1278	2	0
narY	1515	1455.0	1545	30	0
narX	1782	1752.0	1797	15	0
tar	1660	1656.0	1662	2	0
narZ	3732	3714.0	3741	9	0
narU	1384	1374.0	1389	5	0
narW	690	678.0	696	6	0
narV	670	648.0	681	11	0
narQ	1678	1632.0	1701	23	0
narP	637	615.0	648	11	0
narL	648	642.0	651	3	0
narI	673	663.0	678	5	0
narH	1527	1503.0	1539	12	0
narK	1385	1371.0	1392	7	0
narJ	695	663.0	711	16	0
tam	747	723.0	759	12	0
narG	3731	3705.0	3744	13	0
yihV	897	897.0	897	0	0
gcd	2360	2298.0	2391	31	0
gcl	1720	1596.0	1782	62	0
sthA	1386	1356.0	1401	15	0
yihW	786	786.0	786	0	0
paaX	935	903.0	951	16	0
paaC	740	726.0	747	7	0
paaA	924	912.0	930	6	0
paaF	752	720.0	768	16	0
paaG	778	756.0	789	11	0
paaE	1060	1038.0	1071	11	0
paaJ	1188	1152.0	1206	18	0
paaK	1298	1266.0	1314	16	0
paaH	1417	1395.0	1428	11	0
sdiA	709	681.0	723	14	0
ydcI	920	912.0	924	4	0
yrbL	631	627.0	633	2	0
yrbG	976	972.0	978	2	0
kbl	1180	1146.0	1197	17	0
dmsD	614	612.0	615	1	0
dmsA	2423	2379.0	2445	22	0
dmsB	611	597.0	618	7	0
dmsC	848	816.0	864	16	0
ruvA	604	588.0	612	8	0
ruvB	988	942.0	1011	23	0
yjtD	675	651.0	687	12	0
tsf	851	849.0	852	1	0
mutH	685	675.0	690	5	0
ynjF	621	621.0	621	0	0
mutL	1823	1773.0	1848	25	0
mutM	802	786.0	810	8	0
mutS	2491	2349.0	2562	71	0
tsx	881	873.0	885	4	0
rlpA	1067	1023.0	1089	22	0
tsr	1635	1570.0	1665	30	0
dam	835	831.0	837	2	0
ydjZ	697	675.0	708	11	0
modA	751	705.0	774	23	0
modB	686	678.0	690	4	0
modC	1036	990.0	1059	23	0
ydjE	1352	1338.0	1359	7	0
modE	785	777.0	789	4	0
modF	1457	1437.0	1467	10	0
ydjF	759	759.0	759	0	0
ydjI	837	837.0	837	0	0
ydjH	948	948.0	948	0	0
ydjK	1368	1344.0	1380	12	0
ydjJ	1038	1026.0	1044	6	0
yeaJ	1481	1461.0	1491	10	0
ydjL	1065	1041.0	1077	12	0
ydjN	1376	1344.0	1392	16	0
yadH	759	735.0	771	12	0
cusR	663	621.0	684	21	0
yadL	569	501.0	603	34	0
yfjD	1171	1119.0	1197	26	0
nfo	847	825.0	858	11	0
nadA	1039	1029.0	1044	5	0
gudD	1319	1275.0	1341	22	0
yadG	917	897.0	927	10	0
nfi	671	669.0	672	1	0
nadD	639	633.0	642	3	0
cusA	3129	3099.0	3144	15	0
cusC	1352	1310.0	1373	21	1
cusB	1220	1212.0	1224	4	0
gudP	1335	1299.0	1353	18	0
nadR	1188	1098.0	1233	45	0
uxuB	1449	1425.0	1461	12	0
waaF	1038	1020.0	1047	9	0
map	786	768.0	795	9	0
kdsA	853	849.0	855	2	0
kdsB	737	717.0	747	10	0
kdsD	979	963.0	987	8	0
rplD	606	606.0	606	0	0
rplB	822	822.0	822	0	0
rplC	630	630.0	630	0	0
rplA	705	705.0	705	0	0
metR	938	906.0	954	16	0
lrhA	933	921.0	939	6	0
hyuA	1378	1362.0	1386	8	0
rep	1966	1854.0	2022	56	0
metB	1150	1128.0	1161	11	0
metC	1169	1131.0	1188	19	0
mrcB	2484	2382.0	2535	51	0
metA	919	897.0	930	11	0
metF	870	828.0	891	21	0
metG	1988	1896.0	2034	46	0
metK	1141	1113.0	1155	14	0
metH	3614	3474.0	3684	70	0
metI	643	621.0	654	11	0
metN	1022	1002.0	1032	10	0
metL	2412	2370.0	2433	21	0
ycjR	776	750.0	789	13	0
ycjS	1047	1029.0	1056	9	0
ycjP	840	834.0	843	3	0
caiT	1510	1500.0	1515	5	0
ycjW	972	918.0	999	27	0
ycjU	650	630.0	660	10	0
ycjX	1330	1194.0	1398	68	0
yhbJ	853	849.0	855	2	0
yhbU	982	954.0	996	14	0
yhbW	986	942.0	1008	22	0
caiD	775	753.0	786	11	0
ycjF	1043	1005.0	1062	19	0
caiB	1202	1170.0	1218	16	0
caiA	1139	1131.0	1143	4	0
ycjN	1277	1245.0	1293	16	0
ycjO	871	849.0	882	11	0
ycjM	1677	1671.0	1680	3	0
garD	1542	1482.0	1572	30	0
yegH	1558	1506.0	1584	26	0
pgl	981	951.0	996	15	0
pgm	1607	1539.0	1641	34	0
pgk	1163	1161.0	1164	1	0
pgi	1629	1587.0	1650	21	0
potI	834	810.0	846	12	0
potH	941	915.0	954	13	0
potG	1077	963.0	1134	57	0
potF	1086	1032.0	1113	27	0
potE	1290	1230.0	1320	30	0
potD	1016	954.0	1047	31	0
potC	788	774.0	795	7	0
potB	818	798.0	828	10	0
potA	1128	1110.0	1137	9	0
prmA	879	873.0	882	3	0
prmC	832	828.0	834	2	0
prmB	907	855.0	933	26	0
pflD	2256	2172.0	2298	42	0
pflB	2277	2265.0	2283	6	0
pflC	861	825.0	879	18	0
pflA	737	729.0	741	4	0
ahpF	1553	1527.0	1566	13	0
udp	760	756.0	762	2	0
yqcE	1252	1200.0	1278	26	0
xylR	1176	1170.0	1179	3	0
xylH	1170	1146.0	1182	12	0
xylA	1311	1287.0	1323	12	0
udk	638	630.0	642	4	0
xylB	1431	1383.0	1455	24	0
xylE	1454	1410.0	1476	22	0
xylG	1530	1506.0	1542	12	0
xylF	984	966.0	993	9	0
dnaQ	717	687.0	732	15	0
dnaX	1910	1866.0	1932	22	0
dnaA	1396	1380.0	1404	8	0
dnaC	734	726.0	738	4	0
dnaB	1395	1353.0	1416	21	0
dnaE	3457	3405.0	3483	26	0
dnaG	1739	1725.0	1746	7	0
dnaK	1901	1869.0	1917	16	0
dnaJ	1122	1104.0	1131	9	0
dnaN	1087	1056.0	1102	15	0
sdhA	1727	1647.0	1767	40	0
sdhB	712	702.0	717	5	0
tldD	1422	1374.0	1446	24	0
trpB	1186	1170.0	1194	8	0
trpA	800	786.0	807	7	0
trpD	1574	1530.0	1596	22	0
trpE	1522	1440.0	1563	41	0
yraI	688	672.0	696	8	0
yliE	2313	2241.0	2349	36	0
yliF	1320	1302.0	1329	9	0
trpS	985	945.0	1005	20	0
fdoG	3019	2955.0	3051	32	0
fdoI	635	633.0	636	1	0
fdoH	895	879.0	903	8	0
fieF	899	891.0	903	4	0
pstS	1040	1038.0	1041	1	0
evgA	609	597.0	615	6	0
envY	756	744.0	762	6	0
btuD	739	717.0	750	11	0
btuF	799	795.0	801	2	0
ydeP	2243	2169.0	2280	37	0
ydeQ	901	873.0	915	14	0
btuC	968	942.0	981	13	0
btuB	1842	1836.0	1845	3	0
pstC	960	960.0	960	0	0
pstB	773	771.0	774	1	0
pstA	874	844.0	889	15	0
ydeO	755	741.0	762	7	0
envC	1230	1170.0	1260	30	0
ydeE	1180	1164.0	1188	8	0
ydeA	1182	1164.0	1191	9	0
yfiN	1218	1200.0	1227	9	0
uvrY	657	657.0	657	0	0
yfiH	723	705.0	732	9	0
yfiF	1025	999.0	1038	13	0
feaB	1492	1476.0	1500	8	0
yfiE	860	816.0	882	22	0
nagZ	1015	993.0	1026	11	0
nagE	1921	1869.0	1947	26	0
nagB	790	768.0	801	11	0
nagC	1215	1203.0	1221	6	0
nagA	1143	1131.0	1149	6	0
feaR	903	897.0	906	3	0
yfiP	691	675.0	699	8	0
uidB	1356	1320.0	1374	18	0
uidC	1258	1242.0	1266	8	0
uidA	1799	1773.0	1812	13	0
ybaP	784	762.0	795	11	0
aes	950	930.0	960	10	0
aer	1504	1470.0	1521	17	0
ysgA	808	792.0	816	8	0
csrD	1927	1899.0	1941	14	0
aroP	1372	1368.0	1374	2	0
tyrR	1532	1512.0	1542	10	0
yfgF	2232	2208.0	2244	12	0
tyrP	1211	1209.0	1212	1	0
yfgM	621	621.0	621	0	0
yheO	720	714.0	723	3	0
flhB	1149	1149.0	1149	0	0
aroA	1275	1257.0	1284	9	0
aroB	1085	1077.0	1089	4	0
flhA	2071	2055.0	2079	8	0
aroD	745	717.0	759	14	0
aroE	810	792.0	819	9	0
aroF	1066	1056.0	1071	5	0
aroG	1037	1005.0	1053	16	0
kefB	1778	1722.0	1806	28	0
kefC	1858	1848.0	1863	5	0
ybiR	1117	1113.0	1119	2	0
aroM	675	669.0	678	3	0
dld	1697	1659.0	1716	19	0
uvrC	1832	1830.0	1833	1	0
ycfQ	631	627.0	633	2	0
gldA	1085	1047.0	1104	19	0
rsuA	681	651.0	696	15	0
aegA	1956	1908.0	1980	24	0
prkB	864	852.0	870	6	0
ydeM	1148	1128.0	1158	10	0
endA	704	696.0	708	4	0
yniC	663	651.0	669	6	0
yniA	849	825.0	861	12	0
yegL	633	579.0	660	27	0
ydeN	1678	1668.0	1683	5	0
ycaD	1128	1086.0	1149	21	0
ttdA	909	903.0	912	3	0
ttdB	599	585.0	606	7	0
rpe	672	660.0	678	6	0
ynjE	1285	1239.0	1308	23	0
nhoA	834	810.0	846	12	0
wzyE	1343	1323.0	1353	10	0
agaC	800	792.0	804	4	0
rhlE	1331	1263.0	1365	34	0
rhlB	1257	1239.0	1266	9	0
agaD	787	777.0	792	5	0
agaI	738	702.0	756	18	0
hmp	1187	1179.0	1191	4	0
ybiT	1571	1527.0	1593	22	0
agaS	1143	1119.0	1155	12	0
agaR	805	795.0	810	5	0
yicH	1699	1677.0	1710	11	0
lgt	868	852.0	876	8	0
mutY	1044	1026.0	1053	9	0
yicL	922	918.0	924	2	0
ybiU	1258	1242.0	1266	8	0
rbn	911	897.0	918	7	0
fabR	647	645.0	648	1	0
yojI	1617	1560.0	1645	28	0
fabD	922	906.0	930	8	0
fabG	733	729.0	735	2	0
fabF	1231	1209.0	1242	11	0
fabB	1209	1185.0	1221	12	0
fabI	786	780.0	789	3	0
fabH	949	939.0	954	5	0
fkpA	809	801.0	813	4	0
ydjX	698	672.0	711	13	0
eptB	1686	1674.0	1692	6	0
eptA	1632	1608.0	1644	12	0
ackA	1201	1197.0	1203	2	0
setA	1177	1173.0	1179	2	0
arsB	1290	1290.0	1290	0	0
setC	1183	1179.0	1185	2	0
ung	674	642.0	690	16	0
xdhB	878	876.0	879	1	0
eamA	881	863.0	890	9	0
yohK	693	687.0	696	3	0
alkB	642	624.0	651	9	0
mtlA	1897	1863.0	1914	17	0
php	872	858.0	879	7	0
mtlD	1120	1062.0	1149	29	0
fhlA	2056	2010.0	2079	23	0
iscS	1208	1194.0	1215	7	0
dusB	966	966.0	966	0	0
dusC	932	900.0	948	16	0
envZ	1328	1278.0	1353	25	0
ydjG	981	981.0	981	0	0
yfaP	763	735.0	777	14	0
nirC	799	783.0	807	8	0
nirB	2514	2454.0	2544	30	0
radA	1354	1296.0	1383	29	0
sufB	1471	1437.0	1488	17	0
sufC	742	732.0	747	5	0
gmd	1109	1083.0	1122	13	0
sufS	1191	1131.0	1221	30	0
add	1002	1002.0	1002	0	0
ada	1049	1017.0	1065	16	0
gmr	1981	1971.0	1986	5	0
adk	642	636.0	645	3	0
otsA	1424	1422.0	1425	1	0
otsB	801	801.0	801	0	0
nadC	894	894.0	894	0	0
yhhX	1032	1020.0	1038	6	0
rstA	719	717.0	720	1	0
nadE	819	801.0	828	9	0
rstB	1290	1266.0	1302	12	0
cadC	1529	1509.0	1539	10	0
gudX	1309	1245.0	1341	32	0
murA	1244	1212.0	1260	16	0
murB	1011	975.0	1029	18	0
murC	1458	1422.0	1476	18	0
murD	1258	1140.0	1317	59	0
murE	1472	1440.0	1488	16	0
murF	1354	1344.0	1359	5	0
murG	1055	1029.0	1068	13	0
murP	1404	1362.0	1425	21	0
murQ	870	816.0	897	27	0
tmk	636	624.0	642	6	0
bglH	1602	1572.0	1617	15	0
dcm	1406	1380.0	1419	13	0
rarD	870	850.0	880	10	0
bglA	1414	1362.0	1440	26	0
bglB	1387	1368.0	1396	9	0
oppF	989	957.0	1005	16	0
bglX	2285	2259.0	2298	13	0
yadS	619	609.0	624	5	0
yddG	804	762.0	825	21	0
amtB	1261	1209.0	1287	26	0
dcp	2016	1956.0	2046	30	0
ndh	1296	1278.0	1305	9	0
zipA	984	978.0	987	3	0
yfhG	701	675.0	714	13	0
yabI	735	675.0	765	30	0
yfhR	848	834.0	855	7	0
mazG	787	777.0	792	5	0
appA	1298	1296.0	1299	1	0
yjfK	651	633.0	660	9	0
yjfJ	695	687.0	699	4	0
hflD	639	633.0	642	3	0
hflC	1001	993.0	1005	4	0
mraY	1075	1059.0	1083	8	0
yjfC	1128	1056.0	1164	36	0
hflK	1257	1251.0	1260	3	0
hdhA	758	738.0	768	10	0
yjfP	739	717.0	750	11	0
hflX	1279	1275.0	1281	2	0
fliY	784	750.0	801	17	0
arnT	1642	1620.0	1653	11	0
yhdJ	874	852.0	885	11	0
fliP	727	705.0	738	11	0
fliR	767	729.0	786	19	0
fliM	990	960.0	1005	15	0
fliI	1352	1308.0	1374	22	0
fliH	675	651.0	687	12	0
fliD	1389	1353.0	1407	18	0
fliG	982	954.0	996	14	0
fliF	1639	1599.0	1659	20	0
fliA	716	708.0	720	4	0
srmB	1312	1266.0	1335	23	0
menA	923	915.0	927	4	0
mglA	1504	1470.0	1521	17	0
mglB	985	957.0	999	14	0
mglC	1010	1008.0	1011	1	0
xdhD	2846	2796.0	2871	25	0
yohF	735	681.0	762	27	0
iadA	1158	1128.0	1173	15	0
hcr	968	966.0	969	1	0
nrdA	2245	2163.0	2286	41	0
hcp	1632	1590.0	1653	21	0
metQ	801	771.0	816	15	0
nupG	1255	1251.0	1257	2	0
pdxH	647	627.0	657	10	0
yghA	880	870.0	885	5	0
pdxJ	711	669.0	732	21	0
pdxK	833	795.0	852	19	0
wzxC	1429	1329.0	1479	50	0
pdxB	1114	1068.0	1137	23	0
wzxE	1245	1233.0	1251	6	0
pdxY	861	855.0	864	3	0
yghR	750	732.0	759	9	0
yghS	706	690.0	714	8	0
yghT	690	684.0	693	3	0
yghU	856	834.0	867	11	0
bcr	1169	1125.0	1191	22	0
