	K12_IAI1ref_chemostat1	K12_IAI1ref_chemostat2	K12_chemostat1	K12_chemostat2
thrA	17775	10338	19203	11206
thrB	5658	3157	6026	3377
thrC	9436	5351	9930	5701
yaaA	590	357	593	357
yaaJ	115	67	116	67
talB	7017	4062	7185	4166
htpY	37	18	43	21
dnaK	28624	18092	30091	19089
dnaJ	4342	2685	4609	2820
nhaA	824	424	838	438
nhaR	341	204	343	205
ribF	2591	1453	2654	1478
ileS	9070	5249	9661	5544
ispH	1268	740	1456	850
rihC	249	119	311	147
dapB	2107	1071	2292	1178
carA	5279	2599	5545	2739
carB	11292	5856	12812	6571
caiD	13	11	14	10
caiB	56	33	61	34
caiA	175	99	175	99
caiT	17	11	17	11
fixA	13	10	15	11
fixB	18	13	18	13
fixC	58	26	61	29
yaaU	39	20	40	21
kefC	383	190	384	191
apaH	436	233	475	257
ksgA	1265	685	1310	708
surA	5239	2929	5295	2968
imp	8029	4671	8035	4679
djlA	614	270	669	302
rluA	199	125	214	141
hepA	972	620	976	622
polB	278	130	303	146
araD	25	9	26	11
araA	106	61	114	68
araC	1388	589	1453	622
yabI	456	203	521	231
thiQ	147	76	222	126
tbpA	343	216	497	311
setA	486	269	487	270
leuD	5825	3449	5847	3469
leuC	8045	4702	8864	5137
leuB	5740	3532	6644	4128
leuA	9611	5677	10466	6214
leuO	124	77	127	79
ilvI	4749	2695	4993	2857
fruR	2650	1314	2730	1365
mraW	1736	921	1753	934
ftsI	1676	905	1720	930
murE	1778	1001	1855	1032
murF	1492	785	1498	788
mraY	852	462	895	483
murD	1260	652	1820	971
ftsW	1498	776	1527	805
murG	1291	663	1333	687
murC	1772	909	1865	946
ddlB	1999	1048	2058	1084
ftsQ	2129	1101	2203	1144
ftsA	5612	2861	5713	2915
ftsZ	13743	7141	13743	7141
lpxC	15278	8214	15302	8233
secA	6515	3610	6711	3733
yacF	507	350	476	324
coaE	473	267	474	269
guaC	1243	891	1298	924
hofC	101	52	106	58
hofB	97	59	98	59
nadC	316	236	316	236
ampE	470	270	470	270
aroP	6536	3775	6551	3777
pdhR	687	372	712	390
aceE	28498	14729	30260	15805
aceF	15785	8339	16526	8721
lpd	40622	22191	41154	22474
acnB	31498	17992	32808	18695
speD	2429	1546	2432	1549
speE	3044	1801	3044	1801
cueO	503	291	553	319
gcd	653	513	710	551
can	6390	3880	6403	3882
yadG	1007	559	1102	623
yadH	614	349	652	375
yadD	632	316	690	348
panC	2659	1531	2904	1665
yadL	25	17	49	30
ecpD	8	4	9	6
pcnB	1796	1124	1829	1148
yadB	431	274	436	277
sfsA	3096	1506	3096	1506
mrcB	1752	891	1926	972
fhuA	5835	2918	5884	2938
fhuC	398	217	417	231
fhuD	256	127	283	148
hemL	1988	1252	2374	1479
clcA	926	486	954	494
yadS	254	112	262	119
btuF	238	138	239	138
pfs	1807	1049	1807	1049
dgt	1046	630	1050	631
degP	5285	2992	5758	3284
cdaR	822	348	877	379
dapD	7961	4364	8433	4652
glnD	858	539	942	570
map	2896	1893	2989	1936
rpsB	36676	19303	36719	19323
tsf	21758	11708	21794	11724
pyrH	3752	1968	3921	2072
dxr	775	390	776	391
ispU	4412	2199	4412	2201
cdsA	1429	853	1712	992
yaeL	6936	3499	6949	3504
yaeT	18813	9871	18922	9932
lpxD	7168	4247	7188	4251
lpxA	3355	1931	3355	1931
lpxB	1697	919	1747	946
dnaE	3127	1783	3223	1855
accA	3174	1722	3406	1851
ldcC	605	410	637	423
nlpE	451	222	592	275
proS	5958	3542	6045	3606
yaeB	97	71	98	72
metQ	10197	5341	12369	6376
metI	2267	1182	2535	1342
metN	2311	1314	2377	1359
dkgB	586	304	586	304
yafC	432	263	433	264
yafD	1140	595	1154	599
mltD	16779	9376	17179	9601
gloB	998	462	1052	490
yafS	487	264	493	269
dnaQ	958	520	1085	608
yafT	6	6	7	6
yafV	316	193	341	211
fadE	2422	1046	2657	1154
yafJ	677	374	730	405
yafK	1633	914	1714	954
dinB	167	108	187	116
pepD	5625	3268	5823	3386
frsA	448	279	489	295
phoE	30	22	32	26
proB	1955	1119	1983	1133
proA	2753	1682	2781	1704
yagR	55	29	55	29
yagS	12	10	12	11
yagT	11	10	11	10
yagU	456	257	456	257
yagV	43	19	47	20
yagW	114	87	115	87
yagX	90	48	92	48
yagY	17	13	17	13
insF	367	254	2236	1502
ykgC	238	123	244	127
ykgD	116	54	116	54
ykgE	331	130	331	131
ykgF	619	195	624	197
ykgG	288	135	326	153
betA	286	150	321	177
betT	524	288	540	298
yahB	240	97	247	106
yahD	103	53	103	53
yahG	22	13	35	19
yahI	21	13	26	20
yahJ	232	141	269	181
yahK	1635	790	1664	799
yahN	44	28	46	31
prpR	326	142	358	156
prpB	362	43	415	45
prpC	239	46	289	52
prpD	335	55	350	58
prpE	512	87	528	89
codB	2814	1684	3069	1856
codA	4757	2540	5053	2710
cynT	37	17	37	17
cynX	23	19	25	21
lacY	58	28	62	29
lacI	853	309	894	324
mhpR	2400	700	2401	695
mhpB	27	16	30	17
mhpC	52	40	55	41
mhpD	45	34	47	42
mhpF	67	35	69	35
mhpE	101	46	101	46
mhpT	98	50	101	54
frmA	795	509	867	559
yaiO	43	23	44	24
yaiP	42	24	45	24
tauA	63	33	71	35
tauB	48	25	50	25
tauD	48	25	53	31
hemB	1288	813	1393	881
yaiV	33	15	33	15
ampH	563	303	583	312
sbmA	395	251	435	265
yaiW	581	311	611	331
ddlA	1309	726	1366	754
phoA	491	262	496	267
yaiC	34	22	35	22
proC	427	204	428	204
aroM	416	205	419	208
rdgC	1157	675	1278	726
mak	686	350	723	362
araJ	128	74	158	88
sbcD	282	152	291	163
phoB	248	196	250	196
phoR	193	125	198	129
brnQ	362	211	364	211
proY	359	216	368	222
malZ	469	268	497	289
queA	321	211	344	221
tgt	6108	2823	6108	2824
secD	8798	4701	9276	4972
secF	4077	2274	4193	2338
tsx	5189	2497	5219	2515
ribD	902	564	965	594
thiL	488	272	516	291
yajO	1534	727	1877	885
dxs	2509	1283	2718	1379
ispA	1135	567	1205	600
thiI	743	486	802	513
panE	417	229	474	274
yajR	343	201	382	219
cyoE	7276	3699	7546	3825
cyoC	5553	2795	5686	2861
cyoB	24140	12237	24833	12601
cyoA	16418	8810	16821	9026
ampG	374	221	389	232
tig	29041	15408	29156	15467
clpP	3194	1836	3201	1839
clpX	7267	4226	7784	4553
lon	8482	5395	8660	5513
ppiD	8763	4603	9069	4773
queC	1110	580	1167	624
ybaE	339	144	355	148
cof	160	111	174	117
mdlA	290	158	297	162
mdlB	238	153	246	157
amtB	172	99	213	104
tesB	408	183	412	184
ylaB	358	185	361	186
acrB	8469	4868	8682	4971
acrA	5699	3282	5706	3290
acrR	679	414	679	414
kefA	1689	920	1799	980
dnaX	1725	861	1801	903
recR	1125	663	1192	691
htpG	6929	4721	7078	4813
adk	6031	3221	6181	3307
hemH	292	154	303	160
aes	193	55	198	59
gsk	728	472	752	482
ybaL	1218	682	1319	752
fsr	294	183	308	189
ushA	2109	1115	2317	1209
ybaP	187	100	196	106
copA	898	475	1015	539
ybaS	68	43	75	45
ybaT	58	64	58	64
ybbK	533	316	547	326
ybbL	345	198	369	208
ybbM	272	167	272	169
ybbN	1687	1012	1825	1090
ybbO	269	153	288	174
tesA	486	259	486	259
ybbA	209	111	220	114
ybbP	405	238	432	254
ybbB	204	91	213	98
ybbS	8	5	8	5
allR	1586	904	1602	912
gcl	64	35	81	41
hyi	24	10	24	10
glxR	25	20	25	20
ybbW	11	13	13	13
allB	151	86	166	92
ybbY	28	18	33	21
glxK	97	43	100	44
ylbA	353	225	367	231
allC	182	108	202	117
allD	24	16	24	17
ylbE	34	17	34	17
ylbF	13	12	14	13
ybcF	30	16	46	31
purK	1442	762	1725	927
lpxH	512	332	592	379
cysS	1726	1075	1750	1086
folD	718	493	752	518
sfmC	13	0	14	0
sfmH	11	9	11	9
fimZ	11	16	11	16
envY	32	36	35	41
ybcH	56	35	60	39
nfrB	151	75	165	79
cusR	136	65	151	70
cusC	23	21	915	460
cusB	33	16	34	16
cusA	88	54	91	56
pheP	384	225	410	236
ybdG	566	367	573	372
nfnB	901	516	930	533
ybdK	147	105	167	117
fepA	1511	667	1848	791
fepC	140	87	184	106
fepG	105	44	120	47
fepD	77	48	81	48
ybdA	240	105	245	106
fepB	246	127	258	134
entC	498	236	542	255
entE	702	313	725	330
entB	689	281	697	284
entA	396	162	439	180
cstA	29040	10771	32937	12211
ybdH	1419	613	1888	834
ybdL	577	336	583	340
ibrB	90	49	93	51
ibrA	36	17	38	17
ybdO	28	15	32	16
dsbG	350	185	350	185
ahpF	3675	2056	3766	2094
ybdR	280	116	287	119
rna	411	257	424	262
citT	34	27	35	27
citG	19	12	19	13
citF	8	4	8	4
citE	16	11	16	12
citC	19	12	20	12
citA	320	182	327	186
citB	112	76	128	81
dcuC	57	28	62	31
lipA	2844	1554	2849	1558
ybeF	126	76	126	76
lipB	434	257	436	258
dacA	1648	1116	1671	1127
rlpA	1793	981	1946	1054
mrdB	946	476	969	485
mrdA	1078	619	1120	656
phpB	101	53	102	53
nadD	251	170	251	170
holA	875	531	880	533
leuS	9824	5486	9905	5540
ybeQ	200	136	201	137
ybeU	18	8	18	8
hscC	148	63	156	67
rihA	2283	968	2407	1034
gltL	1001	469	1136	533
gltK	539	270	621	316
gltJ	485	212	622	277
gltI	6517	3440	7493	3923
ybeX	3631	2056	3644	2062
ybeZ	3173	1880	3195	1880
miaB	1605	901	1692	979
asnB	2309	1276	2706	1544
nagD	775	426	897	512
nagC	998	556	1029	570
nagA	1177	622	1182	625
nagB	683	390	740	418
nagE	3628	1716	3857	1835
glnS	4329	2640	4741	2884
ybfM	136	51	140	53
ybfF	291	178	302	184
pgm	5196	2754	5697	3065
potE	142	63	160	80
kdpE	77	36	85	42
kdpD	422	194	461	225
kdpB	102	50	116	54
ybgH	233	88	254	97
ybgI	2385	1291	2476	1331
ybgJ	1296	661	1298	662
ybgK	1222	650	1345	718
nei	181	93	188	101
abrB	40	30	45	34
gltA	21271	12704	21985	13146
sdhA	16627	8013	18132	8745
sdhB	9374	4450	9537	4529
sucA	24015	12875	24432	13095
sucB	13309	7508	13412	7584
sucC	25450	14183	25587	14242
sucD	17357	10584	19705	12029
mngR	335	189	362	207
mngA	19	16	19	17
cydA	5124	2736	5126	2736
cydB	3894	1954	3531	1777
tolQ	1204	657	1242	669
tolA	2391	1163	2391	1163
tolB	9226	5218	9230	5221
ybgF	5282	3027	5304	3035
nadA	3915	2060	4009	2125
pnuC	1618	877	1618	877
zitB	442	224	442	224
aroG	4278	3105	4413	3194
gpmA	14990	7768	15851	8205
galM	2484	1400	2712	1516
galK	2681	1364	2942	1494
galT	689	341	741	356
galE	842	489	864	504
modF	1680	948	1704	963
modE	461	266	462	267
modA	2339	1249	2801	1532
modB	1220	629	1234	635
modC	1739	984	1900	1068
ybhA	514	272	525	273
pgl	993	564	1052	606
ybhD	49	29	61	30
ybhH	9	5	9	5
ybhI	2162	1139	815	419
ybhJ	114	64	122	67
ybhC	2222	1294	2364	1369
bioB	1978	1143	2040	1178
bioC	369	220	434	242
bioD	456	293	497	324
uvrB	1472	859	1519	886
ybhK	837	428	837	428
moaA	1579	940	1588	948
ybhL	931	617	939	626
ybhN	67	51	73	54
ybhO	177	127	181	137
ybhP	212	124	213	124
ybhR	141	76	146	77
ybhS	107	56	107	56
ybhF	327	174	372	191
ybhG	374	227	392	235
ybiH	122	87	128	101
rhlE	76	41	94	49
dinG	320	168	351	181
ybiB	807	450	809	454
ybiC	4713	2780	4740	2795
ybiX	152	89	154	91
fiu	530	267	552	283
ybiN	256	163	281	173
ybiO	178	98	196	117
glnQ	2851	1449	3067	1560
glnP	2759	1413	2779	1419
glnH	12055	6062	12063	6068
rhtA	101	47	101	47
ybiR	419	242	423	245
ybiS	1550	1080	1622	1144
ybiT	2564	1465	2708	1543
ybiU	160	104	162	107
ybiV	374	278	378	280
ybiW	120	50	147	67
ybiY	30	11	30	10
fsaA	102	71	110	73
moeB	363	194	440	244
moeA	638	358	729	389
iaaA	4241	1795	4159	1754
yliA	2773	1264	2802	1277
yliB	2185	1194	2372	1283
yliC	691	347	704	354
yliD	424	227	448	245
yliE	285	195	295	198
yliF	132	68	133	70
yliG	513	362	513	362
yliI	182	109	185	110
yliJ	2221	1341	2227	1348
dacC	2852	1479	2931	1516
deoR	613	343	620	344
cmr	217	142	224	145
ybjI	426	255	456	264
ybjJ	172	117	172	117
ybjL	526	343	532	345
nfsA	702	413	703	413
rimK	466	245	478	256
potF	2075	1129	2267	1224
potG	442	295	677	424
potH	291	160	311	165
potI	212	115	243	131
rumB	201	97	275	136
artJ	3721	1719	4520	2128
artM	794	391	840	422
artQ	720	380	720	380
artI	2376	1191	2431	1210
artP	1116	623	1116	623
ybjR	541	310	544	316
ybjS	351	176	351	176
ybjT	672	387	721	409
ltaE	1037	583	1179	655
poxB	1053	698	1288	839
hcr	31	17	31	17
hcp	27	15	27	15
ybjE	63	54	64	54
aqpZ	126	72	126	73
ybjD	878	514	989	573
ybjX	2699	1845	2703	1847
macA	726	352	729	352
macB	684	358	739	396
clpA	20687	11466	21009	11675
aat	131	97	131	97
cydC	748	497	800	526
cydD	843	483	884	504
trxB	4292	2465	4538	2601
lolA	1244	719	1242	718
ycaJ	509	297	539	316
serS	3131	1931	3290	2023
dmsA	124	83	128	86
dmsB	36	29	40	32
dmsC	89	49	107	57
ycaC	643	390	654	394
ycaD	196	117	212	128
ycaM	109	68	112	71
ycaN	93	77	95	80
pflA	414	279	418	283
pflB	33555	18230	33768	18345
focA	2237	1198	2323	1250
ycaO	1000	605	1027	625
ycaP	330	163	367	183
serC	8182	5409	8434	5561
aroA	4634	3018	4675	3050
ycaL	101	58	70	42
cmk	6778	3891	6808	3907
rpsA	90025	49709	90301	49871
msbA	2318	1456	2421	1504
lpxK	380	203	383	205
kdsB	1169	689	1208	721
ycbJ	347	152	347	152
smtA	1321	596	1419	641
mukF	1997	1070	1948	1043
mukE	1197	680	1228	703
mukB	6580	3510	7031	3760
ycbB	1010	561	1014	565
ycbL	3081	1539	3089	1542
aspC	6967	4420	7070	4479
ompF	605520	266441	605735	266540
asnS	6959	4146	7270	4297
pncB	2221	1534	2315	1591
pepN	4896	2577	5590	2962
ssuC	21	7	21	8
ssuA	25	20	30	21
ycbR	20	7	21	7
ycbT	106	42	126	53
ycbF	98	57	100	59
pyrD	532	371	532	371
ycbX	828	493	829	497
ycbY	1578	840	1634	862
uup	2623	1413	2638	1419
pqiA	463	262	463	262
pqiB	1004	491	964	464
ycbZ	1994	1116	1998	1119
yccR	456	252	456	252
yccS	651	396	656	399
helD	1742	998	1745	1001
yccT	50	25	50	25
yccW	643	413	841	529
yccA	4502	3052	4964	3346
hyaA	19	12	20	12
hyaB	26	18	26	18
hyaC	20	7	20	7
hyaF	28	12	28	12
appC	121	69	121	69
appB	63	41	63	40
appA	128	72	128	72
yccC	417	222	417	222
yccZ	81	42	81	42
ymcA	86	43	91	45
ymcB	14	4	14	4
ymcC	25	14	25	14
yccM	49	22	47	21
torR	234	99	250	106
torC	52	25	52	25
torA	146	85	151	88
cbpA	639	405	647	412
agp	5861	2364	5974	2414
rutG	105	48	118	54
rutD	7	1	7	1
rutB	5	4	7	5
rutA	12	4	12	4
rutR	287	175	294	176
putP	4551	1589	4979	1729
efeO	1014	481	1044	492
efeB	601	273	615	283
phoH	2008	1016	2008	1017
ycdW	1690	932	1691	932
ycdX	1606	800	1613	803
csgG	134	106	159	122
csgD	252	142	260	147
ymdC	603	368	605	369
mdoC	236	128	257	134
mdoG	3323	1948	3496	2045
mdoH	2579	1531	2592	1539
mdtG	58	42	61	43
lpxL	171	131	175	133
yceA	1894	1097	1979	1141
solA	949	579	1027	632
pyrC	1034	578	1226	678
grxB	836	450	838	450
mdtH	28	22	29	22
yceH	894	508	939	530
mviM	784	421	798	432
mviN	393	210	402	212
flgA	6301	3458	6326	3474
flgD	15466	8506	15489	8531
flgF	7402	4084	9522	5293
flgG	10538	5573	10614	5603
flgH	4009	2191	4009	2191
flgI	3944	2159	4120	2283
flgJ	2785	1553	2834	1579
flgK	28519	14721	29946	15519
flgL	23088	11937	27821	14532
rluC	1524	822	1524	822
plsX	4118	2193	4133	2202
fabH	5352	2829	5366	2836
fabD	7825	4200	7908	4227
fabG	15874	8325	15880	8337
fabF	7441	4197	7768	4357
pabC	478	271	479	271
yceG	399	207	424	223
tmk	319	168	325	169
holB	321	175	332	184
ycfH	705	385	706	386
ptsG	40435	19849	40464	19861
fhuE	458	221	463	224
ycfM	1026	576	1032	586
ycfN	621	288	625	290
nagZ	1572	869	1629	895
ndh	867	541	882	549
ycfQ	1001	555	1002	556
ycfS	519	271	522	273
mfd	2562	1532	2734	1622
lolC	716	390	717	390
lolD	341	220	389	256
lolE	1561	775	1589	787
ycfX	1098	515	1169	553
cobB	1079	526	1158	579
potD	6188	3130	7904	3979
potC	1228	655	1233	658
potB	393	272	404	283
potA	787	549	697	493
pepT	1873	1081	2025	1193
ycfD	1528	821	1589	852
phoQ	1834	1015	1839	1022
phoP	2066	1269	2218	1375
purB	873	603	935	641
hflD	345	171	350	172
trmU	1369	788	1370	788
ymfC	127	92	137	98
icd	98903	53722	109539	59606
ycgE	1160	587	1146	582
ycgF	494	280	494	280
ycgG	45	26	46	28
minD	4920	2645	4925	2647
minC	1766	880	1817	903
ycgM	889	515	976	560
umuC	129	71	131	71
nhaB	387	234	387	234
fadR	1019	482	1020	485
ycgB	977	605	999	625
dadA	1918	792	2135	869
dadX	1165	495	1220	521
cvrA	1018	562	1111	616
emtA	1060	587	1108	610
ycgR	6145	3542	6182	3563
treA	429	242	430	242
dhaH	855	481	865	486
dhaL	547	293	553	294
dhaK	1036	519	1051	523
dhaR	415	263	424	267
ychF	3343	2041	3352	2046
ychM	259	141	261	143
prsA	3539	2182	3540	2183
ispE	1284	747	1287	749
lolB	819	513	819	513
hemA	967	575	990	590
prfA	796	502	831	527
prmC	250	121	250	121
ychA	1412	746	1413	746
kdsA	3647	2089	3650	2092
chaA	963	657	987	670
chaC	533	276	501	244
ychP	243	147	299	179
narL	372	256	374	257
narX	382	266	390	272
narK	42	13	43	13
narG	199	84	198	84
narH	113	60	109	60
narJ	38	18	47	20
narI	49	27	49	27
purU	2249	1267	2332	1315
rssA	1407	697	1310	632
rssB	729	444	752	456
galU	2985	1854	2992	1858
tdk	733	416	733	416
adhE	9195	5921	9227	5943
ychE	175	92	175	92
oppA	90292	47486	90652	47682
oppB	10993	5665	11042	5701
oppC	10226	5207	10238	5214
oppD	9702	4971	10245	5249
oppF	9521	4529	10204	4882
cls	1791	926	1923	987
kch	294	183	315	194
tonB	1150	581	1204	610
yciC	713	418	723	427
ompW	1282	592	1343	621
trpA	1615	952	1647	978
trpB	3109	1956	3174	1993
trpD	1377	816	1524	902
trpE	428	273	554	342
yciV	804	485	805	485
yciO	704	406	746	446
rluB	1107	666	1315	802
yciK	862	482	885	496
sohB	2552	1488	2691	1559
topA	9104	5220	9134	5232
cysB	1311	773	1396	808
acnA	7717	4352	8151	4597
pgpB	521	274	521	274
yciM	1480	752	1498	759
pyrF	1143	697	1146	697
deoT	527	307	581	338
gmr	765	403	768	403
rnb	4516	2603	4588	2642
fabI	8263	4883	8328	4924
sapF	175	96	176	96
sapD	329	208	330	209
sapC	138	86	146	88
sapB	178	120	183	121
sapA	378	250	378	250
puuP	325	205	336	207
puuA	1758	1033	1934	1138
puuD	1449	799	1466	814
puuB	174	146	191	176
puuE	182	161	202	178
pspF	268	159	268	159
pspA	1829	849	1867	874
ycjM	66	27	66	27
ycjN	17	11	17	11
ycjO	16	12	17	12
ycjP	15	13	16	13
ycjQ	27	16	35	21
ycjR	36	20	44	24
ycjS	49	24	50	26
ycjU	9	5	10	5
ompG	14	9	15	9
ycjW	141	78	181	100
ycjX	342	196	545	325
ycjF	414	263	446	284
tyrR	1806	1000	1817	1004
ycjG	1036	431	1055	443
mpaA	353	218	349	221
ycjZ	253	182	261	190
mppA	1940	891	1983	909
ynaI	438	274	482	305
uspE	5041	2616	5054	2629
fnr	3771	2501	3771	2501
abgT	57	25	68	35
abgB	86	50	102	60
abgA	83	46	85	47
abgR	398	156	418	165
ydaM	485	282	505	294
ydaN	717	393	724	405
dbpA	238	128	250	137
ydaO	1131	601	1208	657
ompN	1479	861	1771	1006
ldhA	947	637	971	654
feaR	2227	784	2231	786
feaB	527	247	537	252
maoC	40	15	40	15
paaA	79	25	81	25
paaC	45	17	46	18
paaJ	51	25	54	26
paaF	20	16	24	18
paaG	44	25	47	25
paaH	92	30	95	31
paaE	1244	484	1261	487
paaK	1293	493	1338	525
paaX	750	329	873	384
ydbC	509	186	602	222
azoR	304	214	350	236
hrpA	1783	1007	2071	1177
ydcF	598	420	609	425
aldA	103247	37143	104345	37604
trg	13881	5214	14309	5394
ydcI	4433	2014	4475	2033
ydcJ	507	213	507	213
mdoD	2476	1179	2552	1219
ydcK	267	160	277	167
tehA	351	185	352	187
ydcL	2133	1218	2204	1259
ydcO	111	58	113	61
ydcP	1359	779	1400	801
ydcR	557	354	567	361
ydcS	1152	331	1170	341
ydcT	285	96	286	97
ydcU	127	61	127	61
ydcV	534	228	552	238
ydcW	2020	1029	2121	1069
yncB	805	404	973	493
yncC	221	122	223	122
yncD	460	263	462	266
yncE	5903	3116	6248	3315
ansP	164	108	168	109
yncG	94	49	107	52
nhoA	236	156	248	161
narV	54	30	58	31
narW	45	32	45	32
narY	119	63	127	69
narZ	184	111	184	112
narU	55	33	55	33
yddG	137	84	198	110
fdnG	234	144	223	142
fdnH	78	45	78	45
fdnI	46	34	53	35
adhP	1209	589	1327	638
sfcA	4661	2505	4925	2638
ddpD	95	33	98	34
ddpC	93	34	101	38
ddpB	52	26	54	26
ddpA	222	82	223	82
dos	345	210	359	222
yddV	499	302	543	317
yddW	298	182	303	186
gadC	345	151	349	154
gadB	400	225	399	223
ydeM	72	29	73	29
ydeN	772	417	777	418
ydeO	14	9	14	10
ydeP	184	124	199	136
ydeQ	28	16	29	16
lsrK	387	156	404	161
lsrR	707	283	742	293
lsrC	91	33	95	34
lsrD	100	40	100	41
lsrB	363	143	377	147
lsrF	410	168	443	177
tam	317	160	333	166
yneE	153	106	155	108
uxaB	302	162	321	173
yneF	89	55	91	58
yneH	394	207	403	214
yneI	597	385	663	433
ydeA	125	91	126	92
marC	272	146	277	150
eamA	1172	641	1234	670
ydeE	185	143	188	147
ydeH	441	209	441	211
dcp	4052	2182	4252	2282
ydfG	3155	1694	3189	1708
ydfH	533	372	536	374
ydfT	174	95	174	95
ydfU	16	11	16	11
rspB	163	68	172	71
rspA	241	89	241	89
ynfC	681	393	681	393
ynfF	162	117	162	119
ynfG	26	28	25	26
ynfH	206	120	208	121
dmsD	275	150	275	150
clcB	50	28	50	28
ynfK	358	180	358	180
dgsA	3043	1437	3096	1449
ynfL	115	51	120	55
ynfM	181	112	189	119
ydgD	541	325	587	351
ydgG	166	106	173	109
pntB	15124	8779	15536	9038
pntA	23843	13809	24866	14452
ydgH	4361	2391	4370	2395
ydgI	138	75	158	82
folM	297	166	305	170
rstA	1113	640	1113	641
rstB	1208	652	1227	655
tus	436	219	437	221
fumC	6108	2823	6701	3115
fumA	14053	5978	14668	6249
manA	1367	809	1478	878
ydgA	4873	2829	5509	3174
uidC	62	38	62	39
uidB	81	31	88	32
uidA	384	163	409	170
hdhA	1865	1074	1931	1123
malI	175	89	179	91
malX	366	213	367	214
malY	467	239	502	261
add	425	240	425	240
ydgJ	2129	1137	2131	1139
rsxD	299	168	306	172
rsxG	228	130	232	130
rsxE	120	70	120	70
nth	141	69	142	69
ydgR	266	173	284	189
gst	1052	629	1056	632
pdxY	624	336	625	337
tyrS	4895	2689	4906	2694
pdxH	951	522	1032	571
anmK	738	388	807	422
ydhJ	81	44	89	47
ydhF	995	429	1000	431
nemA	303	208	314	213
rnt	176	118	179	118
ydhO	427	223	427	224
ydhP	139	97	139	97
purR	2500	1455	2569	1483
ydhB	212	131	216	134
ydhC	101	60	107	62
cfa	1982	1297	2088	1357
ribC	1832	1112	1911	1158
mdtK	560	352	567	354
ydhQ	1893	1171	2017	1253
ydhS	456	238	462	251
ydhT	74	39	74	39
ydhU	99	45	99	45
ydhX	80	30	82	30
ydhV	95	36	101	40
ydhY	15	5	15	5
pykF	5394	3532	5406	3539
ynhG	1046	674	1060	688
sufS	620	294	759	366
sufC	459	220	492	231
sufB	1395	664	1443	688
ydiK	528	292	533	293
ydiM	22	15	22	15
ydiN	11	3	11	3
ydiB	91	59	96	63
aroD	432	256	455	272
ydiF	36	21	38	25
ydiO	44	23	45	23
ydiP	117	80	117	80
ydiQ	21	22	21	22
ydiR	47	36	50	36
ydiS	43	21	46	22
ydiD	130	78	135	83
pps	14266	7191	14977	7554
ydiA	311	194	314	195
aroH	427	302	455	328
ydiV	118	78	133	88
btuD	552	318	569	322
btuC	325	148	336	152
pheT	12650	6979	13102	7257
pheS	3892	2114	4018	2181
thrS	32243	17185	28963	15381
ydiY	170	95	175	96
pfkB	94	49	97	49
yniA	1370	603	1418	628
yniC	163	105	171	108
ydjN	4100	2556	4261	2642
katE	1954	1113	2188	1240
chbF	284	158	287	158
chbR	211	135	212	136
chbC	187	92	188	93
nadE	2581	1443	2712	1537
ydjQ	289	130	301	134
astE	101	39	101	39
astB	158	57	161	57
astA	225	88	230	89
astC	470	145	470	145
xthA	1003	518	1007	518
ydjX	124	52	141	61
ydjZ	98	52	103	55
ynjE	546	271	615	315
ynjF	110	49	110	49
gdhA	15576	9742	17165	10716
topB	1722	861	1873	921
selD	2977	1475	3343	1639
sppA	1367	817	1569	931
ansA	390	251	397	258
pncA	461	293	483	318
ydjE	68	38	68	39
ydjF	733	338	733	338
ydjG	156	107	156	107
ydjH	115	55	115	55
ydjI	149	70	149	70
ydjJ	114	42	115	42
ydjK	88	40	91	40
ydjL	116	58	118	58
gapA	43365	29905	43454	29979
yeaD	719	547	756	568
yeaE	507	280	521	284
mipA	2521	1720	2537	1727
yeaG	2946	1579	3066	1631
yeaH	618	339	632	347
yeaI	28	19	28	19
yeaJ	250	148	260	156
yeaM	145	111	157	118
yeaN	84	57	88	58
yeaP	1200	666	1201	665
yeaS	115	44	118	46
yeaT	767	300	781	307
yeaU	160	73	167	79
yeaV	50	22	54	23
yeaW	53	39	53	39
yeaX	151	56	153	56
rnd	594	340	596	340
fadD	3506	1285	3679	1349
yeaZ	650	348	722	378
yoaA	606	328	667	358
sdaA	367	224	370	224
adrB	161	88	163	88
yoaE	703	414	703	414
manX	35394	17045	35423	17055
manY	21810	11038	22491	11391
rrmA	354	190	377	205
kdgR	3164	1533	3175	1539
yebQ	53	36	54	36
htpX	5094	2988	5139	3017
prc	7374	4053	7638	4207
yebS	283	174	293	176
yebT	731	431	840	488
yebU	224	119	234	122
pphA	120	71	121	72
yebZ	483	322	489	324
yobB	198	98	198	98
exoX	382	188	382	188
ptrB	584	352	600	369
yebE	541	260	547	264
purT	1334	753	1382	777
eda	1172	662	1182	665
edd	1074	558	1075	559
zwf	5368	2939	5514	3029
yebK	1778	860	1795	866
pykA	6043	3028	6154	3080
lpxM	639	387	649	393
yebA	4610	2530	4685	2558
znuA	17829	10124	18056	10266
znuC	697	467	742	489
znuB	578	324	599	334
ruvB	637	402	727	475
ruvA	695	391	697	392
yebB	33	20	34	20
yebC	3881	2116	4041	2194
aspS	4989	2813	5252	2954
yecE	239	188	242	189
yecO	329	205	345	216
yecP	288	199	437	285
torY	56	21	64	29
cutC	554	319	554	320
argS	2662	1513	2788	1581
flhA	2515	1405	2520	1409
flhB	1734	905	1734	905
cheZ	8795	4788	8795	4788
cheB	7382	3799	7627	3938
cheR	4673	2559	4685	2568
tap	25532	12883	25606	12919
tar	40772	20329	40805	20355
cheA	27799	14853	29123	15549
motB	7119	4137	7610	4372
motA	11594	6060	11602	6062
otsA	1900	1080	1900	1080
otsB	1100	598	1109	604
araH	332	177	336	178
araG	493	236	523	252
araF	975	409	975	409
tyrP	346	230	346	231
yecA	1731	1001	1731	1001
uvrC	1623	934	1624	935
uvrY	1906	1065	1906	1065
sdiA	419	213	465	242
yecC	915	486	941	504
yecS	588	311	627	343
yedO	1853	966	1928	1023
fliY	22490	10645	24543	11643
fliA	21829	11173	23220	11884
fliD	10334	5771	11105	6205
amyA	3391	1860	3578	1977
yedE	3418	1522	3569	1578
fliF	5819	3105	6236	3311
fliG	4437	2411	4752	2602
fliH	2338	1310	2550	1431
fliI	1939	1021	2029	1070
fliM	2708	1531	2849	1634
fliP	437	256	491	291
fliR	251	126	301	146
rcsA	369	211	374	214
yedP	418	230	491	274
yedQ	407	261	392	257
yedI	694	401	711	415
yedA	39	24	44	24
dcm	1016	534	1039	549
yedJ	323	188	342	194
hchA	401	258	471	301
yedW	442	243	449	244
yedZ	93	50	101	53
yodA	10333	6120	10386	6150
yeeI	4478	1983	4484	1987
shiA	1113	613	1179	650
amn	824	530	834	544
yeeN	2534	1461	2534	1463
yeeO	172	89	175	89
cbl	964	465	994	487
nac	75	47	80	47
erfK	603	367	619	376
cobS	576	335	611	361
yeeA	433	287	460	301
dacD	300	151	344	185
yeeE	8326	3474	8398	3515
yeeF	2728	1708	2706	1689
yeeY	213	122	220	127
yeeZ	1091	625	1094	628
hisG	968	604	1154	713
hisD	621	381	849	539
hisC	647	394	754	462
hisB	1244	727	1546	901
hisA	1077	605	1077	605
hisF	787	422	934	502
ugd	246	117	310	152
gnd	12552	7394	19067	11233
galF	2841	1608	6011	3471
wcaL	26	15	43	25
wcaK	30	14	37	16
wzxC	19	12	25	16
wcaJ	21	10	25	14
cpsG	26	14	33	17
cpsB	46	21	46	24
fcl	23	11	28	14
gmd	38	29	39	29
wcaE	8	7	8	7
wcaD	19	19	26	22
wcaC	46	22	53	25
wcaA	13	10	13	10
wzc	34	16	35	17
wza	7	5	9	5
yegH	463	256	504	280
asmA	2201	1082	2246	1130
udk	399	254	400	254
yegL	26	7	39	12
mdtA	74	58	84	65
mdtB	197	110	217	118
mdtC	200	100	219	108
baeS	105	68	117	74
baeR	205	158	194	150
yegQ	526	347	526	347
yegS	298	181	312	192
gatD	9032	3752	9551	3966
gatZ	138196	53318	138739	53535
gatY	114869	46727	115782	47113
fbaB	5116	2556	5305	2643
yegT	140	85	142	86
yegU	185	86	194	87
yegV	160	79	163	79
yegW	177	99	177	99
yegX	242	109	260	118
thiD	932	503	946	509
thiM	1713	924	1852	1001
rncA	53	32	57	37
yehA	26	13	27	14
yehC	0	1	0	2
mrp	2991	1839	3604	2192
metG	1958	1230	2279	1443
yehL	7	4	8	4
yehP	15	8	21	11
yehT	654	305	654	306
yehU	1322	557	1355	572
mlrA	216	130	227	135
yehW	101	40	107	43
yehX	153	81	157	82
yehY	171	87	179	91
yehZ	441	225	442	225
bglX	1966	1056	1998	1079
dld	4837	2543	5011	2635
pbpG	651	354	651	356
yohF	157	97	213	126
dusC	136	85	159	90
yohK	66	49	66	49
cdd	318	171	330	180
sanA	159	92	160	92
yeiT	258	122	268	127
yeiA	394	164	402	168
mglC	4938	1841	5006	1878
mglA	11074	3932	12035	4298
mglB	34380	14482	36197	15214
galS	1058	396	1067	394
yeiB	305	184	326	200
folE	1432	937	1440	940
frmC	1464	920	2069	1247
cirA	2699	1405	2542	1330
lysP	2929	1835	2934	1836
yeiE	406	276	409	277
yeiH	163	107	164	109
nfo	613	395	650	419
yeiJ	14	17	31	32
rihB	18	7	21	7
yeiL	47	23	54	24
yeiC	209	68	213	68
fruA	1542	847	1670	914
fruK	779	407	781	408
fruB	699	415	703	419
setB	80	38	46	24
yeiQ	462	256	493	279
yeiR	246	144	248	145
yeiU	159	103	160	103
rtn	532	331	556	343
yejB	98	59	114	71
yejE	160	112	161	112
yejF	583	347	584	347
bcr	443	235	473	256
rsuA	467	319	508	371
yejH	85	63	99	69
yejK	1608	846	1714	886
yejM	1238	629	1253	646
narP	924	521	1068	592
ccmH	186	130	249	151
ccmF	235	106	287	137
ccmC	151	67	152	67
ccmB	74	40	79	40
ccmA	152	85	162	87
napC	313	141	313	141
napH	72	37	74	38
napG	54	32	54	32
napA	477	236	503	250
mqo	236	146	249	154
yojI	924	497	1036	551
alkB	36	18	39	18
ada	148	105	158	110
yojL	137	59	158	72
rcsB	4012	2301	4021	2308
rcsC	1379	769	1463	809
yfaP	33	10	38	11
yfaQ	111	40	113	40
yfaT	8	4	8	4
gyrA	10828	6352	11092	6511
ubiG	547	306	627	346
nrdA	2604	1674	2922	1878
nrdB	1914	1168	2137	1318
inaA	587	288	587	289
glpQ	58669	22142	62411	23644
glpT	65214	23551	68349	24728
glpA	8019	3147	8081	3167
glpB	4667	1789	5284	2028
glpC	3090	1230	3180	1276
yfaY	570	324	593	334
ais	18	11	22	11
yfbE	189	102	178	99
yfbF	48	36	48	36
yfbG	228	118	234	123
yfbH	78	42	80	43
arnT	103	51	105	51
menE	301	173	332	182
menC	376	223	485	301
menB	853	478	908	509
yfbB	271	171	283	178
menD	315	172	328	178
menF	622	369	633	377
elaC	302	226	306	234
nuoN	2052	1283	2299	1429
nuoM	2437	1436	2451	1445
nuoL	5194	2886	5309	2958
nuoH	4651	2381	4656	2382
nuoG	15597	7707	15983	7900
nuoF	6760	3386	7917	3978
nuoC	9723	4848	10396	5175
nuoB	5449	2648	5668	2759
lrhA	2898	1330	2908	1333
yfbQ	1132	658	1133	659
yfbS	346	187	351	188
yfbT	1504	883	1552	920
ackA	2263	1264	2469	1371
pta	3673	2109	3677	2113
yfcF	201	125	201	125
yfcG	88	56	90	57
yfcH	908	534	1004	609
hisP	1222	573	1229	573
hisM	903	435	913	441
hisQ	2074	957	2099	969
hisJ	10101	4285	10123	4298
purF	2648	1638	2659	1648
dedD	827	417	829	419
folC	1638	855	1667	875
accD	6977	3831	6993	3837
truA	998	598	1028	619
usg	918	533	989	588
pdxB	1452	886	1573	975
flk	440	238	461	242
yfcJ	78	62	83	65
fabB	4142	2786	4238	2839
trmC	476	315	477	315
yfcA	429	224	451	249
mepA	550	333	562	341
aroC	2090	1243	2536	1500
prmB	1646	965	1936	1104
yfcY	1421	534	1520	568
fadL	3423	1435	3592	1509
vacJ	1351	762	1418	798
yfdC	182	83	193	91
dsdA	197	128	199	129
emrY	14	9	15	9
emrK	32	15	35	17
evgA	320	216	343	230
yfdE	48	13	48	13
yfdV	12	9	12	9
oxc	52	18	52	18
frc	41	19	41	19
yfdX	25	8	25	8
ddg	65	35	90	50
yfdZ	844	478	938	551
ypdA	369	200	378	205
ypdB	428	212	428	212
ypdC	87	53	101	60
ypdD	118	63	132	72
ypdE	42	16	44	18
ypdF	56	29	67	31
ypdG	24	12	27	16
glk	1769	923	1848	968
yfeO	190	113	195	114
mntH	847	509	918	543
nupC	885	539	965	589
yfeA	743	412	749	412
gltX	5581	3237	5728	3320
yfeR	162	101	166	103
yfeH	677	358	529	290
ligA	1117	612	1193	648
zipA	4455	2255	4473	2263
cysZ	381	228	388	233
cysK	36048	17702	36987	18154
ptsI	45565	26519	45644	26560
pdxK	685	368	718	387
cysM	3598	1615	4221	1907
cysA	2727	1262	3742	1670
cysW	1836	802	2064	892
cysU	1764	682	1838	711
cysP	4240	1922	4240	1922
ucpA	3992	1529	4154	1595
yfeT	127	58	130	59
yfeU	173	68	206	82
murP	181	70	188	71
murQ	211	111	230	123
yfeX	2022	1105	2025	1106
amiA	743	455	791	476
hemF	238	140	279	159
yfeG	151	54	162	60
eutL	133	54	184	80
eutC	180	110	187	115
eutB	851	549	905	590
eutA	15	7	17	9
eutH	24	14	25	15
eutG	22	13	25	14
eutJ	14	11	15	11
eutE	27	9	32	11
eutI	71	46	72	46
eutT	38	23	38	24
eutQ	61	22	63	22
maeB	19269	8874	21048	9712
talA	1833	1187	1937	1255
tktB	3137	1997	3147	2002
ypfG	280	166	325	197
aegA	127	58	127	59
narQ	247	137	260	147
acrD	216	107	222	113
dapE	776	450	881	524
ypfH	360	160	360	160
ypfJ	990	592	1022	626
purC	4089	2289	4411	2464
nlpB	4710	2705	4710	2705
dapA	7453	4052	7456	4055
hyfA	4	5	5	5
hyfC	8	5	9	5
hyfD	22	12	25	12
hyfE	17	5	17	5
hyfG	40	19	41	19
hyfI	20	9	20	10
perM	375	230	383	238
yfgC	1964	1076	1979	1086
hda	968	534	952	522
uraA	2524	1389	2549	1405
upp	4406	2393	4495	2444
purM	2994	1733	3034	1756
purN	866	549	869	553
ppk	1258	740	1321	782
ppx	1154	633	1188	648
yfgF	102	62	102	62
guaA	5591	3126	5682	3165
guaB	3041	1981	3373	2176
xseA	526	350	550	366
der	2747	1605	2788	1626
yfgL	3749	2111	3769	2122
yfgM	2542	1343	2542	1343
hisS	5528	3139	5768	3272
ispG	3107	1744	3237	1813
yfgA	2003	1154	2094	1213
yfgB	1921	1063	1941	1078
pbpC	139	60	142	61
sseA	1575	683	1576	683
sseB	933	538	944	543
pepB	3184	1628	3255	1679
hscA	2815	1659	2889	1719
iscS	9476	5727	9518	5760
yfhQ	1053	642	1100	665
suhB	1564	918	1610	942
yfhR	32	21	31	22
hcaT	248	113	255	119
hcaR	5669	2045	5402	1950
hcaE	337	157	338	157
hcaB	77	42	77	42
yphB	110	58	114	58
yphC	124	49	136	54
yphD	31	10	37	12
yphE	78	41	94	45
yphF	79	37	92	43
yphH	480	218	488	220
glyA	19496	10100	20340	10566
hmp	896	476	903	477
yfhA	488	265	545	297
yfhG	392	202	324	176
yfhK	661	360	697	375
yfhD	328	170	349	193
yfhB	416	244	437	256
yfhH	257	140	260	140
pdxJ	1220	588	1536	783
recO	614	350	627	358
era	1589	874	2012	1149
rnc	1225	765	1377	874
lepB	2243	1268	2428	1374
lepA	5080	2840	5191	2909
rseB	2156	1114	2158	1115
rseA	6715	3520	6719	3521
yfiC	289	162	313	173
srmB	707	423	781	458
yfiE	166	91	215	124
ung	753	409	811	440
yfiF	1294	764	1320	772
yfiP	118	54	120	55
yfiQ	3850	1554	4008	1607
pssA	5024	2360	5083	2401
kgtP	21628	10824	22997	11537
clpB	9327	5774	9565	5936
yfiH	390	184	414	195
rluD	1129	631	1202	669
yfiO	5662	3265	5696	3279
pheA	2456	1470	2678	1599
tyrA	1773	1050	1939	1138
aroF	3410	1827	3415	1830
yfiN	105	65	109	67
trmD	31582	16544	31601	16555
ffh	2287	1305	2808	1605
ypjD	443	253	421	243
yfjD	552	359	602	400
yfjB	371	243	371	243
recN	783	431	783	431
gabT	790	396	879	443
gabP	231	126	263	147
csiR	391	185	402	188
nrdF	260	149	265	150
proV	1437	870	1448	883
proW	408	272	440	307
proX	1865	974	2107	1126
ygaZ	724	383	724	383
emrA	446	253	486	277
emrB	267	173	305	184
gshA	3538	2069	3601	2111
alaS	15332	8634	15586	8771
recA	7236	3950	7275	3970
mltB	178	86	178	86
srlE	75	40	75	40
srlD	150	90	150	90
srlR	543	241	582	260
gutQ	351	170	386	181
norV	75	44	83	52
norW	27	32	29	33
ascG	909	462	924	472
ascF	116	65	120	66
hycG	57	22	66	24
hycE	29	15	34	17
hycD	5	7	6	8
hycC	13	3	15	4
hycB	11	3	11	3
hypB	130	72	132	72
hypD	643	317	721	353
hypE	170	66	200	78
fhlA	152	95	161	101
mutS	1028	565	1187	645
ygbI	739	375	736	375
ygbJ	63	46	63	46
ygbK	78	51	73	48
ygbL	36	22	41	25
ygbM	42	28	43	28
ygbN	111	48	116	52
nlpD	61037	28516	64314	30073
pcm	980	486	985	490
surE	628	337	934	481
truD	1967	967	1976	972
ispD	429	243	449	261
cysC	2170	887	2176	887
cysN	8003	3569	8817	3925
cysD	5447	2381	5452	2385
iap	304	184	316	191
cysH	4823	2110	5605	2480
cysI	9405	4290	10254	4699
cysJ	6832	3154	7055	3247
ygcQ	37	34	37	34
ygcR	15	13	15	13
ygcS	31	11	31	11
ygcU	56	28	62	30
ygcW	25	10	25	10
yqcE	87	42	100	46
ygcF	691	400	695	403
eno	28639	17373	28655	17383
pyrG	6330	3792	6555	3939
mazG	948	502	1050	555
relA	3444	1797	3823	2005
barA	794	463	817	474
gudD	222	122	235	130
gudX	98	39	115	50
gudP	54	28	57	30
truC	225	116	235	122
queF	885	517	903	523
ygdH	1115	570	1123	572
sdaC	941	655	954	666
sdaB	367	233	380	242
exo	255	170	252	167
fucO	1288	467	1288	467
fucA	452	158	478	170
fucP	98	40	106	42
fucI	283	143	294	147
fucK	247	151	247	151
fucR	1465	642	1465	642
ygdE	815	441	815	441
gcvA	430	211	447	223
csdA	339	190	408	217
ygdL	427	209	453	222
mltA	954	468	1015	496
amiC	1399	726	1555	813
argA	3746	1655	3950	1754
recD	822	420	861	438
ptr	1603	843	1699	905
recC	1097	582	1139	616
thyA	1010	619	1139	697
lgt	819	460	859	484
ptsP	2755	1637	2759	1641
mutH	236	102	238	103
ygdQ	148	127	152	133
tas	908	572	908	572
ygeD	279	126	279	126
aas	878	538	909	552
galR	448	201	452	204
lysA	1488	752	1500	758
lysR	114	72	124	79
ygeA	727	358	729	359
araE	236	105	253	111
kduD	219	119	222	119
kduI	202	92	213	98
yqeF	5164	2217	5219	2238
yqeG	80	43	81	48
yqeH	35	25	35	25
yqeI	65	32	65	32
ygeH	21	13	21	13
ygeR	1117	544	1012	489
xdhA	178	90	178	90
xdhB	71	34	71	34
ygeV	1376	508	1393	512
ygeW	28	10	30	10
ygeX	51	23	51	23
ygeY	41	24	46	26
hyuA	53	18	53	18
yqeA	138	71	139	72
yqeB	407	144	410	147
yqeC	195	58	199	58
ssnA	20	9	22	12
ygfM	30	12	30	12
xdhD	158	95	157	97
ygfO	96	65	100	68
guaD	214	111	216	112
ygfT	159	62	169	63
ygfU	41	22	38	22
lysS	5726	3111	6174	3412
prfB	4401	2499	4535	2565
recJ	1032	623	1101	670
dsbC	1289	734	1296	735
xerD	994	555	1043	595
ygfZ	2234	1171	2247	1176
yqfA	600	322	624	336
bglA	2391	1519	2621	1638
ygfF	116	48	126	53
gcvP	2815	1227	2970	1305
gcvT	1461	693	1477	699
visC	990	601	1102	645
serA	16583	11578	16861	11784
rpiA	3556	1902	3563	1905
argP	801	446	801	446
yliK	83	38	84	38
argK	28	18	29	19
ygfG	37	21	37	21
ygfH	78	52	78	52
ygfI	120	47	120	47
yggE	1460	892	1473	896
argO	173	71	249	111
mscS	1807	1300	1808	1300
fbaA	17142	9705	17469	9915
pgk	18382	10606	18386	10606
epd	3393	1943	3394	1943
yggF	52	37	63	40
cmtA	31	15	32	17
tktA	5715	3959	6046	4171
yggG	1360	643	1453	693
speB	947	496	1206	623
speA	6953	3720	7868	4256
metK	4401	3115	4515	3181
galP	215	126	224	129
endA	42	9	43	9
yggJ	456	253	457	255
gshB	1392	766	1396	766
yggS	486	308	520	326
yggW	500	267	532	284
yggM	91	46	91	46
ansB	135	72	135	72
yggN	1123	570	1146	574
yggH	2040	1214	2049	1219
mutY	875	499	902	515
mltC	822	473	841	481
nupG	1201	482	1203	482
yqgA	57	23	58	23
yghK	429	252	439	252
glcF	1186	622	1245	655
glcD	1012	572	1017	573
glcC	1595	638	1600	641
ECIAI1_3132	17	11	204	108
yghR	9	4	10	5
yghS	16	10	17	10
yghT	7	4	7	4
pitB	48	25	33	22
gss	1069	666	1089	672
yghU	1668	846	1754	899
hybC	520	282	556	301
hybB	117	76	126	78
hybA	142	45	145	51
hybO	122	82	134	89
yghZ	3144	1152	3207	1180
yghA	266	145	268	146
exbB	3527	2046	3488	2028
metC	3022	1504	3280	1645
yghB	430	220	430	220
yqhC	215	114	226	118
yqhD	568	580	570	581
dkgA	473	337	473	337
yqhG	89	47	89	47
ygiQ	735	441	796	471
sufI	759	454	759	454
plsC	584	314	596	331
parC	2407	1252	2459	1283
qseB	53	27	53	27
parE	1752	955	1995	1086
cpdA	1826	909	1859	929
nudF	1060	582	1098	614
tolC	4044	2473	4489	2765
ygiC	2214	1273	2672	1503
ygiE	698	451	700	453
ribB	2849	1534	3033	1618
yqiJ	36	16	38	19
yqiK	46	37	58	44
rfaE	1740	1028	2134	1261
htrG	627	330	745	380
cca	771	396	833	426
bacA	761	387	846	440
plsY	416	221	416	222
ygiP	105	52	105	52
ttdA	23	13	24	13
ttdB	6	4	7	4
ygjE	74	38	76	41
gcp	574	322	622	355
dnaG	2282	1358	2291	1362
rpoD	7717	4710	7804	4748
yqjH	302	171	309	173
yqjI	383	197	384	197
aer	9324	4143	9661	4332
ygjG	1606	826	1622	831
ebgR	112	68	112	69
ygjI	18	9	18	9
ygjJ	10	7	10	7
ygjK	56	42	57	45
ygjO	183	133	212	151
ygjQ	11	8	21	15
ygjR	992	434	1077	473
alx	84	60	96	64
sstT	1765	876	1949	955
uxaA	926	405	985	428
uxaC	1115	464	1158	483
exuT	687	279	737	298
exuR	1014	519	1148	582
yqjA	592	335	592	335
yqjG	491	273	534	295
yhaJ	913	513	984	554
yhaK	80	31	80	32
yhaM	137	77	138	78
yhaO	58	28	62	29
tdcG	99	45	103	46
tdcE	530	272	531	273
tdcD	62	23	63	23
tdcC	182	90	194	93
tdcB	68	28	68	28
tdcA	39	27	40	27
garK	248	117	246	121
garR	207	117	223	124
garL	58	34	63	37
garP	23	7	25	7
garD	386	140	418	158
agaR	1393	729	1404	733
kbaZ	157	60	167	67
agaS	36	17	39	19
kbaY	26	8	26	10
agaC	10	7	10	7
agaD	24	16	25	18
agaI	17	5	19	10
yraI	11	7	12	7
yraL	504	248	563	293
yraQ	1093	523	1105	527
yraR	200	108	203	109
yhbU	39	17	39	17
yhbV	33	23	35	24
yhbW	196	132	206	141
mtr	322	163	430	225
deaD	1623	1087	1667	1096
nlpI	8761	4635	8761	4635
pnp	16017	8867	17694	9820
truB	1583	811	2004	1039
infB	23919	12503	24307	12723
nusA	8087	4322	8134	4337
argG	8918	4314	9463	4561
yhbX	155	82	155	82
glmM	3838	2030	3838	2030
folP	973	485	973	485
ftsH	13173	8065	13410	8198
rrmJ	4096	2454	4097	2455
dacB	185	115	187	117
obgE	1787	985	2129	1155
yhbE	1289	684	1290	685
ispB	1796	1042	1809	1045
murA	3106	1750	3179	1779
yrbC	2312	1356	2319	1357
yrbE	1111	626	1111	626
yrbF	2306	1242	2334	1258
yrbG	469	248	469	251
kdsD	2029	1107	2051	1131
lptB	2262	1323	2262	1323
rpoN	7529	4205	7828	4399
yhbJ	1736	1014	1740	1016
yrbL	4940	2880	4948	2883
mtgA	1029	569	1073	601
elbB	1293	669	1297	671
arcB	2404	1209	2430	1220
yhcC	35	19	35	19
gltB	13185	8943	14982	10037
gltD	7480	4901	8267	5387
nanE	133	59	150	61
nanT	274	122	320	142
nanA	509	200	509	200
nanR	701	452	776	488
dcuD	53	14	60	17
sspA	2973	1783	2973	1783
degQ	1755	1108	1755	1108
degS	538	333	543	338
mdh	32481	18179	34676	19445
aaeB	91	57	92	57
aaeA	185	95	190	96
aaeR	179	99	183	103
tldD	1604	883	1696	927
rng	2001	1106	2196	1199
mreC	766	462	828	498
mreB	3238	1943	3324	1988
csrD	1004	539	1031	565
yhdH	1241	642	1271	667
accC	7948	4371	8549	4701
panF	233	122	252	133
prmA	641	350	642	350
dusB	7596	4270	7596	4270
yhdJ	91	43	94	43
envR	93	60	93	60
acrE	14	13	15	13
acrF	245	139	254	143
aapQ	65	38	66	38
aapP	143	72	168	81
aroE	870	482	919	506
smf	1028	584	1064	598
fmt	1716	1129	1759	1147
rsmB	975	596	995	615
trkA	928	561	942	568
rpoA	64514	33859	64536	33876
rpsD	57743	30167	57743	30167
secY	67703	35654	66346	34965
rpsC	44913	21849	44913	21849
rplB	41895	21598	41895	21598
rplD	26961	15293	26961	15293
rplC	40280	22323	40280	22323
tufA	172475	90219	172677	90307
fusA	152172	77938	148426	76194
yheO	1330	850	1345	853
fkpA	6181	3750	6297	3810
kefB	597	334	646	349
yheS	861	575	875	587
yheT	257	143	282	153
prkB	630	345	662	362
crp	5687	3445	6933	4191
yhfK	1040	620	1064	624
argD	4099	1944	4290	2037
fic	379	181	395	189
tsgA	96	72	96	72
nirB	129	80	134	83
nirC	81	47	83	48
cysG	698	392	793	441
frlA	37	22	37	22
frlB	38	21	38	21
frlC	49	23	54	23
frlD	83	53	83	53
frlR	196	125	196	125
yhfS	43	38	43	38
yhfT	40	25	42	28
php	42	15	43	15
yhfZ	373	180	479	223
trpS	3480	1940	3702	2069
gph	1256	655	1297	681
rpe	1239	678	1271	697
dam	828	532	832	532
aroB	5064	2915	5075	2921
hofQ	83	39	83	39
yrfD	99	62	103	67
mrcA	1251	787	1334	851
igaA	1270	630	1337	659
yrfG	651	364	651	364
hslO	1067	590	1074	590
pck	17349	7644	19043	8420
envZ	990	497	1061	532
ompR	1533	839	1540	842
yhgF	1882	1145	1943	1175
feoB	1067	623	1077	625
yhgA	105	61	133	80
bioH	246	153	246	153
gntX	241	152	245	154
gntT	376	203	391	212
malQ	2900	1493	3021	1555
malP	4306	2216	4376	2248
malT	23747	10353	25720	11180
rtcB	156	84	162	88
glpG	902	502	921	510
glpD	38309	18670	45595	22202
glgP	5953	3402	6147	3486
glgA	3500	1980	3505	1983
glgC	4808	2687	4839	2707
glgX	3972	2232	3984	2238
glgB	6542	3632	6594	3668
asd	12543	6878	12548	6880
gntU	93	47	102	48
gntR	414	254	521	304
yhhW	279	143	287	148
yhhX	697	402	704	404
yhhZ	7	0	7	0
ggt	466	268	489	285
ugpC	420	227	447	235
ugpE	151	56	159	57
ugpA	89	46	93	46
ugpB	2296	852	2468	930
livF	2726	1395	3829	1971
livG	2533	1256	3036	1485
livM	3501	1824	4018	2066
livH	3154	1619	3413	1732
livK	11536	5527	11603	5582
livJ	49247	26926	52720	28734
rpoH	3579	2010	3688	2078
ftsX	974	638	1108	720
ftsE	722	393	769	411
ftsY	3505	1834	3772	1984
yhhN	172	97	179	107
yhhQ	132	84	149	93
yhhS	162	95	168	97
yhhT	212	135	226	143
nikA	12	16	14	16
nikB	19	6	19	6
nikC	14	5	14	5
nikD	22	13	23	13
nikE	23	13	23	14
yhhI	501	284	94	51
yhhJ	526	330	611	376
rbbA	1342	849	1441	899
yhiI	1740	960	1908	1058
yhiM	54	28	54	28
yhiN	462	263	485	275
pitA	2045	1234	2065	1250
yhiP	166	103	173	108
yhiQ	204	132	240	150
prlC	1964	1253	2181	1415
yhiR	204	133	213	135
gor	1764	1005	1766	1007
arsB	69	49	69	49
yhiD	41	26	41	26
mdtE	25	14	25	14
mdtF	162	106	172	113
gadW	140	101	148	112
gadX	305	157	330	181
gadA	337	190	334	187
yhjA	106	46	107	46
treF	280	201	294	216
yhjB	127	50	130	53
yhjC	209	107	212	110
yhjD	250	164	259	168
yhjE	2419	1833	2676	2000
yhjG	3212	1665	3243	1688
yhjH	8808	4459	8957	4547
kdgK	1284	606	1357	630
yhjJ	1016	554	1143	617
dctA	2990	1310	2995	1314
yhjK	521	290	535	297
bcsC	475	231	488	234
bcsZ	51	26	52	26
bcsB	61	47	62	47
bcsA	192	97	87	47
bcsE	1004	594	1006	595
bcsG	273	203	280	210
yhjV	576	275	589	283
dppF	2225	1215	2624	1424
dppD	2420	1221	2569	1287
dppC	2096	1001	2103	1003
dppB	2509	1201	2677	1276
dppA	44393	22780	50752	25972
eptB	644	289	647	291
yhjX	36	24	43	31
yhjY	560	300	561	301
yiaD	213	113	214	113
tiaE	1509	1028	1520	1043
yiaF	2726	1471	2888	1553
glyS	7560	4445	8203	4815
glyQ	4205	2408	4252	2437
yiaH	92	46	92	46
xylB	284	143	309	154
xylA	340	142	370	154
xylF	411	162	426	174
xylG	371	193	372	195
xylH	148	69	147	69
xylR	247	145	272	161
bax	14156	6629	15078	7065
avtA	1417	846	1666	972
yiaJ	326	175	331	178
yiaK	62	33	70	40
yiaN	22	11	22	11
yiaO	21	10	24	10
sgbH	18	13	26	20
sgbU	26	13	35	19
sgbE	36	17	42	18
yiaT	42	24	44	27
yiaU	107	61	108	61
yiaV	40	23	42	24
aldB	1382	478	1396	488
yiaY	16	9	16	9
selB	1216	653	1421	778
selA	571	299	579	305
yibF	232	125	231	124
yibH	99	66	99	66
mtlA	3119	1491	3204	1542
mtlD	1432	741	1681	850
lldP	723	349	842	412
lldR	305	142	316	151
lldD	442	230	465	241
cysE	1304	663	1408	709
gpsA	2836	1421	3230	1631
gpmI	2255	1564	2492	1740
envC	911	569	1066	636
yibQ	264	177	282	190
yibD	51	30	53	31
tdh	403	228	634	334
kbl	728	391	757	414
waaD	2021	1213	2187	1353
waaF	1353	819	1359	826
kdtA	510	282	532	293
mutM	268	136	271	139
yicR	746	440	939	556
dfp	674	484	679	490
pyrE	76	35	102	47
yicC	1417	802	1574	889
yicG	28	15	30	16
ligB	212	96	217	103
gmk	2462	1414	2462	1414
spoT	2603	1572	2707	1635
trmH	431	243	431	243
gltS	178	112	204	127
yicE	1102	667	1102	669
yicH	1292	752	1321	772
yicI	228	131	235	132
yicJ	43	23	43	23
setC	26	10	26	10
yicL	534	275	534	275
nlpA	3310	1605	3317	1607
yicM	64	53	55	45
uhpT	4167	2480	4186	2491
uhpC	113	63	114	65
uhpB	229	124	236	132
ilvB	6871	3306	6625	3161
emrD	14	3	14	3
yidJ	73	35	85	47
yidK	30	19	30	19
yidL	133	69	118	60
yidP	30	12	33	14
yidE	887	475	890	477
yidR	619	277	771	340
cbrA	41	14	44	18
dgoT	44	27	45	27
dgoD	108	73	126	80
dgoA	54	22	58	22
dgoR	424	166	441	176
yidX	202	112	202	112
yidA	426	269	467	301
gyrB	4459	2486	4693	2635
recF	434	243	456	256
dnaN	1319	715	1385	757
dnaA	2421	1268	2438	1279
yidC	6093	3475	6172	3514
trmE	732	462	774	500
tnaA	5628	2130	6005	2264
tnaB	481	167	532	188
mdtL	35	23	41	25
yidZ	162	87	176	91
yieE	283	121	285	124
yieH	199	136	214	140
yieK	58	40	67	47
yieL	41	19	42	21
bglH	43	22	43	23
bglB	45	34	45	36
bglG	39	13	39	13
phoU	835	521	893	585
pstB	1042	722	1043	723
pstA	237	175	257	203
pstC	406	334	406	334
pstS	1344	1205	1344	1205
glmS	5772	3713	6992	4462
glmU	4200	2382	4701	2733
atpD	25515	13439	25873	13603
atpG	19393	9788	19393	9788
atpA	44964	24469	44964	24469
atpB	23931	12006	23959	12023
gidB	373	218	373	218
gidA	1892	1177	1906	1186
asnA	463	269	526	308
yieM	384	224	384	224
ravA	332	196	361	211
trkD	641	374	645	378
rbsA	1971	870	1996	886
rbsC	1966	890	1972	893
rbsB	18005	8337	18170	8433
rbsK	2050	1009	2061	1013
rbsR	441	203	445	204
hsrA	177	124	179	127
yieP	491	296	521	332
hdfR	602	334	603	334
yifB	199	129	207	131
ilvE	1544	854	1611	902
ilvD	1684	916	1924	1040
ilvA	715	368	960	497
ilvY	136	86	217	133
ilvC	34908	18283	41620	21765
rep	725	429	853	479
gpp	1218	715	1229	721
rhlB	3098	1836	3150	1875
rho	3185	1915	3320	1991
rfe	1364	820	1395	834
wzzE	853	573	856	578
rffE	800	429	823	443
rffD	684	358	704	375
rffG	537	300	548	307
rffH	324	197	351	210
rffC	203	129	212	133
rffA	441	246	442	249
wzxE	374	200	389	207
rffT	284	149	305	157
wzyE	199	107	201	109
rffM	245	150	318	189
yifK	1558	752	1570	758
hemY	1742	956	1976	1073
hemX	2504	1337	2571	1366
hemD	835	447	854	456
hemC	905	505	962	537
cyaA	3021	2312	3173	2440
dapF	1282	658	1282	658
yigA	701	391	721	412
xerC	1137	555	1168	576
yigB	595	267	597	268
uvrD	971	520	1083	594
yigE	54	34	54	37
corA	987	537	1059	570
rarD	132	85	150	90
pldA	862	553	896	571
recQ	681	346	746	374
rhtC	498	266	540	279
rhtB	452	228	326	164
pldB	740	417	986	552
yigL	431	244	452	256
yigM	109	62	117	65
metR	445	251	482	274
ysgA	995	604	1133	697
udp	1787	984	1792	984
rmuC	1028	450	1043	465
ubiE	1797	999	1797	999
yigP	843	426	463	226
ubiB	1433	748	1435	748
tatC	855	489	856	489
tatD	347	183	347	183
ubiD	3095	1528	3259	1592
fre	2098	1063	2163	1093
fadA	1595	613	1627	625
fadB	5725	2062	5945	2147
pepQ	4458	2524	5009	2847
yigZ	518	285	536	293
trkH	701	434	722	447
yihE	1225	785	1244	797
dsbA	3075	1754	3082	1758
yihG	98	55	104	58
polA	4214	2118	4219	2122
hemN	1129	633	1129	634
glnG	660	315	662	316
glnL	535	263	535	263
glnA	4478	2858	4604	2945
bipA	8281	5336	8383	5392
yihL	177	101	214	128
yihM	424	199	425	200
yihN	184	101	191	104
ompL	22	8	22	10
yihO	47	34	49	34
yihP	24	14	28	17
yihQ	45	35	46	38
yihS	127	69	127	69
yihT	70	41	70	41
yihU	46	13	46	13
yihV	117	54	117	54
yihW	677	315	677	315
rbn	950	406	1056	451
yiiD	1659	833	1826	922
fdhE	588	284	670	315
fdoI	291	152	291	152
fdoH	444	231	463	239
fdoG	3997	2247	4072	2278
fdhD	388	207	394	209
frvB	20	16	20	16
rhaD	10	6	14	10
rhaA	17	11	21	15
rhaS	120	57	121	57
rhaR	95	37	94	37
sodA	31956	18070	31964	18075
kdgT	150	67	150	67
yiiM	477	262	488	268
cpxA	1884	1037	1924	1052
cpxR	2125	1247	2125	1247
fieF	1322	781	1325	781
pfkA	4282	2588	4323	2617
sbp	1322	638	1401	662
cdh	155	101	170	112
tpiA	7417	4474	8164	4924
fpr	1082	631	1195	696
glpX	3549	1667	3555	1669
glpK	114725	49867	121050	52700
glpF	41923	17569	41923	17569
menA	481	278	482	278
hslU	2961	1840	2992	1858
ftsN	844	465	870	480
cytR	1188	513	1200	520
yiiX	113	58	234	129
metB	1803	943	1820	952
metL	1984	984	2146	1058
metF	3952	2186	4404	2423
katG	8337	4471	9272	4945
yijE	98	46	104	55
yijF	12	9	13	9
gldA	199	108	220	120
fsaB	58	32	70	45
ptsA	65	28	66	31
frwC	73	33	73	33
pflD	144	70	166	78
pflC	65	28	68	30
yijO	61	32	64	35
yijP	727	402	844	470
ppc	7217	4581	7400	4734
argE	1746	954	1798	979
argC	2565	1154	2564	1154
argB	2310	962	2310	962
argH	3809	1686	3892	1715
oxyR	1450	864	1475	875
sthA	3638	1960	3761	2015
fabR	3855	1730	3849	1730
trmA	970	567	1061	621
btuB	2556	1321	2559	1323
murI	269	182	297	209
murB	1960	1028	2020	1053
birA	715	360	766	383
coaA	1398	742	1398	743
tufB	163491	86230	163475	86216
rplA	24218	13173	24218	13173
rpoB	45068	25144	45087	25157
rpoC	45413	24416	45883	24668
thiH	2978	1841	3330	2035
thiG	1586	991	1607	1005
thiF	1809	994	1824	1000
thiE	1484	944	1492	949
thiC	5701	3522	5708	3529
nudC	538	282	538	282
hemE	636	391	639	391
nfi	309	159	309	159
yjaH	535	295	626	337
zraR	368	192	381	204
purD	1263	758	1289	770
purH	1236	833	1359	902
metA	2653	1441	2830	1533
aceA	65448	35218	69521	37379
aceK	7990	4299	9744	5271
iclR	929	569	956	590
metH	7125	3736	7644	4002
yjbB	437	233	465	244
pepE	637	268	643	270
yjbC	456	272	651	395
lysC	2801	1494	2937	1560
pgi	8233	4844	8932	5207
yjbF	3	1	4	2
yjbG	5	6	5	7
yjbH	88	42	104	43
xylE	75	46	89	47
malG	521	285	532	287
malF	2060	951	2085	960
malE	21429	10426	22750	11078
malK	5480	2452	5572	2495
malM	1808	924	1813	927
ubiA	905	429	948	450
plsB	3183	1667	3286	1746
lexA	1670	928	1678	933
dinF	139	81	156	87
yjbM	11	10	11	10
yjbN	590	394	622	428
qor	1239	709	1323	755
dnaB	1378	732	1462	786
alr	503	297	517	307
tyrB	3675	2093	3682	2097
aphA	1276	451	1286	454
uvrA	1065	656	1319	782
yjcC	172	95	173	95
yjcE	597	364	619	379
actP	7099	3164	7670	3460
acs	29064	11625	29556	11825
nrfA	101	49	102	49
nrfC	6	6	7	7
nrfD	20	8	20	8
gltP	299	200	310	204
yjcO	703	368	743	383
fdhF	355	195	363	199
yjcQ	37	21	39	23
yjcR	12	11	12	13
phnL	22	13	22	16
phnK	28	13	30	13
phnJ	5	2	5	2
phnI	3	2	5	2
phnF	3	1	3	2
phnD	10	6	11	7
phnC	10	4	9	6
yjcZ	3956	2270	4050	2308
proP	2081	1705	2108	1729
basS	224	144	193	114
basR	208	85	217	93
eptA	119	55	123	59
adiC	23	8	24	8
adiY	9	10	9	10
adiA	79	34	78	35
melR	376	156	376	156
melA	303	147	307	148
melB	172	89	178	90
yjdF	161	83	166	86
fumB	298	122	298	122
dcuB	32	20	32	20
dcuR	709	340	749	369
dcuS	1193	594	1307	636
lysU	845	499	861	518
yjdL	129	64	132	67
cadA	99	46	100	49
cadB	13	5	13	5
cadC	68	43	69	44
dipZ	676	405	692	417
dcuA	2433	1505	2441	1511
aspA	9153	3662	9167	3666
yjeH	280	170	290	173
groL	44142	27485	45051	28059
yjeJ	459	264	464	269
yjeK	581	321	717	406
frdB	750	309	752	310
frdA	2287	881	2303	882
poxA	246	136	246	136
yjeP	665	405	732	442
psd	1143	693	1146	694
rsgA	2129	1138	2135	1142
yjeS	425	216	426	214
yjeF	650	258	671	274
amiB	783	496	845	525
mutL	1063	560	1109	596
miaA	8048	4535	8064	4539
hflX	6801	3826	6823	3838
hflK	5915	3499	5926	3503
hflC	4638	2790	4646	2795
purA	12336	7060	12429	7136
rnr	3886	2173	3977	2220
rlmB	451	284	467	302
yjfJ	20	15	21	15
yjfK	20	11	21	12
yjfC	20	4	24	6
aidB	264	158	285	173
yjfP	184	123	194	125
ulaR	489	237	497	242
ulaG	57	33	69	39
ulaA	53	34	78	38
ulaD	90	47	94	50
ulaE	96	37	106	49
ulaF	55	27	70	37
ytfB	1087	580	1027	552
fklB	650	360	651	360
cycA	4142	1799	4379	1897
ytfE	88	38	92	41
ytfF	66	44	65	38
ytfG	144	72	147	74
cpdB	2524	1097	3135	1352
cysQ	1147	575	1196	597
ytfL	260	158	261	159
msrA	359	223	363	224
ytfM	809	450	861	478
ytfQ	1000	360	1328	476
ytfT	90	32	118	41
yjfF	121	39	141	47
fbp	899	500	906	505
mpl	1865	1022	2058	1130
pmbA	1383	795	1485	853
nrdD	529	278	588	306
treC	232	104	237	105
treB	405	166	435	173
treR	205	135	218	141
mgtA	5325	2811	5460	2881
pyrB	13359	7167	13369	7172
yjgI	31	23	32	23
argI	3653	1584	4681	1997
valS	7928	4605	8592	5002
pepA	4719	2592	4927	2711
yjgP	1457	878	1467	882
yjgQ	897	500	937	530
yjgB	278	153	312	174
yjhT	312	171	340	185
yjhA	82	44	82	44
fimB	384	274	384	274
fimC	401	275	407	280
fimH	135	97	146	109
gntP	461	174	462	174
uxuA	895	422	922	434
uxuB	871	427	916	434
uxuR	555	286	564	292
yjiE	188	104	189	105
iadA	488	316	514	338
yjiH	14	12	14	12
yjiK	116	64	92	47
hgdC	58	22	59	22
yjiM	252	88	266	95
yjiN	127	61	161	95
yjiY	180	78	149	67
tsr	20189	10695	21818	11496
mdoB	1945	1117	2049	1152
dnaC	280	185	281	189
yjjP	61	35	65	36
yjjQ	6	3	4	3
bglJ	226	104	226	106
rsmC	520	320	535	329
yjjG	227	114	249	126
prfC	1775	1033	1983	1156
osmY	3084	1788	3121	1809
yjjU	723	378	728	379
yjjW	34	12	41	20
yjjI	64	47	64	47
deoC	311	173	330	184
deoA	706	332	739	353
deoB	1876	1037	2219	1246
deoD	2762	1537	3216	1798
ytjB	262	181	270	190
serB	836	416	885	437
radA	988	571	1101	632
nadR	886	468	1206	647
slt	1256	636	1325	673
ytjC	1314	567	1340	577
rob	1365	744	1481	811
creB	506	279	632	362
creC	308	166	324	179
arcA	7551	4056	7612	4086
yjtD	232	143	255	158
