	CMCP6_HS1	CMCP6_HS2	CMCP6_ASW1	CMCP6_ASW2
VV1_RS00065	1701	1361	3979	4263
VV1_RS00070	653	693	1131	1022
VV1_RS00085	8540	11160	1654	1685
VV1_RS00095	20380	110337	3335	2546
VV1_RS00120	309	668	390	515
VV1_RS00130	54	139	1349	884
VV1_RS00135	71	37	1149	1857
VV1_RS00140	104	45	5829	4585
VV1_RS00145	379	327	604	309
VV1_RS00150	39	47	93	108
VV1_RS00155	15	36	55	77
VV1_RS00160	131	498	1277	1521
VV1_RS00165	350	927	2223	2215
VV1_RS00170	94	690	1842	3083
VV1_RS00180	749	701	7836	5196
VV1_RS00190	836	12066	1469	1013
VV1_RS00195	651	4140	727	502
VV1_RS00205	588	1554	278	460
VV1_RS00210	7558	4616	3359	2165
VV1_RS00230	786	491	204	146
VV1_RS00240	648	656	258	133
VV1_RS00245	556	572	256	262
VV1_RS00255	471	430	117	185
VV1_RS00265	520	804	662	350
VV1_RS00270	726	960	728	509
VV1_RS00285	920	757	581	564
VV1_RS00575	991	601	1003	1151
VV1_RS00580	373	362	351	459
VV1_RS00590	80	119	118	46
VV1_RS00595	249	323	109	268
VV1_RS00600	4295	2345	1737	1811
VV1_RS00625	2020	2282	636	512
VV1_RS00630	3260	9244	1543	1146
VV1_RS00635	149	436	324	190
VV1_RS00650	1184	410	930	2528
VV1_RS00690	60865	67243	1645	3368
VV1_RS00705	1709	1200	212	399
ZNUC	2374	2558	1196	818
VV1_RS00715	286	735	275	430
VV1_RS00720	4394	9839	13540	8277
VV1_RS00730	3529	18066	23936	11591
VV1_RS00765	1454	1166	494	485
VV1_RS00770	189	403	342	331
VV1_RS00775	663	2009	479	493
VV1_RS00780	769	2468	653	440
VV1_RS00790	756	2929	1067	1587
VV1_RS00795	4461	3426	1034	1345
VV1_RS00805	638	442	401	468
VV1_RS00830	19768	2868	755	669
VV1_RS00835	8456	24505	19904	15457
VV1_RS00845	3222	5188	2563	2178
VV1_RS00850	5495	3192	1258	3019
VV1_RS00865	195	365	172	148
VV1_RS00885	13800	233553	1056	1026
VV1_RS00890	5083	3998	388	370
VV1_RS00925	144	5417	14006	6213
VV1_RS00930	132	5794	6798	4705
VV1_RS00935	894	1899	19160	7742
VV1_RS00945	7736	32701	779	740
VV1_RS00950	14051	5915	4750	2429
VV1_RS00975	3358	3764	1769	1722
VV1_RS00985	11194	3570	1386	622
VV1_RS00995	34710	8862	12430	6528
VV1_RS01005	2403	4876	26935	26789
VV1_RS01020	19228	6325	31180	18632
VV1_RS01080	2619	5913	9696	7806
VV1_RS01085	20632	17648	36862	28498
VV1_RS01110	3945	1172	6917	4263
VV1_RS01115	8109	2845	7748	4750
VV1_RS01155	770	811	2141	1354
VV1_RS01180	266	302	1392	702
VV1_RS01195	4310	3469	2966	2761
VV1_RS01200	2324	2376	3751	2686
VV1_RS01210	302	617	697	756
VV1_RS01235	1179	2451	147	79
UBIF	457	314	229	142
VV1_RS01330	2247	2687	1809	1308
VV1_RS01335	2482	1981	2207	1381
VV1_RS01345	2491	3181	1880	1610
VV1_RS01390	291	427	256	252
VV1_RS01395	465	739	408	222
VV1_RS01400	2073	2746	1030	1342
VV1_RS01415	3200	3415	684	577
VV1_RS01435	346	1868	637	500
VV1_RS01440	304	3824	776	771
VV1_RS01460	550	1235	620	279
VV1_RS01470	666	363	198	161
VV1_RS01485	1681	1153	483	331
VV1_RS01490	3643	5589	5553	6362
VV1_RS01495	12720	25439	187897	132619
VV1_RS01505	20	32	28	9
VV1_RS01510	3248	2768	409	254
VV1_RS01520	1646	1965	277	263
VV1_RS01525	1879	2040	259	269
VV1_RS01530	1762	1686	902	523
VV1_RS01540	2177	3009	4501	4482
VV1_RS01550	1520	6570	6016	4354
VV1_RS01555	1236	5775	3936	2147
VV1_RS01565	210	253	111	119
VV1_RS01580	5134	6675	2606	1999
VV1_RS01585	764	804	554	618
VV1_RS01625	577	220	80	47
VV1_RS01630	6166	5362	877	660
VV1_RS01640	16641	5729	12940	8017
VV1_RS01655	12253	3727	606	547
VV1_RS01660	1033	3262	409	516
VV1_RS01670	543	442	722	1080
VV1_RS01675	1004	2365	461	574
VV1_RS01685	1076	2213	576	357
VV1_RS01715	17437	111994	806	538
VV1_RS01730	255	223	182	163
VV1_RS01745	205	246	535	291
VV1_RS01760	5645	8319	24714	13589
VV1_RS01955	5335	2949	4113	6118
VV1_RS01975	79	67	131	67
VV1_RS01985	133	101	153	173
VV1_RS01990	51	86	87	86
VV1_RS01995	1309	559	324	377
VV1_RS02000	117	226	48	40
VV1_RS02005	500	284	351	270
VV1_RS02010	437	708	9467	10456
VV1_RS02015	2023	1523	761	650
VV1_RS02020	6502	297	4633	2239
VV1_RS02025	672	617	80343	96985
VV1_RS02035	719	355	880	804
VV1_RS02045	1614	2775	781	433
VV1_RS02060	1047	3723	8810	5122
VV1_RS02065	414	338	633	650
VV1_RS02075	4836	2997	1495	1297
VV1_RS02080	1462	1723	600	688
VV1_RS02095	11642	10534	7204	6667
VV1_RS02100	214	323	104	90
VV1_RS02110	6314	3316	2309	3481
VV1_RS02145	1953	926	11409	9071
VV1_RS02155	840	1213	296	185
VV1_RS02160	158	428	322	48
VV1_RS02190	371	653	979	590
VV1_RS02200	4968	4468	3233	2471
VV1_RS02205	15374	4552	2254	2549
VV1_RS02210	2050	2117	1110	812
VV1_RS02215	16500	19707	15980	8692
VV1_RS02225	2333	3451	27815	22503
VV1_RS02240	104	152	327	249
VV1_RS02250	2701	1728	964	1318
VV1_RS02255	1837	2898	2028	1545
VV1_RS02265	3035	6218	3899	3650
VV1_RS02270	1378	4811	20007	10102
VV1_RS02275	1465	4552	8176	6409
VV1_RS02280	208	688	535	474
VV1_RS02290	2881	2928	2521	2393
VV1_RS02300	534	690	465	228
VV1_RS02345	31773	447021	2220	1674
VV1_RS02360	6757	7931	3585	3080
PHEA	2882	1409	343	592
VV1_RS02385	8965	8034	2511	3202
VV1_RS02390	9601	6579	4220	4463
VV1_RS02400	270	1239	1167	752
VV1_RS02410	18801	3311	308	494
VV1_RS02415	6457	1260	98	153
VV1_RS02425	2737	2989	2049	3444
VV1_RS02440	1566	59987	279	232
VV1_RS02445	464	1608	471	458
VV1_RS02450	172	388	89	73
VV1_RS02480	1648	922	1158	942
VV1_RS02500	57	73	3591	1016
VV1_RS02505	992	1053	1738	996
VV1_RS02515	296	1083	303	320
VV1_RS02520	380	1402	443	423
VV1_RS02525	7244	8491	3144	2916
VV1_RS02535	1079	410	1584	1949
VV1_RS02545	7714	2044	2210	2411
VV1_RS02555	22845	10192	4143	7161
VV1_RS02565	6874	1660	608	690
VV1_RS02570	1090	861	331	455
VV1_RS02575	2347	1149	921	750
VV1_RS02590	81	145	117	83
VV1_RS02595	466	307	455	317
VV1_RS02600	1011	813	412	281
VV1_RS02605	9010	3593	1637	1949
VV1_RS02610	388	408	388	325
VV1_RS02625	45759	835	3164	2010
VV1_RS02630	7565	626	605	649
VV1_RS02640	22685	4088	4407	4448
VV1_RS02645	20332	4262	3325	4818
VV1_RS02670	15973	11411	4404	3528
VV1_RS02680	12380	23257	10835	11100
VV1_RS02685	1940	1328	1315	1472
VV1_RS02690	2526	1950	95	106
VV1_RS02720	678	1949	862	773
VV1_RS02730	188	533	76	64
VV1_RS02735	31	186	47	29
VV1_RS02740	144	590	126	109
VV1_RS02745	110	308	66	58
VV1_RS02760	336	517	140	90
VV1_RS02765	3810	1531	368	744
VV1_RS02790	47277	26049	49025	42327
VV1_RS02800	4905	6286	5219	5536
VV1_RS02815	704	1437	809	880
MURF	490	617	252	177
VV1_RS02840	121	347	119	95
VV1_RS02855	5202	4243	3798	4042
VV1_RS02860	9815	3617	2933	3507
VV1_RS02890	9538	7914	6435	9437
VV1_RS02895	6708	9326	6491	7425
VV1_RS02915	1915	1934	5544	4169
VV1_RS02925	5312	90230	1277	1494
VV1_RS02930	1334	914	516	407
VV1_RS02935	2228	1326	925	709
VV1_RS02940	1323	1106	469	320
VV1_RS02950	2817	1748	1787	1200
NUDF	2404	2158	639	664
VV1_RS02970	7542	5584	1917	2507
VV1_RS02975	6966	5987	2821	3140
VV1_RS02980	11574	25377	11101	11026
VV1_RS02985	1567	6708	6848	6242
VV1_RS02990	12360	5836	2702	2854
VV1_RS02995	1549	5890	5705	3740
VV1_RS03000	333	1202	451	228
VV1_RS03005	754	1033	115	187
VV1_RS03035	3206	2827	4074	4442
VV1_RS03045	465	1066	3659	1966
VV1_RS03065	17144	42373	12050	7852
VV1_RS03075	2922	4659	2316	2201
VV1_RS03080	227	329	497	358
VV1_RS03085	1732	3161	850	1229
VV1_RS03090	562	8075	12327	19803
VV1_RS03095	722	5442	5896	10674
VV1_RS03105	64934	1445	4156	5317
VV1_RS03110	16175	470	2252	4450
VV1_RS03115	22077	14064	5579	4295
VV1_RS03120	592	947	278	424
VV1_RS03130	3006	4535	2058	1376
VV1_RS03140	34735	14323	2198	4297
VV1_RS03145	4142	3219	1317	648
VV1_RS03155	56	92	64	117
VV1_RS03165	600	196	165	193
VV1_RS03170	10588	10975	3111	4201
VV1_RS03175	6726	9471	5102	2790
VV1_RS03180	3386	4904	2506	1738
VV1_RS03190	334	271	977	564
VV1_RS03200	4920	5014	2384	2483
VV1_RS03205	1180	1293	3248	3635
VV1_RS03260	5641	1967	1001	1223
VV1_RS03265	3222	10056	24778	12629
VV1_RS03275	8121	3904	4104	2460
VV1_RS03280	3345	1817	4801	3903
VV1_RS03290	171	192	294	265
VV1_RS03295	2265	2299	3355	4087
VV1_RS03310	2481	1920	7048	5562
VV1_RS03320	617	1214	2253	2922
VV1_RS03325	1107	2644	5906	7355
VV1_RS03330	267	538	325	253
VV1_RS03335	2862	2799	2088	1914
VV1_RS03355	1187	3171	738	675
VV1_RS03360	13113	17184	92115	46902
VV1_RS03375	361	632	2378	2714
VV1_RS03385	2237	1052	1276	1244
VV1_RS03400	172	52	94	43
VV1_RS03415	1626	1541	14340	8652
VV1_RS03420	7543	4696	49756	42584
VV1_RS03425	1160	2144	8631	7553
VV1_RS03450	1342	1952	901	868
VV1_RS03455	1589	715	5025	7124
VV1_RS03475	281	254	672	500
VV1_RS03480	91	86	226	164
VV1_RS03485	381	174	421	704
VV1_RS03495	16012	11229	6433	2530
VV1_RS03500	1199	266	789	1039
VV1_RS03505	594	598	2098	1954
VV1_RS03515	1073	358	6796	4035
VV1_RS03520	145	141	2288	1988
VV1_RS03540	367	227	1592	1019
VV1_RS03565	13245	5991	10524	4660
VV1_RS03775	3524	2392	7765	5477
VV1_RS03850	401	390	197	155
VV1_RS03915	12303	13473	21571	13348
VV1_RS03930	813	427	251	255
VV1_RS03945	2264	1657	1318	751
VV1_RS03950	3789	2283	1458	1359
VV1_RS03965	2930	1013	716	661
VV1_RS03990	3696	38557	17399	7305
VV1_RS03995	2926	1060	392	458
VV1_RS04020	2031	566	469	555
VV1_RS04025	29	40	9	3
VV1_RS04045	4041	798	2300	3895
VV1_RS04050	6235	1982	6471	7269
VV1_RS04055	2697	688	1279	1593
VV1_RS04060	851	286	988	971
VV1_RS04070	94	38	55	313
VV1_RS04075	235	60	178	829
VV1_RS04090	219	98	156	422
VV1_RS04095	701	393	231	349
VV1_RS04110	2346	1984	997	689
VV1_RS04115	18	25	18	14
VV1_RS04120	3258	2897	1055	1491
VV1_RS04125	87	296	117	142
VV1_RS04155	624	393	175	247
VV1_RS04175	3302	1746	17198	15751
VV1_RS04180	721	551	474	365
VV1_RS04190	623	448	454	565
VV1_RS04195	629	1122	1273	1538
VV1_RS04200	468	656	1114	1026
VV1_RS04210	586	1237	892	845
VV1_RS04220	860	742	315	241
VV1_RS04225	1553	1470	869	832
VV1_RS04235	2952	2265	1342	3134
VV1_RS04250	7726	290278	25248	18114
VV1_RS04260	1844	1600	1446	1317
VV1_RS04275	6528	2583	10855	7831
VV1_RS04285	1923	487	661	517
GLNG	24263	564	3758	3244
VV1_RS04310	3959	651	15062	15251
VV1_RS04315	595	1804	1016	642
VV1_RS04330	735	1483	3171	2451
VV1_RS04335	2449	5901	3115	5712
VV1_RS04345	6647	2712	1198	1159
VV1_RS04350	4457	3965	388	501
VV1_RS04355	451	448	405	385
VV1_RS04360	929	1501	598	902
VV1_RS04380	4220	1803	1677	1246
VV1_RS04395	1353	492	3071	2413
VV1_RS04400	2005	1430	30279	16990
VV1_RS04495	1531	514	6812	10783
VV1_RS04510	5505	7154	7273	8905
VV1_RS04515	4898	3497	2599	6813
VV1_RS04520	118	201	194	111
VV1_RS04530	187	282	2216	1500
VV1_RS04535	154	341	161	128
VV1_RS04540	579	341	104	179
VV1_RS04545	50	132	100	51
VV1_RS04560	58	71	167	168
VV1_RS04565	17	20	27	28
VV1_RS04580	40	83	70	70
VV1_RS04585	307	96	72	93
VV1_RS04590	5011	1614	538	414
VV1_RS04610	22	104	20	20
VV1_RS04620	1241	1756	824	938
VV1_RS04680	468	586	483	409
VV1_RS04685	308	372	341	223
VV1_RS04700	10370	1319	1259	1109
VV1_RS04705	3569	2171	656	903
VV1_RS04770	3144	1649	751	707
VV1_RS04780	182	365	1378	1071
VV1_RS04785	237	190	673	437
VV1_RS04790	95	236	350	213
VV1_RS04805	2209	1870	743	463
VV1_RS04830	4840	11927	947	803
VV1_RS04835	8788	10346	1368	976
VV1_RS04845	6874	13881	7749	5955
VV1_RS04865	38050	24115	14050	6403
VV1_RS04870	5334	7585	3965	2392
VV1_RS04875	13068	22472	9030	6405
VV1_RS04890	200	334	248	183
VV1_RS04895	1550	2557	29393	17189
VV1_RS04900	482	446	3765	2555
VV1_RS04905	263	221	146	166
VV1_RS04910	947	1941	329	258
VV1_RS04915	8601	10194	2050	1441
VV1_RS04920	4016	6317	1314	1118
VV1_RS04930	3599	5382	625	829
VV1_RS04945	1478	488	515	324
VV1_RS04950	807	939	1278	1065
VV1_RS04955	829	812	1116	592
VV1_RS04960	667	4494	1308	1252
VV1_RS04970	6532	28656	15407	9826
VV1_RS04975	2846	3643	1126	1068
VV1_RS04980	427	476	179	324
VV1_RS04990	970	1144	479	414
VV1_RS05005	430	388	220	178
VV1_RS05010	748	1405	1533	2391
VV1_RS05025	6112	2035	362	470
VV1_RS05040	3424	2197	591	909
VV1_RS05105	523	502	162	235
VV1_RS05110	75180	8021	2126	2873
VV1_RS05120	7557	8691	2845	6795
VV1_RS05125	5983	5045	2361	2939
VV1_RS05135	1583	979	573	460
VV1_RS05170	34856	2989	6000	7148
VV1_RS05175	30284	2321	7091	5413
VV1_RS05180	2846	497	943	1090
VV1_RS05185	3831	824	1460	1675
VV1_RS05200	51	124	75	70
VV1_RS05220	280	498	353	402
VV1_RS05225	170	245	2392	2154
VV1_RS05230	497	510	2459	1686
VV1_RS05235	417	566	1138	834
VV1_RS05240	120	882	345	180
VV1_RS05250	325	1448	423	320
VV1_RS05255	233	430	98	46
VV1_RS05275	4052	18958	3583	2780
VV1_RS05280	1767	1412	2084	2187
VV1_RS05285	6275	4294	7999	7731
VV1_RS05295	1261	1818	2427	1574
VV1_RS05300	127	280	394	237
VV1_RS05310	563	10618	6597	7514
VV1_RS05330	96	144	427	284
VV1_RS05335	1160	2725	355	461
VV1_RS05340	1501	2371	537	496
VV1_RS05370	15908	7462	1664	2675
VV1_RS05380	679	670	387	275
VV1_RS05390	114	189	238	119
VV1_RS05400	250	1021	296	199
VV1_RS05415	5733	11142	909	861
VV1_RS05420	906	1508	880	930
VV1_RS05430	328	669	910	819
VV1_RS05440	2791	2023	181	211
VV1_RS05450	337	945	233	242
VV1_RS05470	127	607	253	304
VV1_RS05495	2362	2484	1074	971
VV1_RS05500	325	282	81	115
VV1_RS05505	2246	1673	825	571
VV1_RS05510	9931	8600	1567	1161
VV1_RS05520	739	716	781	982
VV1_RS05540	2288	956	235	224
VV1_RS05545	6875	3422	12634	14183
VV1_RS05550	11956	5604	586	766
VV1_RS05555	1792	1821	7681	6987
VV1_RS05560	1504	2208	1156	1060
VV1_RS05570	1323	1129	2907	2227
VV1_RS05580	51	75	34	31
VV1_RS05585	240	798	104	92
VV1_RS05655	1235	2235	958	1093
VV1_RS05660	1191	1217	527	595
VV1_RS05725	25810	9056	11330	6996
VV1_RS05745	318	228	127	101
VV1_RS05760	730	679	819	822
VV1_RS05770	995	17280	353	550
VV1_RS05780	1293	4613	1993	3628
VV1_RS05785	2052	536	348	345
VV1_RS05800	309	271	1719	2109
VV1_RS05810	1113	1257	674	588
VV1_RS05820	599	404	540	350
VV1_RS05835	480	546	4582	2901
VV1_RS05840	69	67	498	239
VV1_RS05845	101	128	1754	1089
VV1_RS05850	91	852	159	115
VV1_RS05855	1584	2563	2402	2414
VV1_RS05875	246	261	31641	9005
VV1_RS05885	35	74	276	250
VV1_RS05890	646	2453	4722	4174
VV1_RS05900	184	15155	460	291
VV1_RS05930	2788	9159	6718	3819
VV1_RS05950	67	142	52	56
VV1_RS05975	608	244	198	333
VV1_RS05985	2601	934	1583	1731
VV1_RS06000	1999	15849	2025	891
VV1_RS06005	33062	106812	20621	11150
VV1_RS06010	308	384	403	447
VV1_RS06020	1406	2937	3056	3591
VV1_RS06025	5620	2027	382	269
VV1_RS06030	1705	4382	3794	2929
VV1_RS06035	878	1461	877	901
VV1_RS06060	68197	14215	4772	4751
VV1_RS06065	250	898	285	208
VV1_RS06070	650	6140	1135	828
VV1_RS06080	3108	3597	5349	4654
VV1_RS06135	247	485	364	335
VV1_RS06145	2202	3051	1064	1355
VV1_RS06165	5864	7524	4654	4698
VV1_RS06170	6855	9049	11252	8166
VV1_RS06175	8122	7101	8810	5587
VV1_RS06185	8618	4435	1800	1315
VV1_RS06190	4893	5620	15255	9088
VV1_RS06195	734	447	528	629
VV1_RS06205	236	1009	198	238
VV1_RS06210	12983	13064	40984	26971
VV1_RS06215	1093	1448	3531	2995
VV1_RS06220	176	287	281	196
VV1_RS06225	8565	1790	693	504
VV1_RS06230	384	806	338	113
VV1_RS06250	5489	709	38057	25622
VV1_RS06260	3625	758	62893	21798
VV1_RS06265	38225	10855	2376	2882
VV1_RS06270	1125	1092	1727	1799
VV1_RS06280	242	805	4433	2434
VV1_RS06290	948	2152	5747	4016
VV1_RS06300	1447	1760	3064	4397
VV1_RS06315	2525	1437	251	395
VV1_RS06325	519	1453	937	665
VV1_RS06330	5082	5314	5989	5558
VV1_RS06335	8917	2714	1748	1829
VV1_RS06385	4799	995	675	519
VV1_RS06410	575	899	1301	1459
VV1_RS06430	646	516	857	1032
VV1_RS06450	2793	12135	4667	2792
VV1_RS06465	2341	2088	912	1185
VV1_RS06475	3308	1298	609	917
VV1_RS06490	346	2286	9205	5034
VV1_RS06495	57569	2577	769	937
VV1_RS06500	9048	1748	1020	1189
VV1_RS06510	8584	408	211	216
VV1_RS06515	18401	912	646	607
VV1_RS06520	21463	1317	1162	870
VV1_RS06530	2606	2627	4354	4257
VV1_RS06535	7332	5369	6792	8480
VV1_RS06540	283	411	537	589
VV1_RS06560	719	967	459	419
VV1_RS06575	10121	4983	7166	6229
VV1_RS06580	276	820	1031	821
VV1_RS06585	138	725	111	131
VV1_RS06610	336	468	441	749
VV1_RS06615	5732	7841	2691	3298
VV1_RS06625	614	1161	524	937
VV1_RS06650	436	333	405	298
VV1_RS06660	795	1362	636	517
CYSJ	577	469	3027	2029
VV1_RS06675	1656	1198	3373	2318
VV1_RS06680	4460	2434	7011	5531
VV1_RS06715	3728	6890	73545	100163
VV1_RS06720	910	1190	20263	15528
VV1_RS06725	1591	1778	7030	6163
VV1_RS06735	1637	1453	424	182
VV1_RS06740	5965	4908	1808	4704
VV1_RS06745	1018	869	2343	3648
VV1_RS06755	7178	4398	6515	5377
VV1_RS06760	704	670	2250	1242
VV1_RS06770	2039	7770	14095	11464
VV1_RS06780	280	1661	4665	2766
VV1_RS06790	1391	5449	16999	11654
VV1_RS06795	761	2597	20894	13149
VV1_RS06800	840	2066	10003	7268
VV1_RS06805	1722	2879	8348	5950
VV1_RS06810	487	1898	6283	5135
VV1_RS06855	4761	3871	1668	2130
VV1_RS06860	179	217	101	104
VV1_RS06875	935	2478	2073	1535
VV1_RS06880	1628	2075	5043	3862
VV1_RS06885	1239	1921	3115	2501
TLDD	4984	3599	22760	10451
VV1_RS06895	20228	17955	392110	189585
VV1_RS06905	560	337	278	269
VV1_RS06930	2913	125	182	119
VV1_RS06935	255	801	8170	6169
VV1_RS06945	241	393	347	347
VV1_RS06960	838	5000	358	271
VV1_RS06965	1035	3824	333	393
VV1_RS06980	3577	2753	1949	1865
VV1_RS06985	4703	2371	979	1298
VV1_RS06990	1773	918	763	642
VV1_RS07005	848	2969	328	362
VV1_RS07015	515	3564	80	93
VV1_RS07025	3548	9396	462	662
VV1_RS07030	1430	3299	431	396
VV1_RS07035	2407	6170	1230	2259
VV1_RS07045	445	859	8960	5612
VV1_RS07090	221	489	12259	8703
VV1_RS07095	277	796	17927	9976
VV1_RS07150	1041	970	310	363
VV1_RS07160	1574	1246	1339	1582
VV1_RS07170	232	1043	376	352
VV1_RS07175	418	603	212	206
VV1_RS07180	670	866	954	1107
VV1_RS07185	347	811	906	855
VV1_RS07205	1540	5275	178	239
VV1_RS07210	1451	5739	696	536
VV1_RS07215	8605	4582	23909	12881
VV1_RS07220	3225	2339	5635	3729
VV1_RS07235	2510	7721	64632	17348
VV1_RS07240	969	5795	332	386
VV1_RS07250	1896	904	736	1224
VV1_RS07260	582	461	29697	29364
VV1_RS07265	2853	1218	2579	2070
GAPA	3570	2308	466	637
VV1_RS07290	43669	11494	2405	2195
VV1_RS07295	7008	7913	1687	1548
VV1_RS07300	756	228	224	144
VV1_RS07305	152	178	258	198
VV1_RS07310	6229	1374	2822	2809
VV1_RS07320	851	1203	390	307
VV1_RS07340	765	1898	158	143
VV1_RS07345	965	1672	330	319
VV1_RS07375	15230	4832	1569	1112
VV1_RS07385	2580	5462	2937	3007
VV1_RS07400	1168	2142	802	659
VV1_RS07405	373	418	564	297
VV1_RS07425	4288	2217	2911	1932
VV1_RS07435	2358	5651	36240	41360
VV1_RS07445	1062	4768	8844	10233
RELA	16152	7561	3907	3339
VV1_RS07510	7242	10527	106470	188566
VV1_RS07515	25420	8864	184849	298489
VV1_RS07520	2384	1674	1112	1536
VV1_RS07600	24537	30674	722	613
VV1_RS07605	11079	14695	735	612
VV1_RS07610	4730	3433	12016	11677
VV1_RS07620	15691	7886	22396	18898
VV1_RS07630	1447	4706	2753	2586
VV1_RS07640	607	735	342	288
VV1_RS07645	1819	3200	4203	3825
VV1_RS07650	1735	8470	880	1041
VV1_RS07680	5637	7396	2564	2589
VV1_RS07690	638	474	112	136
VV1_RS07695	89	174	110	54
VV1_RS07735	7337	16133	2192	2154
VV1_RS07740	16590	5264	3669	3368
VV1_RS07750	3842	2328	447	800
VV1_RS07755	593	400	229	263
VV1_RS07760	422	22805	264	206
VV1_RS07765	231	6514	96	153
VV1_RS07785	3619	2658	720	526
VV1_RS07790	120	253	234	152
VV1_RS07800	343	4329	8377	3904
VV1_RS07810	805	613	289	363
VV1_RS07820	11452	10908	6523	5461
VV1_RS07830	62	103	111	92
VV1_RS07835	779	1083	156	214
VV1_RS07850	200165	3522	1821	2078
VV1_RS07855	92420	55555	4180	12512
VV1_RS07860	1962	3308	321	537
VV1_RS07865	869	765	290	448
VV1_RS07870	390	348	536	332
VV1_RS07875	823	505	933	587
VV1_RS07880	288	261	399	289
VV1_RS07885	50	62	110	74
VV1_RS07895	498	243	804	352
VV1_RS07900	260	128	174	116
VV1_RS07905	66	62	484	208
VV1_RS07910	112	118	238	149
VV1_RS07915	1165	1708	1836	1418
VV1_RS07920	1900	5536	1129	1499
VV1_RS07930	2058	2124	987	1251
VV1_RS07935	1014	1237	799	878
VV1_RS07945	1168	3264	2848	1633
VV1_RS07950	2089	7198	8806	7260
VV1_RS07955	752	3139	701	484
VV1_RS07960	4113	3208	720	564
VV1_RS07970	3674	2967	758	1433
HFLB	29756	35712	25030	25273
FOLP	233	1021	612	561
VV1_RS08070	293	248	352	441
VV1_RS08090	25022	24894	4554	3953
VV1_RS08095	9115	1591	1405	3493
VV1_RS08110	460	132	2170	1331
VV1_RS08115	659	102	37	22
VV1_RS08120	2339	1677	1749	1619
VV1_RS08145	1030	2164	43168	30104
VV1_RS08150	886	4247	2103	1754
VV1_RS08160	1431	5513	4302	1795
VV1_RS08165	4933	28184	4479	3688
VV1_RS08170	2559	13207	12727	8898
VV1_RS08180	1769	4542	4245	3310
VV1_RS08190	1464	1642	395	439
VV1_RS08200	3402	9025	11114	8525
VV1_RS08205	2885	1124	1086	911
VV1_RS08210	1020	6769	4099	3431
VV1_RS08215	376	2997	1837	2039
VV1_RS08220	345	1160	1384	1084
VV1_RS08240	1018	727	56518	66777
VV1_RS08245	564	366	12506	10171
VV1_RS08270	29	38	1427	1495
VV1_RS08275	223	150	4127	4441
VV1_RS08285	58	174	2479	2458
VV1_RS08300	423	490	9207	8660
VV1_RS08305	191	219	4554	3490
VV1_RS08310	226	221	3407	2541
VV1_RS08315	76	301	2153	1666
VV1_RS08320	1004	669	19949	11091
VV1_RS08325	212	897	420	273
VV1_RS08330	563	954	725	567
VV1_RS08335	164	317	1678	1626
VV1_RS08345	32	293	54	33
VV1_RS08350	78	1860	292	118
VV1_RS08375	106	1987	224	182
VV1_RS08380	510	3678	709	471
VV1_RS08385	162	789	201	187
VV1_RS08395	1342	2064	15329	16406
VV1_RS08400	970	2201	1202	844
VV1_RS08425	5988	2028	547	869
VV1_RS08430	31679	12340	4265	5199
VV1_RS08435	1972	1188	573	922
VV1_RS08445	4431	6017	1472	1777
VV1_RS08455	1309	40382	2051	638
VV1_RS08460	10926	6539	319	223
VV1_RS08470	153	141	119	59
VV1_RS08475	617	1800	83	91
VV1_RS08480	1410	810	502	413
VV1_RS08505	5976	569	924	918
VV1_RS08520	562	197	365	218
VV1_RS08575	4853	9768	78314	63661
VV1_RS08580	314	552	4270	3755
VV1_RS08595	1424	1901	1310	1165
VV1_RS08605	8184	22558	1965	1311
VV1_RS08610	2770	9114	814	595
VV1_RS08615	1081	3302	402	162
VV1_RS08620	3277	5216	866	338
VV1_RS08630	4963	11492	1697	1033
VV1_RS08635	849	361	239	195
VV1_RS08645	1530	1233	5217	8369
VV1_RS08650	1146	848	3442	2132
VV1_RS08655	5134	2199	865	871
VV1_RS08660	1984	906	747	561
VV1_RS08665	154	223	1082	593
VV1_RS08670	370	735	13717	15693
VV1_RS08685	40858	28187	482	527
VV1_RS08690	4408	2291	734	354
VV1_RS08695	956	246	163	158
VV1_RS08705	39	131	111	75
VV1_RS08760	361	10651	153	166
VV1_RS08770	169	428	309	183
VV1_RS08780	13505	4814	1760	2641
VV1_RS08785	1834	2112	452	293
VV1_RS08810	1436	3218	745	585
VV1_RS08815	121	453	210	195
VV1_RS08820	498	282	206	123
VV1_RS08825	16501	10079	3531	5027
VV1_RS08830	7590	8450	2944	3148
VV1_RS08850	1459	1547	555	552
VV1_RS08870	3585	6365	1090	761
VV1_RS08875	4998	1885	328	319
VV1_RS08890	473	536	624	628
VV1_RS08895	1298	1017	710	385
VV1_RS08900	271	373	248	167
VV1_RS08905	3402	1029	1175	1058
VV1_RS08910	2166	3149	1660	1509
VV1_RS08920	1871	1412	1100	623
VV1_RS08925	2822	2206	3122	4134
VV1_RS08930	1104	897	1051	1371
VV1_RS08935	1586	2056	3530	4331
VV1_RS08940	108	231	1071	823
VV1_RS08970	3273	3468	899	588
VV1_RS08980	6502	2571	452	412
VV1_RS08990	549	629	279	316
VV1_RS08995	6162	2254	1191	464
VV1_RS09015	6136	6388	4472	2970
VV1_RS09025	1772	1273	900	833
VV1_RS09045	9887	13544	1860	2305
VV1_RS09055	836	475	218	203
VV1_RS09060	10014	2115	1109	1238
VV1_RS09095	6399	2150	1940	1480
VV1_RS09100	4688	4014	15557	11617
VV1_RS09105	88004	61144	333818	307418
VV1_RS09110	31717	61925	61508	49805
VV1_RS09135	3905	9998	2625	1929
VV1_RS09140	2222	1760	7875	2243
VV1_RS09145	1102	783	1914	1023
VV1_RS09235	7102	7782	10239	9254
VV1_RS09250	10599	14687	22800	11960
VV1_RS09255	27341	37358	58576	38472
VV1_RS09260	2293	5276	7021	5098
VV1_RS09265	2454	5032	9984	7948
VV1_RS09270	4992	11963	27595	25152
VV1_RS09285	1151	2967	833	659
VV1_RS09290	648	1106	908	631
VV1_RS09295	292	596	469	354
VV1_RS09310	874	1078	1103	706
VV1_RS09325	425	606	894	478
VV1_RS09330	2796	1558	576	1055
VV1_RS09335	304	444	258	349
VV1_RS09340	478	1705	21719	13989
VV1_RS09345	1958	3253	1724	1217
VV1_RS09365	12219	13838	70342	49116
VV1_RS09380	4242	1841	1647	1944
VV1_RS09385	7138	2567	1879	3421
VV1_RS09390	63	229	91	79
VV1_RS09410	3651	2010	2153	1991
VV1_RS09420	1575	1728	1598	1367
VV1_RS09435	1567	8483	1028	692
VV1_RS09440	2307	1192	252	282
VV1_RS09455	2758	1350	404	497
VV1_RS09460	61845	9855	1409	2139
VV1_RS09465	7157	4350	129733	104109
VV1_RS09500	292	142	148	206
VV1_RS09505	1182	1146	2788	3386
VV1_RS09510	339	772	916	716
VV1_RS09515	226	202	320	220
VV1_RS09545	131	139	47	53
VV1_RS09565	707	356	73	102
VV1_RS09695	1888	1673	915	313
VV1_RS09705	8916	2061	2903	5998
VV1_RS09720	176	242	559	189
VV1_RS09725	188	574	9598	6120
VV1_RS09740	27009	19194	12251	6279
VV1_RS09745	8195	43294	208	205
VV1_RS09750	3972	13927	10644	7918
VV1_RS09760	4327	1555	833	709
VV1_RS09775	4517	2194	2578	2044
VV1_RS09785	5694	743	235	236
VV1_RS09795	4992	1937	1060	737
VV1_RS09800	3760	1717	3910	3024
VV1_RS09810	1287	963	539	389
VV1_RS09815	499	568	255	219
VV1_RS09820	1094	1374	276	342
VV1_RS09830	5148	3470	858	508
VV1_RS09835	2511	1829	392	355
VV1_RS09850	650	658	138	94
VV1_RS09855	76	280	2238	2150
VV1_RS09860	1771	3886	384978	284955
VV1_RS09865	3514	7542	442541	421875
VV1_RS09870	16245	14745	983728	842500
VV1_RS09880	117	443	687	927
VV1_RS09890	624	246	16171	14397
VV1_RS09895	251	524	809	663
VV1_RS09900	369727	25453	10252	4145
VV1_RS09905	56613	7603	3166	1994
VV1_RS09915	4556	375	25473	21121
VV1_RS09920	10943	657	33466	20130
VV1_RS09925	864	94	4014	2521
VV1_RS09930	503	96	2215	1308
VV1_RS09940	4351	3447	529	502
VV1_RS09945	7733	2403	4449	8547
VV1_RS09960	88	317	89	69
VV1_RS09975	1376	2365	1273	881
VV1_RS09980	1180	1565	2885	1060
VV1_RS09985	29566	10711	4053	3380
VV1_RS10010	1064	516	7560	4223
VV1_RS10025	6600	4414	4394	3978
VV1_RS10050	569	834	963	719
VV1_RS10060	102	116	379	292
VV1_RS10070	1780	1359	865	551
VV1_RS10080	993	932	973	749
VV1_RS10085	1290	5465	949	771
VV1_RS10090	1967	1120	1562	851
VV1_RS10095	2466	1281	674	1057
VV1_RS10100	738	1098	415	878
VV1_RS10110	895	271	484	522
VV1_RS10125	547	2409	918	965
VV1_RS10130	959	2537	831	924
VV1_RS10135	923	1684	986	822
VV1_RS10140	498	355	243	206
VV1_RS10145	546	494	464	375
VV1_RS10150	898	728	610	653
VV1_RS10165	451	729	1988	3031
VV1_RS10180	11543	12198	1941	879
VV1_RS10185	2440	3777	551	242
VV1_RS10205	3756	3327	626	657
VV1_RS10215	1424	1553	540	430
VV1_RS10230	4225	3566	1659	1538
VV1_RS10235	12949	4468	1095	1468
VV1_RS10240	267	400	310	245
VV1_RS10255	130	225	155	112
VV1_RS10265	9469	7919	32939	30879
VV1_RS10360	1407	530	311	292
VV1_RS10365	207	317	315	178
VV1_RS10370	9204	1913	1042	2905
VV1_RS10375	213	273	87	130
VV1_RS10380	959	2976	235	121
VV1_RS10390	1990	638	316	297
VV1_RS10395	2070	1702	5247	4423
VV1_RS10400	274	489	375	234
VV1_RS10405	746	2123	1837	2257
VV1_RS10410	693	967	881	408
VV1_RS10415	5715	42164	38493	34001
VV1_RS10420	432	3386	5313	8033
VV1_RS10425	31	62	20	25
VV1_RS10435	401	460	277	228
VV1_RS10445	15614	2249	938	452
VV1_RS10450	46507	8286	1002	670
VV1_RS10460	8499	880	2650	3292
VV1_RS10465	1439	468	1127	1272
VV1_RS10470	375	179	229	339
VV1_RS10480	328	951	440	423
VV1_RS10485	113	245	99	52
VV1_RS10490	639	344	57	118
VV1_RS10505	3110	3336	1210	1014
VV1_RS10520	221	283	393	533
VV1_RS10530	109	102	168	157
VV1_RS10535	1313	1756	991	1265
VV1_RS10540	402	759	680	875
VV1_RS10550	202	453	230	258
VV1_RS10555	1301	1414	298	272
VV1_RS10560	75	152	138	66
VV1_RS10570	1241	15792	50438	40289
VV1_RS10575	43410	3079	1188	884
VV1_RS10580	184	256	1549	1193
VV1_RS10610	322	7021	3280	1839
VV1_RS10625	1120	3243	14771	8627
VV1_RS10630	229	2495	3852	2093
VV1_RS10635	519	9274	1713	1340
VV1_RS10640	605	783	7984	4208
VV1_RS10650	897	1262	48692	56361
VV1_RS10665	5930	26615	5697	4014
VV1_RS10680	9693	2621	357	556
VV1_RS10685	4054	2852	554	478
VV1_RS10705	1918	5600	82	36
VV1_RS10710	1662	6340	88	102
VV1_RS10720	193	534	139	148
VV1_RS10725	9677	12752	2949	3358
VV1_RS10730	1254	1674	1393	1366
VV1_RS10735	2486	4518	17660	15097
VV1_RS10745	4029	2623	10920	11319
VV1_RS10750	1660	2051	7324	5940
VV1_RS10755	649	765	1080	1156
VV1_RS10760	407	289	4346	3929
VV1_RS10765	180	109	76	34
VV1_RS10770	1179	6392	5559	4223
VV1_RS10775	154	190	63	62
VV1_RS10780	511	228	1218	1299
VV1_RS10785	105	309	237	522
VV1_RS10790	1360	3472	280	315
VV1_RS10800	1030	1507	2455	2098
VV1_RS10825	13105	1514	311	355
VV1_RS10830	68	95	112	165
VV1_RS10835	217	1139	311	249
VV1_RS10850	828	776	332	324
VV1_RS10870	89	196	177	228
VV1_RS10875	43	94	177	145
VV1_RS10885	846	582	499	643
VV1_RS10895	1046	2325	11585	15215
VV1_RS10900	3339	7100	64368	59080
VV1_RS10910	3035	2942	843	768
VV1_RS10920	194	2418	298	170
VV1_RS10925	1354	12847	175	106
VV1_RS10930	908	12584	71	38
VV1_RS10935	291	1080	203	161
VV1_RS10955	1724	1776	714	792
VV1_RS10980	462	224	31	71
VV1_RS10985	743	199	100	157
VV1_RS10995	261	140	75	146
VV1_RS11000	200	115	51	136
VV1_RS11005	107	32	47	42
VV1_RS11010	68	51	24	20
VV1_RS11015	72	11	14	27
VV1_RS11030	60	123	94	102
VV1_RS11040	89	167	54	49
VV1_RS11045	2339	4371	7444	2666
VV1_RS11070	76	147	1842	2128
VV1_RS11100	1144	1364	229	167
VV1_RS11105	4374	4123	420	316
VV1_RS11115	163	197	1477	839
VV1_RS11130	1509	1593	498	517
VV1_RS11140	64	45	17	22
VV1_RS11145	3276	2685	439	407
VV1_RS11155	84	19	222	70
VV1_RS11160	126	202	2765	564
VV1_RS11165	1602	7508	14687	14869
VV1_RS11180	4956	1593	180	155
VV1_RS11185	1931	1772	123	88
VV1_RS11190	2764	1841	72	76
VV1_RS11200	5990	41981	2384	3817
VV1_RS11205	1325	817	624	602
VV1_RS11215	752	2848	753	594
VV1_RS11225	1451	1377	1040	613
VV1_RS11230	738	443	136	93
VV1_RS11235	210	264	60	65
VV1_RS11240	1570	3698	10418	7904
VV1_RS11245	25355	6071	2368	3187
VV1_RS11255	6321	19979	1169	1554
VV1_RS11260	171	245	446	258
VV1_RS11270	126	1686	48720	26816
VV1_RS11275	110	882	29584	13368
VV1_RS11285	154	688	889	570
VV1_RS11290	730	791	155	126
VV1_RS11295	1041	1248	1120	974
THRS	28215	11298	2620	2346
VV1_RS11320	408	702	2290	2369
VV1_RS11675	1057	2505	665	327
VV1_RS11900	1583	2097	1843	1439
VV1_RS12160	2216	2377	3167	3456
VV1_RS12210	1887	634	135	183
VV1_RS12215	2526	2452	10508	5589
VV1_RS12225	1048	14556	26796	21454
VV1_RS12230	298	2731	371	213
VV1_RS12235	248	2031	540	427
VV1_RS12255	390	303	59	69
VV1_RS12265	1932	26599	1639	2496
VV1_RS12275	519	7338	484	277
VV1_RS12285	1184	7675	860	870
VV1_RS12290	942	2622	503	147
VV1_RS12295	4443	3625	2026	1971
VV1_RS12300	4888	5665	508	682
VV1_RS12305	1319	4700	410	382
VV1_RS12310	151	371	230	83
VV1_RS12320	212	540	371	286
VV1_RS12330	3768	1522	528	528
VV1_RS12345	2626	3301	715	1605
VV1_RS12350	611	926	398	395
VV1_RS12360	1434	1965	1084	870
VV1_RS12365	152	156	80	53
VV1_RS12370	283	622	275	286
VV1_RS12395	3748	594	378	417
VV1_RS12400	3984	2736	2195	2466
POTD	2322	1760	700	675
VV1_RS12430	331	696	3984	2413
VV1_RS12435	696	1157	5905	4406
VV1_RS12440	236	550	3208	1689
VV1_RS12445	247	517	2877	1520
VV1_RS12450	15812	18627	57544	31801
VV1_RS12455	15333	22657	15247	19351
VV1_RS12460	229	460	225	175
VV1_RS12480	2271	4205	1038	756
VV1_RS12490	7551	8178	3213	2812
VV1_RS12495	5218	7353	2305	3029
VV1_RS12505	2072	3440	1576	2193
VV1_RS12510	835	3460	2324	1868
VV1_RS12515	1224	2942	31391	15675
VV1_RS12535	518	1366	313	281
VV1_RS12555	1883	5998	3778	4721
VV1_RS12575	1142	2065	495	391
VV1_RS12590	940	326	32142	23833
VV1_RS12595	7893	6048	10711	8214
VV1_RS12600	3516	4779	8953	6869
VV1_RS12610	1789	3519	10975	7418
VV1_RS12615	545	1014	747	443
VV1_RS12620	1008	3075	1313	1070
VV1_RS12630	1677	3327	1313	1181
VV1_RS12635	1197	1348	607	999
VV1_RS12645	1058	710	144	81
VV1_RS12660	263	548	126	79
VV1_RS12670	89	29	26	20
VV1_RS12675	213	133	136	69
VV1_RS12680	40	26	26	28
VV1_RS12685	975	253	2841	1441
VV1_RS12690	358	794	20611	12733
VV1_RS12695	1791	3608	30764	23316
VV1_RS12710	171	174	1866	1192
VV1_RS12720	87	96	737	576
VV1_RS12725	60	10	162	199
VV1_RS12730	743	850	492	587
VV1_RS12735	87	135	60	53
VV1_RS12750	275	93	57	122
VV1_RS12780	1756	4981	1077	665
VV1_RS12785	825	1491	629	454
VV1_RS12790	1665	2940	1035	640
VV1_RS12795	655	711	1505	1721
VV1_RS12800	328	911	1303	1623
VV1_RS12815	638	1125	145	62
VV1_RS12820	119	445	87	55
VV1_RS12825	142	447	96	61
VV1_RS12830	1453	2497	864	1399
VV1_RS12835	21237	12533	7587	8857
VV1_RS12845	1042	363	223	147
VV1_RS12855	1886	1316	282	255
VV1_RS12865	148	606	57	66
VV1_RS12880	1276	732	1002	733
VV1_RS12885	28411	14865	108400	88363
VV1_RS12890	1160	1025	3156	2686
VV1_RS12895	1211	1475	4119	5174
VV1_RS12900	4901	4845	22633	10710
VV1_RS12925	15632	13468	6511	7434
VV1_RS12945	20526	11559	10544	6380
VV1_RS12950	40751	12013	9569	6131
VV1_RS12960	187	1245	195	157
VV1_RS12965	173	138	94	64
VV1_RS12970	664	314	204	181
VV1_RS12975	1133	693	102	55
VV1_RS12980	294	1069	116	81
VV1_RS12985	422	848	120	193
VV1_RS12990	176	171	145	115
VV1_RS13025	362	1154	15396	5023
VV1_RS13035	649	885	7060	2588
VV1_RS13045	105	32	423	469
VV1_RS13055	464	188	186	118
VV1_RS13070	56	40	24	49
VV1_RS13080	1222	3868	1372	1258
VV1_RS13095	8648	1546	1437	2648
VV1_RS13100	1250	3389	1551	1814
VV1_RS13105	22	35	104	62
VV1_RS13110	29	55	68	68
VV1_RS13115	131	134	64	91
VV1_RS13125	49	53	73	40
VV1_RS13130	1548	7520	2884	2155
VV1_RS13150	377	526	657	502
VV1_RS13165	1271	1260	14547	11023
VV1_RS13170	2050	2517	2245	2198
VV1_RS13180	250	208	2095	1317
VV1_RS13190	213	901	5033	2928
VV1_RS13195	464	4033	21608	16071
VV1_RS13200	180	3124	14824	7967
VV1_RS13205	558	160	141	51
VV1_RS13215	691	200	175	270
VV1_RS13220	81	342	546	291
VV1_RS13245	757	11364	2137	1769
VV1_RS13250	954	1196	222	405
VV1_RS13265	107	86	44	43
VV1_RS13270	380	479	269	170
VV1_RS13275	1741	7899	874	760
VV1_RS13280	15037	7844	2342	3294
VV1_RS13285	4490	3818	1194	613
VV1_RS13305	328	2926	6177	3789
VV1_RS13320	169	69	144	37
VV1_RS13340	1971	715	877	684
VV1_RS13350	2787	3314	2808	1197
VV1_RS13355	663	846	562	565
VV1_RS13360	121	393	1585	391
VV1_RS13365	1574	2282	2398	3911
VV1_RS13370	388	585	295	247
VV1_RS13380	125	219	3210	1293
VV1_RS13385	14068	5092	2337	2048
VV1_RS13390	177	483	69	62
VV1_RS13395	190	313	101	41
VV1_RS13400	23099	2016	511	727
VV1_RS13405	10920	4323	5113	4270
VV1_RS13430	2228	3199	1719	1294
VV1_RS13435	1290	927	652	455
VV1_RS13445	705	1790	549	317
VV1_RS13450	12152	24099	6719	4582
VV1_RS13455	4542	23087	10347	6928
VV1_RS13465	357	914	239	192
VV1_RS13470	7232	1605	842	701
VV1_RS13475	2980	26589	13670	9146
VV1_RS13480	261	3180	1312	808
VV1_RS13490	157	354	71	105
VV1_RS13495	583	706	472	375
VV1_RS13500	61	307	45	45
VV1_RS13505	1906	2368	1543	2337
VV1_RS13510	195	307	411	275
VV1_RS13515	153	74	29	53
VV1_RS13520	773	424	157	143
VV1_RS13525	158	435	143	125
VV1_RS13530	243	300	69	58
VV1_RS13540	5518	4429	495	542
VV1_RS13545	1271	1977	278	194
VV1_RS13555	125	151	126	100
VV1_RS13560	231	274	419	287
VV1_RS13565	1339	1308	2449	2152
VV1_RS13585	2551	2283	22499	18708
VV1_RS13590	143	280	1078	750
VV1_RS13595	281	211	1705	1037
VV1_RS13600	46	199	1265	963
VV1_RS13605	1026	369	173	216
VV1_RS13610	150	237	101	119
VV1_RS13615	131	222	65	129
VV1_RS13620	57	60	62	35
VV1_RS13625	115	279	137	246
VV1_RS13630	1586	1772	2887	3054
VV1_RS13635	27090	2739	25771	27412
VV1_RS13645	4044	1608	427	604
VV1_RS13655	2875	3559	6262	4470
VV1_RS13665	7692	2970	8516	21695
VV1_RS13680	15094	12799	4098	2703
VV1_RS13685	5522	2124	543	620
VV1_RS13690	2165	6345	3806	3194
VV1_RS13695	195	1021	6390	3917
VV1_RS13700	207	550	681	451
VV1_RS13705	228	620	1236	613
VV1_RS13710	71	323	476	188
VV1_RS13725	1678	1032	565	219
VV1_RS13745	294	425	3615	2797
VV1_RS13755	4463	5868	4338	3137
VV1_RS13760	1728	3437	3207	2665
VV1_RS13770	589	2393	724	1383
VV1_RS13775	207	244	80	289
VV1_RS13780	1814	523	397	425
VV1_RS13795	524	4188	2191	974
VV1_RS13825	230	410	81	83
VV1_RS13830	506	2190	635	581
VV1_RS13840	426	341	389	229
VV1_RS13845	983	558	378	322
VV1_RS13850	3899	1679	808	1162
VV1_RS13860	3459	1944	660	661
VV1_RS13865	5651	2911	1069	979
VV1_RS13880	377	1500	403	367
VV1_RS13890	2172	2582	1118	1353
VV1_RS13905	4082	4705	911	1390
VV1_RS13910	3409	1370	3582	5011
VV1_RS13930	1230	3152	158231	163698
VV1_RS13935	481	1375	61267	52516
VV1_RS13955	1284	27232	884	715
VV1_RS13965	4055	1297	79	163
VV1_RS13975	330	421	399	273
VV1_RS13985	50884	11788	1610	1129
VV1_RS13990	458	430	428	224
VV1_RS14010	10143	15462	5961	5353
VV1_RS14025	5715	7717	43132	18905
VV1_RS14030	584	594	352	401
VV1_RS14045	397	850	13551	9859
VV1_RS14050	332	694	947	715
VV1_RS14060	775	1592	25846	24727
VV1_RS14065	358	240	92	106
VV1_RS14070	2220	971	356	508
VV1_RS14075	332	598	213	254
VV1_RS14085	937	1328	1116	734
VV1_RS14110	6778	3142	4860	3354
VV1_RS14115	1697	1929	1164	1057
VV1_RS14120	873	740	1121	852
VV1_RS14125	199	1154	366	699
VV1_RS14130	9662	11745	3467	5178
VV1_RS14155	1406	3202	1252	2370
VV1_RS14160	402	775	222	276
VV1_RS14165	679	473	1217	825
VV1_RS14170	445	687	2040	1265
VV1_RS14180	6241	12060	8773	6472
VV1_RS14185	3565	16262	3658	4137
VV1_RS14190	4413	20045	25530	27765
VV1_RS14195	2223	8477	24474	29614
VV1_RS14205	12137	1700	1228	1582
VV1_RS14215	45059	47114	16412	13170
VV1_RS14220	341	339	98	54
VV1_RS14235	1632	1214	265	265
VV1_RS14240	1871	738	363	465
VV1_RS14245	462	1034	372	329
VV1_RS14260	494	580	415	464
VV1_RS14265	288	554	377	329
VV1_RS14270	350	572	380	499
VV1_RS14290	473	968	164	160
VV1_RS14295	5484	10813	1473	635
VV1_RS14300	441	412	226	233
VV1_RS14310	1160	631	205	125
VV1_RS14320	1887	3259	5375	2757
VV1_RS14325	3911	1747	714	949
VV1_RS14335	909017	5382	288	275
VV1_RS14355	230	3395	380	407
VV1_RS14360	383	7643	1614	1588
VV1_RS14365	267	3002	709	366
VV1_RS14385	160	753	92	59
VV1_RS14390	3817	4979	1900	1154
VV1_RS14400	267	847	203	156
VV1_RS14405	893	517	1547	1150
VV1_RS14420	3260	4760	2243	1866
VV1_RS14425	8881	2400	1150	1010
VV1_RS14435	301	698	4651	1733
VV1_RS14440	1354	1241	706	521
VV1_RS14445	2413	2200	3017	1973
VV1_RS14495	356	955	256	290
VV1_RS14510	2313	4045	1120	850
VV1_RS14515	2851	511	159	314
VV1_RS14520	1625	1373	2916	3035
VV1_RS14525	1191	1481	2276	3701
VV1_RS14535	10615	3247	2799	3496
VV1_RS14555	4092	3702	4201	3685
VV1_RS14565	9214	1504	299	171
VV1_RS14595	2485	2330	3272	2242
VV1_RS14600	313	456	341	223
VV1_RS14610	574	1346	728	445
VV1_RS14620	11562	8836	9984	6680
VV1_RS14650	1877	3457	2718	3551
VV1_RS14660	22975	33044	4082	5559
VV1_RS14665	9590	4257	2301	2163
VV1_RS14700	445	462	367	195
VV1_RS14705	539	455	277	190
VV1_RS14710	483	583	392	372
VV1_RS14725	5939	2024	6653	5301
VV1_RS14730	161	166	53	83
VV1_RS14735	234	180	1456	886
VV1_RS14740	1573	763	730	717
VV1_RS14760	243	6588	59296	22980
VV1_RS14765	495064	63070	5221	3395
VV1_RS14770	233	673	230	165
VV1_RS14775	544	290	90	144
VV1_RS14785	17826	3576	1217	1363
VV1_RS14790	127	451	235	235
VV1_RS14795	495	1891	3755	2403
VV1_RS14800	1861	8340	8413	4782
VV1_RS14805	2881	2013	846	741
VV1_RS14815	1391	2238	1691	1176
VV1_RS14825	138	543	19	10
VV1_RS14845	1329	1874	3946	5327
VV1_RS14850	3094	7601	11464	13190
VV1_RS14855	69	100	61	25
FADH	1352	6493	6513	4469
VV1_RS14875	6405	2549	2595	2169
VV1_RS14890	1795	3144	1761	1376
VV1_RS14900	52903	23895	2650	2553
VV1_RS14905	9695	950	274	231
VV1_RS14910	831	809	226	156
VV1_RS14925	4207	10791	549	826
VV1_RS14935	4043	24112	19887	12801
VV1_RS14950	3894	844	2263	1791
VV1_RS14965	3054	2995	513	500
VV1_RS14980	756	707	588	467
VV1_RS14985	1340	563	1048	607
VV1_RS15005	6539	4514	1575	1475
VV1_RS15015	687	1289	607	497
VV1_RS15020	37	261	27	31
VV1_RS15035	2360	1413	1184	831
VV1_RS15040	5573	1996	522	354
VV1_RS15055	676	1912	365	346
VV1_RS15060	2589	452	954	1083
