	YJ016_HS1	YJ016_HS2	YJ016_CMCP6ref_ASW1	YJ016_CMCP6ref_ASW2
VV1_RS00065	2147	3236	4981	2184
VV1_RS00070	711	995	939	282
VV1_RS00085	9895	7934	1863	628
VV1_RS00095	67967	14761	3317	1053
VV1_RS00120	567	294	414	277
VV1_RS00130	122	187	803	120
VV1_RS00135	55	66	564	56
VV1_RS00140	967	154	3604	294
VV1_RS00145	85	103	710	565
VV1_RS00150	40	31	132	59
VV1_RS00155	22	36	109	32
VV1_RS00160	201	67	1031	653
VV1_RS00165	937	203	1416	937
VV1_RS00170	1259	101	1261	733
VV1_RS00180	471	418	17043	4454
VV1_RS00190	6312	974	1000	434
VV1_RS00195	2265	999	1078	564
VV1_RS00205	1516	798	521	288
VV1_RS00210	3678	4040	2156	2014
VV1_RS00230	552	739	168	106
VV1_RS00240	784	806	305	151
VV1_RS00245	567	710	257	91
VV1_RS00255	802	701	250	139
VV1_RS00265	512	305	473	418
VV1_RS00270	728	524	495	332
VV1_RS00285	774	842	795	616
VV1_RS00575	545	553	612	278
VV1_RS00580	229	314	282	105
VV1_RS00590	108	73	155	26
VV1_RS00595	335	499	323	77
VV1_RS00600	2322	3466	1331	756
VV1_RS00625	3290	1889	1579	336
VV1_RS00630	6229	1980	1282	464
VV1_RS00635	479	159	463	170
VV1_RS00650	855	836	1035	450
VV1_RS00690	91855	126149	2789	1695
VV1_RS00705	1168	1350	352	255
ZNUC	1723	825	848	2100
VV1_RS00715	1097	425	588	353
VV1_RS00720	9093	5722	14250	5127
VV1_RS00730	16625	5643	19438	6441
VV1_RS00765	1600	1351	681	301
VV1_RS00770	251	196	655	215
VV1_RS00775	1662	1156	1001	256
VV1_RS00780	1459	827	795	233
VV1_RS00790	2084	494	984	628
VV1_RS00795	3111	2979	998	514
VV1_RS00805	399	437	532	165
VV1_RS00830	4380	20019	1529	767
VV1_RS00835	35383	8499	38858	9767
VV1_RS00845	6176	1727	3032	1834
VV1_RS00850	3788	3392	1214	1014
VV1_RS00865	185	135	210	64
VV1_RS00885	103608	3548	858	353
VV1_RS00890	4824	3760	916	322
VV1_RS00925	1764	152	8012	4647
VV1_RS00930	3438	105	7357	1955
VV1_RS00935	2506	909	23697	3678
VV1_RS00945	17275	2046	920	476
VV1_RS00950	4666	5487	2160	1100
VV1_RS00975	2886	2603	2439	1291
VV1_RS00985	4052	4456	1127	579
VV1_RS00995	32107	40790	13885	4480
VV1_RS01005	11250	13471	36842	16969
VV1_RS01020	44482	33105	43238	13091
VV1_RS01080	4881	4611	17621	3475
VV1_RS01085	20416	18267	63834	18437
VV1_RS01110	6599	6102	6890	2423
VV1_RS01115	6337	4492	6311	4449
VV1_RS01155	2050	845	4252	827
VV1_RS01180	278	206	2861	324
VV1_RS01195	3974	5823	5011	1002
VV1_RS01200	4731	3029	5393	1532
VV1_RS01210	1409	530	1342	389
VV1_RS01235	1991	641	167	62
UBIF	419	318	277	80
VV1_RS01330	2598	1158	1862	584
VV1_RS01335	2555	1521	2211	665
VV1_RS01345	2949	2870	2035	500
VV1_RS01390	379	252	237	93
VV1_RS01395	585	461	693	171
VV1_RS01400	2668	1910	1154	631
VV1_RS01415	2699	2505	917	219
VV1_RS01435	2002	272	611	330
VV1_RS01440	4444	378	840	258
VV1_RS01460	333	353	220	56
VV1_RS01470	228	341	243	70
VV1_RS01485	776	908	398	162
VV1_RS01490	5300	5132	10742	2438
VV1_RS01495	9970	5696	113877	52053
VV1_RS01505	64	44	52	14
VV1_RS01510	5572	2280	348	133
VV1_RS01520	3748	1533	307	171
VV1_RS01525	3374	1332	210	112
VV1_RS01530	1268	598	731	293
VV1_RS01540	4455	3076	5948	2175
VV1_RS01550	3473	427	3348	1332
VV1_RS01555	4040	912	2613	1212
VV1_RS01565	318	256	141	62
VV1_RS01580	13162	5461	8595	2320
VV1_RS01585	785	950	1517	233
VV1_RS01625	162	274	98	42
VV1_RS01630	4787	1990	790	518
VV1_RS01640	4343	9910	18627	4604
VV1_RS01655	6014	6810	1322	364
VV1_RS01660	3020	1289	589	263
VV1_RS01670	1909	1203	597	165
VV1_RS01675	1272	890	1198	310
VV1_RS01685	3414	1077	1280	338
VV1_RS01715	63625	7785	458	199
VV1_RS01730	380	213	389	165
VV1_RS01745	177	76	372	70
VV1_RS01760	22561	3804	14792	5758
VV1_RS01955	2526	2474	3450	2009
VV1_RS01975	47	44	62	34
VV1_RS01985	98	49	83	50
VV1_RS01990	33	67	75	24
VV1_RS01995	1156	758	704	289
VV1_RS02000	150	106	79	31
VV1_RS02005	229	280	1208	275
VV1_RS02010	1314	882	37960	8434
VV1_RS02015	1223	535	1031	432
VV1_RS02020	382	10237	1617	442
VV1_RS02025	1329	2074	244928	119114
VV1_RS02035	261	386	2147	625
VV1_RS02045	2274	760	857	246
VV1_RS02060	3233	1214	6840	3977
VV1_RS02065	403	379	1093	477
VV1_RS02075	2282	1953	730	376
VV1_RS02080	3332	2646	938	422
VV1_RS02095	9927	6252	6210	2513
VV1_RS02100	455	281	186	59
VV1_RS02110	3682	5290	2520	928
VV1_RS02145	1301	1721	10733	3598
VV1_RS02155	1359	730	1289	233
VV1_RS02160	434	213	324	425
VV1_RS02190	517	285	1093	471
VV1_RS02200	4261	6500	3206	3469
VV1_RS02205	7318	17771	2738	5113
VV1_RS02210	3805	2527	1038	513
VV1_RS02215	23748	4458	13178	3932
VV1_RS02225	2864	1511	21825	7004
VV1_RS02240	148	214	448	145
VV1_RS02250	1446	1530	1310	587
VV1_RS02255	2699	2019	2077	852
VV1_RS02265	5986	2171	3737	1781
VV1_RS02270	4046	1706	21062	5432
VV1_RS02275	4535	2155	13420	3461
VV1_RS02280	781	371	733	237
VV1_RS02290	5113	2733	4362	1026
VV1_RS02300	1285	459	638	149
VV1_RS02345	402974	21907	4203	1323
VV1_RS02360	4438	3629	1866	1159
PHEA	767	1127	383	141
VV1_RS02385	13143	13810	4787	2049
VV1_RS02390	5157	5026	10381	1568
VV1_RS02400	553	325	830	340
VV1_RS02410	32918	25106	1428	1240
VV1_RS02415	1196	1387	158	123
VV1_RS02425	2544	2932	2703	940
VV1_RS02440	24449	2054	1201	260
VV1_RS02445	1000	492	489	151
VV1_RS02450	330	220	115	41
VV1_RS02480	975	1453	1323	736
VV1_RS02500	71	85	273	93
VV1_RS02505	1277	1753	2546	944
VV1_RS02515	1190	741	373	231
VV1_RS02520	1149	679	410	160
VV1_RS02525	8930	6173	3295	1706
VV1_RS02535	606	1023	2840	886
VV1_RS02545	1314	4279	2198	1526
VV1_RS02555	31815	29499	11729	4101
VV1_RS02565	2458	3869	973	324
VV1_RS02570	1976	1321	449	388
VV1_RS02575	2364	1350	1017	412
VV1_RS02590	70	109	178	49
VV1_RS02595	342	298	362	166
VV1_RS02600	686	490	287	144
VV1_RS02605	5944	3257	1206	983
VV1_RS02610	620	340	428	201
VV1_RS02625	1301	33305	1779	816
VV1_RS02630	1180	3528	893	467
VV1_RS02640	3972	19517	4934	1710
VV1_RS02645	6513	26761	3086	1768
VV1_RS02670	29747	21337	4651	2152
VV1_RS02680	13515	7621	7814	3472
VV1_RS02685	679	1004	1804	649
VV1_RS02690	1153	1931	200	97
VV1_RS02720	1257	519	1164	392
VV1_RS02730	369	91	62	63
VV1_RS02735	128	58	50	23
VV1_RS02740	278	92	172	86
VV1_RS02745	48	53	143	26
VV1_RS02760	905	960	391	99
VV1_RS02765	2496	3054	814	355
VV1_RS02790	37292	39663	65229	21250
VV1_RS02800	7204	6796	6163	2937
VV1_RS02815	620	373	468	248
MURF	933	890	933	291
VV1_RS02840	424	329	152	69
VV1_RS02855	7041	5128	8197	3242
VV1_RS02860	4254	5531	3745	2231
VV1_RS02890	12161	7064	8382	4566
VV1_RS02895	9448	5612	7965	3521
VV1_RS02915	2167	1422	3640	3272
VV1_RS02925	27582	3014	961	352
VV1_RS02930	483	797	392	174
VV1_RS02935	1900	1697	1022	301
VV1_RS02940	1311	919	419	151
VV1_RS02950	1472	1390	1840	749
NUDF	2313	3241	1004	314
VV1_RS02970	10398	7225	3174	1537
VV1_RS02975	8260	10088	3205	1775
VV1_RS02980	42452	10385	15475	6883
VV1_RS02985	704	775	9972	5434
VV1_RS02990	8084	8950	2963	1233
VV1_RS02995	8281	1352	6415	1417
VV1_RS03000	1111	361	696	140
VV1_RS03005	791	477	187	79
VV1_RS03035	1089	1517	2983	1560
VV1_RS03045	1397	445	3508	983
VV1_RS03065	22517	7265	19168	4968
VV1_RS03075	4926	5278	2871	1139
VV1_RS03080	347	126	639	176
VV1_RS03085	2416	1567	1138	319
VV1_RS03090	8082	605	8275	20332
VV1_RS03095	5738	924	6632	6690
VV1_RS03105	2750	20580	4096	4154
VV1_RS03110	688	6884	3437	3689
VV1_RS03115	10627	16851	11422	3318
VV1_RS03120	1038	406	499	232
VV1_RS03130	3665	1694	3025	863
VV1_RS03140	28635	12502	4229	3453
VV1_RS03145	3693	3029	1293	334
VV1_RS03155	72	65	99	46
VV1_RS03165	399	992	270	97
VV1_RS03170	3957	6464	2698	1123
VV1_RS03175	4573	7612	3445	912
VV1_RS03180	2512	5428	2324	690
VV1_RS03190	530	490	954	184
VV1_RS03200	4662	5120	2739	1367
VV1_RS03205	1262	1518	5519	1382
VV1_RS03260	1673	2934	1398	792
VV1_RS03265	4995	1449	12085	9826
VV1_RS03275	3395	3710	2794	895
VV1_RS03280	1115	2773	6218	2322
VV1_RS03290	269	228	358	92
VV1_RS03295	2693	2272	2827	715
VV1_RS03310	3848	2611	6430	1826
VV1_RS03320	1282	697	1445	540
VV1_RS03325	2108	1120	4236	977
VV1_RS03330	450	203	409	158
VV1_RS03335	1826	1185	5308	1314
VV1_RS03355	4186	1357	787	394
VV1_RS03360	17652	9580	86358	33721
VV1_RS03375	391	219	1468	1119
VV1_RS03385	1300	2048	2069	643
VV1_RS03400	101	80	121	51
VV1_RS03415	1724	1578	21567	5939
VV1_RS03420	8298	5777	130924	16670
VV1_RS03425	2143	1034	8734	2897
VV1_RS03450	2409	1169	1288	509
VV1_RS03455	908	1099	6758	2533
VV1_RS03475	108	80	1012	174
VV1_RS03480	77	69	298	114
VV1_RS03485	181	332	603	325
VV1_RS03495	7369	3784	3037	2981
VV1_RS03500	236	546	1521	402
VV1_RS03505	508	1198	4764	1014
VV1_RS03515	318	2744	10353	1989
VV1_RS03520	126	118	3925	958
VV1_RS03540	152	142	864	472
VV1_RS03565	6354	11318	11952	3449
VV1_RS03775	1983	3517	8311	3063
VV1_RS03850	584	631	688	183
VV1_RS03915	5973	6185	3575	1797
VV1_RS03930	299	215	166	80
VV1_RS03945	2132	1212	2361	701
VV1_RS03950	4316	2810	991	429
VV1_RS03965	965	864	458	242
VV1_RS03990	29403	1685	8415	5510
VV1_RS03995	985	1750	757	303
VV1_RS04020	684	1257	627	218
VV1_RS04025	53	79	45	18
VV1_RS04045	1096	4005	7343	3811
VV1_RS04050	1569	6734	8689	4396
VV1_RS04055	416	1594	2355	507
VV1_RS04060	248	534	2844	849
VV1_RS04070	50	361	416	558
VV1_RS04075	80	749	585	918
VV1_RS04090	140	283	426	657
VV1_RS04095	409	711	544	551
VV1_RS04110	1785	1715	1178	472
VV1_RS04115	34	30	27	13
VV1_RS04120	4314	3315	1170	718
VV1_RS04125	197	81	198	68
VV1_RS04155	475	454	298	102
VV1_RS04175	2137	2093	23584	6408
VV1_RS04180	479	368	355	184
VV1_RS04190	504	489	485	185
VV1_RS04195	1008	699	538	532
VV1_RS04200	671	375	264	321
VV1_RS04210	1894	806	423	485
VV1_RS04220	215	316	193	196
VV1_RS04225	528	602	328	293
VV1_RS04235	2032	1483	1136	958
VV1_RS04250	245382	3850	29204	18023
VV1_RS04260	1475	1624	1685	352
VV1_RS04275	1876	1700	7469	6733
VV1_RS04285	540	1267	776	207
GLNG	1083	24431	8632	3101
VV1_RS04310	875	4501	33222	14235
VV1_RS04315	1399	506	414	150
VV1_RS04330	1534	676	3745	946
VV1_RS04335	7398	2735	4229	1992
VV1_RS04345	3814	5632	2488	1091
VV1_RS04350	5736	2268	424	197
VV1_RS04355	860	649	1098	574
VV1_RS04360	1181	758	923	394
VV1_RS04380	1292	1184	1216	486
VV1_RS04395	349	608	7048	1431
VV1_RS04400	1511	1604	55146	9944
VV1_RS04495	284	1518	5789	4759
VV1_RS04510	9816	6865	6056	4125
VV1_RS04515	5984	4957	2333	1650
VV1_RS04520	114	73	137	74
VV1_RS04530	293	236	2803	378
VV1_RS04535	486	356	326	110
VV1_RS04540	346	498	326	85
VV1_RS04545	70	48	88	25
VV1_RS04560	168	115	266	66
VV1_RS04565	44	12	41	8
VV1_RS04580	64	83	79	72
VV1_RS04585	97	88	55	45
VV1_RS04590	2029	2444	620	394
VV1_RS04610	40	86	24	5
VV1_RS04620	911	786	1073	571
VV1_RS04680	329	346	341	227
VV1_RS04685	371	446	318	206
VV1_RS04700	1716	3482	1116	585
VV1_RS04705	1635	1222	451	308
VV1_RS04770	2618	2481	1114	424
VV1_RS04780	378	161	1915	558
VV1_RS04785	256	220	1110	355
VV1_RS04790	229	161	509	151
VV1_RS04805	1455	2010	736	329
VV1_RS04830	7530	7823	2008	595
VV1_RS04835	12575	10474	2492	927
VV1_RS04845	8857	5814	5733	3800
VV1_RS04865	19799	14504	8214	7386
VV1_RS04870	5007	4794	2895	1372
VV1_RS04875	19682	15820	9520	3145
VV1_RS04890	255	274	578	216
VV1_RS04895	2340	675	21902	9371
VV1_RS04900	170	112	804	364
VV1_RS04905	291	226	355	73
VV1_RS04910	1087	2017	442	205
VV1_RS04915	4838	9598	2094	996
VV1_RS04920	3098	4969	1238	541
VV1_RS04930	2521	4768	1118	588
VV1_RS04945	403	211	486	178
VV1_RS04950	1244	559	1176	274
VV1_RS04955	628	635	613	428
VV1_RS04960	4522	621	1789	762
VV1_RS04970	51956	6432	12066	6263
VV1_RS04975	2730	3093	1344	516
VV1_RS04980	970	552	354	180
VV1_RS04990	796	416	1212	5057
VV1_RS05005	409	184	455	239
VV1_RS05010	2429	3018	8092	1096
VV1_RS05025	2817	2028	434	130
VV1_RS05040	1805	1395	717	235
VV1_RS05105	232	205	179	136
VV1_RS05110	7117	16386	2207	1171
VV1_RS05120	14452	8164	5971	1421
VV1_RS05125	8990	4979	4108	1180
VV1_RS05135	1142	779	528	542
VV1_RS05170	3959	21707	13918	3787
VV1_RS05175	2403	34127	18396	4221
VV1_RS05180	508	5156	2410	522
VV1_RS05185	657	5200	3144	863
VV1_RS05200	106	87	50	53
VV1_RS05220	431	363	1748	650
VV1_RS05225	663	383	17321	4306
VV1_RS05230	416	271	3566	543
VV1_RS05235	572	330	1462	434
VV1_RS05240	3411	236	574	85
VV1_RS05250	11252	445	921	161
VV1_RS05255	4796	341	231	64
VV1_RS05275	10877	3268	6376	1478
VV1_RS05280	1256	1610	1880	1142
VV1_RS05285	2088	4158	15332	3645
VV1_RS05295	2403	1124	3158	951
VV1_RS05300	4828	3719	2921	1694
VV1_RS05310	6441	710	9898	3724
VV1_RS05330	118	75	368	154
VV1_RS05335	2927	1764	596	348
VV1_RS05340	1989	971	509	284
VV1_RS05370	6007	10511	2032	930
VV1_RS05380	509	1046	238	175
VV1_RS05390	191	174	469	240
VV1_RS05400	863	323	441	175
VV1_RS05415	17222	3431	671	329
VV1_RS05420	1334	778	852	324
VV1_RS05430	1150	702	1413	425
VV1_RS05440	1617	1025	145	74
VV1_RS05450	1333	788	361	204
VV1_RS05470	503	125	417	186
VV1_RS05495	2295	2428	778	428
VV1_RS05500	235	479	155	58
VV1_RS05505	1749	1739	819	318
VV1_RS05510	9909	8563	1890	681
VV1_RS05520	664	674	747	480
VV1_RS05540	775	925	142	37
VV1_RS05545	5688	4107	13021	6185
VV1_RS05550	6150	11575	827	333
VV1_RS05555	1734	1348	3430	2850
VV1_RS05560	2643	985	896	538
VV1_RS05570	814	589	3901	961
VV1_RS05580	389	161	266	91
VV1_RS05585	533	259	192	62
VV1_RS05655	3589	2061	1250	596
VV1_RS05660	1361	1043	709	378
VV1_RS05725	10808	18320	18682	3126
VV1_RS05745	250	430	215	83
VV1_RS05760	423	750	881	464
VV1_RS05770	10154	640	984	298
VV1_RS05780	5831	2084	3069	2565
VV1_RS05785	1057	2094	877	207
VV1_RS05800	255	288	1327	662
VV1_RS05810	1695	972	976	219
VV1_RS05820	420	624	989	287
VV1_RS05835	237	377	4582	3292
VV1_RS05840	115	51	443	319
VV1_RS05845	92	79	1986	1138
VV1_RS05850	2579	74	211	46
VV1_RS05855	1676	1718	3407	915
VV1_RS05875	157	157	15057	18059
VV1_RS05885	60	55	364	224
VV1_RS05890	1668	344	4487	2428
VV1_RS05900	15791	501	646	200
VV1_RS05930	14864	2345	5405	3028
VV1_RS05950	61	73	148	25
VV1_RS05975	185	416	259	82
VV1_RS05985	1995	4212	874	671
VV1_RS06000	15850	5244	3093	566
VV1_RS06005	106842	30009	18378	6323
VV1_RS06010	470	363	951	149
VV1_RS06020	1961	1085	5747	1453
VV1_RS06025	4168	4429	329	340
VV1_RS06030	751	418	579	168
VV1_RS06035	1091	713	429	333
VV1_RS06060	18399	50205	8247	2761
VV1_RS06065	906	465	417	319
VV1_RS06070	3705	827	987	640
VV1_RS06080	4013	2753	4837	2684
VV1_RS06135	619	274	632	226
VV1_RS06145	3662	1563	1529	642
VV1_RS06165	6907	6134	6776	1948
VV1_RS06170	7892	6884	18984	3589
VV1_RS06175	10479	9819	17202	3941
VV1_RS06185	4415	7054	2221	791
VV1_RS06190	6709	5657	12204	7352
VV1_RS06195	317	109	393	179
VV1_RS06205	1467	359	351	142
VV1_RS06210	21085	12823	36550	12840
VV1_RS06215	2091	881	3580	1555
VV1_RS06220	475	263	242	114
VV1_RS06225	2075	4568	1026	468
VV1_RS06230	804	380	325	116
VV1_RS06250	1216	5485	33011	25111
VV1_RS06260	618	3103	22915	29784
VV1_RS06265	8364	14605	2090	1004
VV1_RS06270	755	1179	1776	959
VV1_RS06280	809	220	3207	1807
VV1_RS06290	1831	807	10246	2524
VV1_RS06300	2382	2784	4632	2289
VV1_RS06315	3522	2061	446	186
VV1_RS06325	819	206	749	272
VV1_RS06330	6014	3977	5380	2709
VV1_RS06335	2521	4653	2831	1297
VV1_RS06385	1528	2908	1554	503
VV1_RS06410	2098	760	1507	1459
VV1_RS06430	300	444	912	308
VV1_RS06450	12583	1470	6466	3087
VV1_RS06465	1542	1708	997	425
VV1_RS06475	786	1607	607	289
VV1_RS06490	2785	352	11980	3499
VV1_RS06495	4318	62330	2109	1154
VV1_RS06500	2116	7218	1492	685
VV1_RS06510	661	11158	103	55
VV1_RS06515	2674	38057	561	274
VV1_RS06520	3170	32121	431	202
VV1_RS06530	3414	1960	5764	1546
VV1_RS06535	5941	7496	4223	2868
VV1_RS06540	533	312	639	410
VV1_RS06560	1073	699	613	260
VV1_RS06575	5379	5434	10773	3765
VV1_RS06580	595	477	1470	296
VV1_RS06585	1870	286	331	139
VV1_RS06610	775	477	854	297
VV1_RS06615	8494	4914	2507	1159
VV1_RS06625	1864	1457	1070	269
VV1_RS06650	294	192	566	220
VV1_RS06660	1331	698	900	299
CYSJ	634	522	5106	1347
VV1_RS06675	1428	1433	5760	1198
VV1_RS06680	1022	1304	6289	1721
VV1_RS06715	5631	3300	90394	24768
VV1_RS06720	765	901	35711	9855
VV1_RS06725	1173	1251	14132	4692
VV1_RS06735	510	796	391	119
VV1_RS06740	9559	5446	1929	1361
VV1_RS06745	561	732	3116	2484
VV1_RS06755	4076	5327	24928	2718
VV1_RS06760	501	364	2882	2187
VV1_RS06770	5547	2448	21574	5145
VV1_RS06780	1620	744	7890	2462
VV1_RS06790	4344	2652	26483	9328
VV1_RS06795	2717	1619	26517	7826
VV1_RS06800	1918	1485	15950	4106
VV1_RS06805	2836	2575	14895	4076
VV1_RS06810	1528	852	8186	2307
VV1_RS06855	4463	2627	2258	853
VV1_RS06860	252	277	166	55
VV1_RS06875	2360	910	2622	941
VV1_RS06880	1539	1338	6764	1400
VV1_RS06885	1375	1265	4026	752
TLDD	5320	3844	12266	7741
VV1_RS06895	13898	15227	289633	114779
VV1_RS06905	231	411	399	88
VV1_RS06930	182	4904	206	64
VV1_RS06935	620	159	6054	2894
VV1_RS06945	521	221	361	222
VV1_RS06960	1954	568	545	229
VV1_RS06965	2100	910	615	317
VV1_RS06980	3446	3598	3898	849
VV1_RS06985	1986	2877	1026	462
VV1_RS06990	1437	1963	1067	514
VV1_RS07005	5565	687	467	327
VV1_RS07015	6109	476	104	27
VV1_RS07025	12698	2054	462	207
VV1_RS07030	4051	1215	731	301
VV1_RS07035	7767	2547	1580	798
VV1_RS07045	550	588	15728	3591
VV1_RS07090	434	451	25050	5606
VV1_RS07095	444	279	26903	6743
VV1_RS07150	738	763	596	160
VV1_RS07160	1407	1516	895	662
VV1_RS07170	1449	165	284	144
VV1_RS07175	320	226	247	84
VV1_RS07180	979	531	2064	760
VV1_RS07185	846	361	1536	511
VV1_RS07205	4588	1148	369	161
VV1_RS07210	4739	794	616	391
VV1_RS07215	5382	4354	43386	16117
VV1_RS07220	2009	2254	13760	3059
VV1_RS07235	8792	2636	18105	6458
VV1_RS07240	4653	993	344	178
VV1_RS07250	823	966	739	338
VV1_RS07260	307	358	59921	16308
VV1_RS07265	2024	2778	6123	1670
GAPA	2120	1649	681	308
VV1_RS07290	20177	32330	5003	1092
VV1_RS07295	9053	7907	3101	1233
VV1_RS07300	282	772	321	89
VV1_RS07305	1063	440	840	341
VV1_RS07310	3504	1784	5884	1196
VV1_RS07320	814	355	216	129
VV1_RS07340	1767	982	263	96
VV1_RS07345	2222	1695	714	500
VV1_RS07375	4391	7803	1409	634
VV1_RS07385	7198	2418	2875	1043
VV1_RS07400	2218	987	871	256
VV1_RS07405	210	236	1083	174
VV1_RS07425	1863	2010	3016	1512
VV1_RS07435	7005	2501	19276	11865
VV1_RS07445	6119	1493	13091	4644
RELA	8163	9332	3756	1644
VV1_RS07510	20568	16193	232106	106954
VV1_RS07515	9575	13311	207276	134005
VV1_RS07520	1986	1697	1973	962
VV1_RS07600	15000	15838	1155	491
VV1_RS07605	7601	9435	898	341
VV1_RS07610	5017	4428	15523	5242
VV1_RS07620	8852	9748	26296	9651
VV1_RS07630	4597	2495	5408	2072
VV1_RS07640	430	581	357	127
VV1_RS07645	1998	2002	3247	2267
VV1_RS07650	6553	1909	1833	559
VV1_RS07680	11618	5219	2343	1400
VV1_RS07690	447	735	243	116
VV1_RS07695	114	154	168	93
VV1_RS07735	16369	4296	3464	1112
VV1_RS07740	4384	8220	9857	3918
VV1_RS07750	2245	1851	471	306
VV1_RS07755	291	275	255	104
VV1_RS07760	12369	210	213	77
VV1_RS07765	2548	235	82	44
VV1_RS07785	3361	2494	1005	663
VV1_RS07790	305	118	338	158
VV1_RS07800	4192	328	11357	3557
VV1_RS07810	1197	1440	1227	303
VV1_RS07820	16055	18915	12156	3756
VV1_RS07830	82	74	132	33
VV1_RS07835	701	590	177	126
VV1_RS07850	6712	249546	2033	446
VV1_RS07855	46445	21807	4848	4477
VV1_RS07860	2213	1420	344	306
VV1_RS07865	1029	921	286	118
VV1_RS07870	504	723	749	427
VV1_RS07875	514	836	985	420
VV1_RS07880	288	308	609	256
VV1_RS07885	60	76	184	105
VV1_RS07895	113	109	425	348
VV1_RS07900	192	144	362	116
VV1_RS07905	33	38	879	98
VV1_RS07910	117	150	452	103
VV1_RS07915	767	706	3658	1591
VV1_RS07920	3949	1479	1408	619
VV1_RS07930	1642	1817	1036	760
VV1_RS07935	1092	589	591	254
VV1_RS07945	1134	810	6171	1130
VV1_RS07950	3596	3798	17300	3222
VV1_RS07955	1383	257	540	278
VV1_RS07960	2673	2091	552	350
VV1_RS07970	3978	3139	1603	772
HFLB	33479	30717	36793	11644
FOLP	1203	573	525	246
VV1_RS08070	92	183	131	46
VV1_RS08090	21664	29386	7021	3145
VV1_RS08095	2403	4747	2507	1874
VV1_RS08110	244	526	311	79
VV1_RS08115	177	618	114	29
VV1_RS08120	1519	2260	1599	1487
VV1_RS08145	1576	1158	46177	14300
VV1_RS08150	3156	1065	2618	971
VV1_RS08160	3089	1192	3075	1623
VV1_RS08165	28947	3107	10122	2806
VV1_RS08170	17775	2540	13394	2688
VV1_RS08180	8506	2022	5834	1590
VV1_RS08190	1029	979	572	143
VV1_RS08200	8963	4602	11781	6013
VV1_RS08205	1193	2028	1247	499
VV1_RS08210	3220	1885	5971	2567
VV1_RS08215	1133	643	1350	658
VV1_RS08220	788	496	2009	481
VV1_RS08240	709	1017	60062	35345
VV1_RS08245	220	357	13354	14166
VV1_RS08270	71	47	3379	670
VV1_RS08275	214	281	8318	2031
VV1_RS08285	174	152	7397	1509
VV1_RS08300	568	582	15182	3905
VV1_RS08305	304	389	9321	1810
VV1_RS08310	226	300	5334	1548
VV1_RS08315	375	306	4678	843
VV1_RS08320	1076	1031	23694	6109
VV1_RS08325	45	36	128	44
VV1_RS08330	419	118	953	345
VV1_RS08335	356	203	2072	589
VV1_RS08345	353	32	182	41
VV1_RS08350	3500	47	713	247
VV1_RS08375	9850	199	536	374
VV1_RS08380	7824	402	592	439
VV1_RS08385	1196	135	245	140
VV1_RS08395	1760	785	33814	14950
VV1_RS08400	3748	812	3357	980
VV1_RS08425	1449	6399	744	451
VV1_RS08430	11483	14690	3378	2783
VV1_RS08435	943	1402	864	542
VV1_RS08445	5430	4338	1944	1342
VV1_RS08455	38371	1278	1222	1087
VV1_RS08460	9254	8124	614	241
VV1_RS08470	107	106	74	54
VV1_RS08475	3478	512	156	67
VV1_RS08480	1087	1133	947	339
VV1_RS08505	604	7801	4433	728
VV1_RS08520	125	143	544	79
VV1_RS08575	5032	3137	95725	22607
VV1_RS08580	245	253	5603	2353
VV1_RS08595	1901	1211	1906	793
VV1_RS08605	22213	8111	3834	871
VV1_RS08610	9220	4441	1788	283
VV1_RS08615	3325	1489	837	120
VV1_RS08620	4753	1901	854	366
VV1_RS08630	9145	5564	3081	599
VV1_RS08635	282	403	411	299
VV1_RS08645	3923	3319	5484	2081
VV1_RS08650	1407	1046	3683	1032
VV1_RS08655	1078	1674	540	270
VV1_RS08660	1291	1001	800	386
VV1_RS08665	203	272	1806	390
VV1_RS08670	445	332	7122	3461
VV1_RS08685	35361	33016	1109	1760
VV1_RS08690	2334	2904	677	242
VV1_RS08695	216	283	183	151
VV1_RS08705	135	164	199	47
VV1_RS08760	6257	406	160	57
VV1_RS08770	489	174	271	96
VV1_RS08780	4005	8848	1824	1261
VV1_RS08785	1684	1756	529	172
VV1_RS08810	2965	1314	712	358
VV1_RS08815	375	211	262	107
VV1_RS08820	239	240	197	118
VV1_RS08825	8585	6295	2856	2565
VV1_RS08830	8476	7292	4383	2392
VV1_RS08850	2004	1242	877	189
VV1_RS08870	5839	2509	865	303
VV1_RS08875	1364	1388	314	189
VV1_RS08890	1001	577	1233	238
VV1_RS08895	386	241	728	330
VV1_RS08900	206	193	417	160
VV1_RS08905	692	1885	1787	1195
VV1_RS08910	2836	2807	2860	1101
VV1_RS08920	1420	1313	816	927
VV1_RS08925	3487	2627	4200	2262
VV1_RS08930	1445	1453	1555	852
VV1_RS08935	2320	2124	3636	1785
VV1_RS08940	287	146	3356	696
VV1_RS08970	2220	2157	1369	387
VV1_RS08980	5187	5120	804	210
VV1_RS08990	579	695	912	276
VV1_RS08995	2064	2151	1182	752
VV1_RS09015	4708	3137	4461	1548
VV1_RS09025	1400	1117	2425	803
VV1_RS09045	10031	6856	1699	735
VV1_RS09055	377	878	242	136
VV1_RS09060	2310	4797	1401	619
VV1_RS09095	2635	4348	3164	356
VV1_RS09100	5560	4197	14106	6884
VV1_RS09105	132478	105904	364017	145553
VV1_RS09110	65580	35070	54841	30050
VV1_RS09135	8791	3899	3171	1056
VV1_RS09140	1824	1337	4424	3622
VV1_RS09145	1302	1753	3217	1144
VV1_RS09235	11849	12016	15649	3759
VV1_RS09250	17380	9523	24676	9797
VV1_RS09255	24945	18043	42574	16346
VV1_RS09260	3523	3079	7709	1971
VV1_RS09265	5126	5220	11852	4588
VV1_RS09270	12191	10290	34200	10025
VV1_RS09285	2490	1255	999	445
VV1_RS09290	880	666	1926	370
VV1_RS09295	494	355	782	183
VV1_RS09310	1018	978	1525	382
VV1_RS09325	689	477	869	239
VV1_RS09330	1533	1678	609	377
VV1_RS09335	572	553	470	163
VV1_RS09340	1074	358	40553	7418
VV1_RS09345	5093	1897	2165	825
VV1_RS09365	18666	8330	76232	28949
VV1_RS09380	3222	3518	2232	1006
VV1_RS09385	4679	8618	2744	1391
VV1_RS09390	195	39	80	22
VV1_RS09410	2548	2178	2282	780
VV1_RS09420	1930	1437	1848	437
VV1_RS09435	10638	1509	1364	436
VV1_RS09440	1377	1487	365	151
VV1_RS09455	1774	1357	298	169
VV1_RS09460	16075	40563	2507	1437
VV1_RS09465	3488	3569	137628	47428
VV1_RS09500	140	139	153	48
VV1_RS09505	1304	1029	2577	1449
VV1_RS09510	541	185	726	328
VV1_RS09515	288	256	446	171
VV1_RS09545	170	107	61	28
VV1_RS09565	326	491	70	17
VV1_RS09695	839	317	209	102
VV1_RS09705	4415	15413	8142	2309
VV1_RS09720	153	146	310	89
VV1_RS09725	824	214	18082	5986
VV1_RS09740	21011	9285	14347	3974
VV1_RS09745	64903	4272	314	207
VV1_RS09750	13941	4263	8821	4129
VV1_RS09760	1944	3749	787	378
VV1_RS09775	4491	7485	3491	1558
VV1_RS09785	1903	3768	490	234
VV1_RS09795	1034	1278	835	482
VV1_RS09800	2468	3828	4140	1849
VV1_RS09810	684	714	406	315
VV1_RS09815	749	775	239	187
VV1_RS09820	830	742	236	120
VV1_RS09830	1125	1189	641	741
VV1_RS09835	1675	1519	424	213
VV1_RS09850	869	587	164	80
VV1_RS09855	267	180	3787	1364
VV1_RS09860	3135	4012	480533	228618
VV1_RS09865	7058	6961	732067	209714
VV1_RS09870	13473	10646	967050	417849
VV1_RS09880	240	154	1795	428
VV1_RS09890	151	417	18188	6105
VV1_RS09895	397	215	1581	562
VV1_RS09900	43384	384523	6703	2064
VV1_RS09905	7415	32620	4363	1255
VV1_RS09915	384	3233	17112	6547
VV1_RS09920	944	17139	22798	8256
VV1_RS09925	121	2284	3928	2307
VV1_RS09930	93	541	1506	1139
VV1_RS09940	3985	1872	546	174
VV1_RS09945	1754	6820	6933	4328
VV1_RS09960	229	113	135	89
VV1_RS09975	1821	1434	963	395
VV1_RS09980	1232	970	2171	1160
VV1_RS09985	11055	17087	4896	1898
VV1_RS10010	1264	1063	8935	2688
VV1_RS10025	3552	4303	787	397
VV1_RS10050	960	1031	2581	951
VV1_RS10060	77	87	452	135
VV1_RS10070	1144	948	1052	240
VV1_RS10080	1361	1386	2048	427
VV1_RS10085	3709	1293	1455	327
VV1_RS10090	863	733	923	924
VV1_RS10095	1531	1397	693	412
VV1_RS10100	2033	2403	987	458
VV1_RS10110	425	585	643	342
VV1_RS10125	3154	1363	605	159
VV1_RS10130	2703	908	845	294
VV1_RS10135	1243	863	1365	709
VV1_RS10140	279	296	249	118
VV1_RS10145	115	163	1929	1165
VV1_RS10150	746	610	671	425
VV1_RS10165	574	410	957	879
VV1_RS10180	14989	7326	3423	897
VV1_RS10185	3881	4029	1101	224
VV1_RS10205	4913	2731	917	403
VV1_RS10215	2225	2034	725	377
VV1_RS10230	4288	3326	2062	997
VV1_RS10235	5191	4461	1227	448
VV1_RS10240	219	140	102	47
VV1_RS10255	142	115	147	60
VV1_RS10265	5745	6755	32621	15882
VV1_RS10360	803	901	306	217
VV1_RS10365	654	469	278	94
VV1_RS10370	4470	4392	2068	950
VV1_RS10375	146	111	73	27
VV1_RS10380	10344	568	224	122
VV1_RS10390	329	263	287	146
VV1_RS10395	1797	1779	3231	1550
VV1_RS10400	316	292	412	386
VV1_RS10405	2208	904	1441	1011
VV1_RS10410	1087	451	423	156
VV1_RS10415	50079	4873	33391	15090
VV1_RS10420	3515	787	6910	2069
VV1_RS10425	57	25	36	14
VV1_RS10435	349	288	747	226
VV1_RS10445	3747	20795	1173	444
VV1_RS10450	9133	28993	1483	546
VV1_RS10460	544	3176	2176	1098
VV1_RS10465	174	578	699	314
VV1_RS10470	335	586	463	137
VV1_RS10480	904	468	894	236
VV1_RS10485	245	72	47	49
VV1_RS10490	638	302	106	34
VV1_RS10505	2263	3152	1536	578
VV1_RS10520	286	185	1802	859
VV1_RS10530	124	134	386	148
VV1_RS10535	637	588	535	429
VV1_RS10540	559	757	1137	409
VV1_RS10550	585	377	372	129
VV1_RS10555	863	565	273	121
VV1_RS10560	98	100	154	49
VV1_RS10570	21214	1130	64228	13473
VV1_RS10575	3759	22593	1193	631
VV1_RS10580	203	142	2066	698
VV1_RS10610	3020	156	2027	723
VV1_RS10625	3175	3138	637	257
VV1_RS10630	1424	189	790	226
VV1_RS10635	4845	276	2358	1307
VV1_RS10640	508	353	5869	2366
VV1_RS10650	734	1326	57216	16555
VV1_RS10665	23276	6681	4043	1858
VV1_RS10680	3081	3918	442	238
VV1_RS10685	3261	2341	552	348
VV1_RS10705	1850	2940	78	48
VV1_RS10710	4169	3968	101	45
VV1_RS10720	458	780	163	56
VV1_RS10725	13883	5002	2830	2423
VV1_RS10730	849	495	820	349
VV1_RS10735	4262	1845	15002	4335
VV1_RS10745	3732	5707	16985	8261
VV1_RS10750	1915	5196	23077	6777
VV1_RS10755	619	461	962	712
VV1_RS10760	847	450	13752	3904
VV1_RS10765	66	50	99	49
VV1_RS10770	4990	828	6171	1736
VV1_RS10775	93	152	221	81
VV1_RS10780	228	225	2517	1255
VV1_RS10785	491	66	206	171
VV1_RS10790	7915	1116	1838	1208
VV1_RS10800	2880	2117	4469	907
VV1_RS10825	1180	6798	205	103
VV1_RS10830	69	79	353	71
VV1_RS10835	962	181	277	131
VV1_RS10850	585	788	328	161
VV1_RS10870	259	174	183	73
VV1_RS10875	125	110	64	23
VV1_RS10885	356	342	333	141
VV1_RS10895	1478	680	13249	5905
VV1_RS10900	3434	1644	34452	15273
VV1_RS10910	1931	1051	1588	355
VV1_RS10920	1910	352	80	22
VV1_RS10925	7645	665	127	65
VV1_RS10930	6851	241	84	39
VV1_RS10935	734	542	349	84
VV1_RS10955	1513	809	319	196
VV1_RS10980	485	535	19	20
VV1_RS10985	189	237	116	26
VV1_RS10995	341	580	61	49
VV1_RS11000	192	337	69	21
VV1_RS11005	41	105	39	33
VV1_RS11010	54	72	36	11
VV1_RS11015	37	38	20	6
VV1_RS11030	268	97	126	36
VV1_RS11040	164	124	135	27
VV1_RS11045	4181	2161	4278	3781
VV1_RS11070	76	83	4849	1621
VV1_RS11100	1286	658	243	110
VV1_RS11105	4207	2257	445	105
VV1_RS11115	156	101	4822	370
VV1_RS11130	1526	1888	400	131
VV1_RS11140	26	72	51	15
VV1_RS11145	3438	1716	460	139
VV1_RS11155	103	55	112	45
VV1_RS11160	343	200	1657	876
VV1_RS11165	9947	1414	18553	5109
VV1_RS11180	2301	3116	536	135
VV1_RS11185	1843	908	155	22
VV1_RS11190	1839	1964	110	43
VV1_RS11200	25484	4091	2823	1196
VV1_RS11205	567	719	775	357
VV1_RS11215	2268	497	659	117
VV1_RS11225	639	584	1140	634
VV1_RS11230	461	558	177	103
VV1_RS11235	238	141	65	21
VV1_RS11240	4032	2213	22631	5046
VV1_RS11245	4954	26641	3479	1497
VV1_RS11255	16224	6037	2258	831
VV1_RS11260	123	45	305	266
VV1_RS11270	545	102	20977	11365
VV1_RS11275	363	213	10813	6898
VV1_RS11285	750	189	1564	624
VV1_RS11290	1056	720	229	137
VV1_RS11295	1368	749	995	351
THRS	11831	16740	3875	1256
VV1_RS11320	417	365	1382	399
VV1_RS11675	1350	1172	613	243
VV1_RS11900	2490	1210	1590	754
VV1_RS12160	296	284	228	64
VV1_RS12210	532	1093	247	102
VV1_RS12215	1164	1153	2760	1441
VV1_RS12225	23095	1295	29874	11446
VV1_RS12230	2141	484	775	197
VV1_RS12235	1791	517	857	257
VV1_RS12255	278	472	129	42
VV1_RS12265	12483	920	917	420
VV1_RS12275	2671	692	420	147
VV1_RS12285	2540	579	356	256
VV1_RS12290	971	255	157	62
VV1_RS12295	6551	4517	2736	787
VV1_RS12300	9116	3938	497	356
VV1_RS12305	4604	2083	485	244
VV1_RS12310	441	367	491	127
VV1_RS12320	759	300	345	125
VV1_RS12330	3313	8707	1460	340
VV1_RS12345	6777	1342	1120	290
VV1_RS12350	1805	530	741	173
VV1_RS12360	5100	2192	2082	416
VV1_RS12365	827	363	349	80
VV1_RS12370	1341	525	415	112
VV1_RS12395	225	1400	167	38
VV1_RS12400	2532	1992	1223	1213
POTD	1689	1104	1367	299
VV1_RS12430	283	157	4921	1371
VV1_RS12435	1195	227	5728	2984
VV1_RS12440	375	175	1957	805
VV1_RS12445	457	206	1152	454
VV1_RS12450	27609	10041	43469	17581
VV1_RS12455	28722	10315	17976	9772
VV1_RS12460	196	159	240	90
VV1_RS12480	6564	5397	1805	581
VV1_RS12490	15875	10494	4929	1497
VV1_RS12495	8331	7387	3377	1074
VV1_RS12505	3382	2381	2233	1027
VV1_RS12510	3376	1086	2307	877
VV1_RS12515	1864	1337	22491	5501
VV1_RS12535	1184	503	239	136
VV1_RS12555	3365	1608	5188	3224
VV1_RS12575	3149	1109	514	161
VV1_RS12590	532	442	20645	6696
VV1_RS12595	7064	9149	16290	4330
VV1_RS12600	7086	4666	27145	3991
VV1_RS12610	4469	1444	10659	2504
VV1_RS12615	581	508	984	441
VV1_RS12620	2181	862	930	364
VV1_RS12630	2962	2276	2105	404
VV1_RS12635	1147	952	538	286
VV1_RS12645	638	641	124	57
VV1_RS12660	688	286	191	72
VV1_RS12670	29	95	44	25
VV1_RS12675	140	261	371	120
VV1_RS12680	47	74	100	51
VV1_RS12685	129	134	4395	2667
VV1_RS12690	723	739	26904	7465
VV1_RS12695	2334	1508	45974	12202
VV1_RS12710	179	179	4862	1304
VV1_RS12720	59	67	2495	679
VV1_RS12725	28	59	566	144
VV1_RS12730	174	106	285	114
VV1_RS12735	117	76	146	38
VV1_RS12750	262	438	99	77
VV1_RS12780	4004	2079	1845	737
VV1_RS12785	1653	891	1159	521
VV1_RS12790	3619	1326	2852	1342
VV1_RS12795	923	685	1105	828
VV1_RS12800	1082	648	1668	767
VV1_RS12815	2606	2646	166	71
VV1_RS12820	670	503	70	43
VV1_RS12825	479	402	121	70
VV1_RS12830	2470	1210	636	356
VV1_RS12835	14575	12285	8650	4321
VV1_RS12845	478	1146	347	111
VV1_RS12855	1802	2197	338	213
VV1_RS12865	957	97	175	45
VV1_RS12880	1260	964	1430	506
VV1_RS12885	8362	25263	138851	39695
VV1_RS12890	528	1702	4609	1154
VV1_RS12895	826	2141	5185	951
VV1_RS12900	3642	8361	36266	7435
VV1_RS12925	11407	9691	6246	3060
VV1_RS12945	13181	11560	13589	6711
VV1_RS12950	29029	18104	14411	7696
VV1_RS12960	743	146	220	104
VV1_RS12965	418	204	207	71
VV1_RS12970	288	235	313	59
VV1_RS12975	425	357	80	72
VV1_RS12980	1170	157	137	41
VV1_RS12985	475	317	165	108
VV1_RS12990	501	346	685	437
VV1_RS13025	1202	651	14894	5090
VV1_RS13035	940	277	6853	2378
VV1_RS13045	41	304	681	150
VV1_RS13055	157	182	144	37
VV1_RS13070	58	326	74	14
VV1_RS13080	2096	1334	1690	648
VV1_RS13095	1122	3206	6171	2469
VV1_RS13100	4470	943	4157	2876
VV1_RS13105	28	22	276	77
VV1_RS13110	16	15	15	10
VV1_RS13115	88	56	35	25
VV1_RS13125	35	28	72	14
VV1_RS13130	5357	1279	4402	1305
VV1_RS13150	346	332	568	453
VV1_RS13165	2414	1413	16886	5521
VV1_RS13170	2422	1849	1644	652
VV1_RS13180	155	263	3598	811
VV1_RS13190	698	300	3408	658
VV1_RS13195	5002	816	15760	3745
VV1_RS13200	2197	215	17421	4000
VV1_RS13205	210	310	136	42
VV1_RS13215	188	487	354	161
VV1_RS13220	201	38	427	537
VV1_RS13245	10329	468	1036	805
VV1_RS13250	567	913	178	135
VV1_RS13265	220	110	65	26
VV1_RS13270	487	194	216	98
VV1_RS13275	5752	2274	1151	373
VV1_RS13280	4900	7297	2537	1685
VV1_RS13285	937	1354	780	663
VV1_RS13305	5075	187	5269	3108
VV1_RS13320	79	122	176	47
VV1_RS13340	3684	3594	1552	870
VV1_RS13350	3345	2972	2886	692
VV1_RS13355	1121	701	522	179
VV1_RS13360	121	34	612	512
VV1_RS13365	1747	1106	4315	1331
VV1_RS13370	722	382	350	182
VV1_RS13380	292	209	6134	677
VV1_RS13385	9195	8075	2160	1140
VV1_RS13390	341	190	174	42
VV1_RS13395	319	286	215	94
VV1_RS13400	1629	10374	524	237
VV1_RS13405	5905	7011	5323	5895
VV1_RS13430	2292	1997	2075	1200
VV1_RS13435	423	1005	344	231
VV1_RS13445	1495	675	460	197
VV1_RS13450	34934	7887	9062	4332
VV1_RS13455	25235	2695	22502	2760
VV1_RS13465	1201	759	717	429
VV1_RS13470	2067	3552	1395	389
VV1_RS13475	27146	2804	14582	4841
VV1_RS13480	5594	196	1443	475
VV1_RS13490	322	143	71	49
VV1_RS13495	1340	671	424	194
VV1_RS13500	170	97	83	23
VV1_RS13505	2240	2858	1471	1132
VV1_RS13510	274	293	737	314
VV1_RS13515	121	214	34	19
VV1_RS13520	339	949	311	70
VV1_RS13525	372	153	251	73
VV1_RS13530	526	250	111	36
VV1_RS13540	7612	5949	453	266
VV1_RS13545	2941	1639	219	201
VV1_RS13555	536	204	290	132
VV1_RS13560	396	316	475	150
VV1_RS13565	2393	1336	2200	874
VV1_RS13585	1894	1216	22155	5591
VV1_RS13590	160	184	1551	495
VV1_RS13595	214	148	1644	328
VV1_RS13600	49	44	607	159
VV1_RS13605	461	1059	170	82
VV1_RS13610	202	158	141	48
VV1_RS13615	486	266	62	33
VV1_RS13620	29	13	19	7
VV1_RS13625	133	214	187	94
VV1_RS13630	2314	2671	2652	1130
VV1_RS13635	3188	17374	20226	9574
VV1_RS13645	1836	5202	781	404
VV1_RS13655	3990	4304	12398	2223
VV1_RS13665	4659	4490	22059	5445
VV1_RS13680	16042	5715	3961	1722
VV1_RS13685	736	1565	669	276
VV1_RS13690	6231	1277	4264	1683
VV1_RS13695	989	239	2244	650
VV1_RS13700	220	91	655	267
VV1_RS13705	701	326	1848	456
VV1_RS13710	272	150	1101	443
VV1_RS13725	1244	863	771	269
VV1_RS13745	927	255	3982	2619
VV1_RS13755	6355	4508	5564	985
VV1_RS13760	4348	2342	3447	722
VV1_RS13770	1892	213	317	160
VV1_RS13775	209	174	192	55
VV1_RS13780	996	2835	1062	403
VV1_RS13795	1161	134	917	630
VV1_RS13825	329	329	136	63
VV1_RS13830	1950	442	740	214
VV1_RS13840	1240	1974	766	252
VV1_RS13845	634	1290	253	109
VV1_RS13850	1893	4432	768	511
VV1_RS13860	1617	3846	528	317
VV1_RS13865	3465	6506	945	442
VV1_RS13880	587	276	757	191
VV1_RS13890	1602	2082	1560	590
VV1_RS13905	6826	2581	1526	540
VV1_RS13910	1779	1252	4982	1880
VV1_RS13930	1901	1418	316842	119430
VV1_RS13935	347	269	73914	28939
VV1_RS13955	10167	971	834	242
VV1_RS13965	810	8488	180	40
VV1_RS13975	629	240	423	189
VV1_RS13985	10977	12294	2091	1050
VV1_RS13990	421	332	229	110
VV1_RS14010	9157	7168	6409	2493
VV1_RS14025	6117	2492	21598	10391
VV1_RS14030	119	178	129	132
VV1_RS14045	722	254	35997	7331
VV1_RS14050	608	276	4775	703
VV1_RS14060	933	1126	27478	20099
VV1_RS14065	345	341	220	91
VV1_RS14070	717	588	362	165
VV1_RS14075	949	391	392	131
VV1_RS14085	2250	1477	2871	1259
VV1_RS14110	2071	6045	4388	2189
VV1_RS14115	1375	1140	1006	620
VV1_RS14120	476	1022	1363	701
VV1_RS14125	2124	723	389	169
VV1_RS14130	14712	7095	3464	2587
VV1_RS14155	4262	2223	2215	871
VV1_RS14160	556	411	449	206
VV1_RS14165	718	296	421	137
VV1_RS14170	799	403	741	411
VV1_RS14180	13532	3861	14525	3000
VV1_RS14185	21748	2678	3700	2068
VV1_RS14190	26698	3234	43421	10424
VV1_RS14195	13063	2516	31012	15798
VV1_RS14205	720	2850	981	516
VV1_RS14215	142611	84554	35939	5782
VV1_RS14220	346	415	152	63
VV1_RS14235	1090	923	438	203
VV1_RS14240	1030	817	396	247
VV1_RS14245	852	851	834	155
VV1_RS14260	714	483	669	188
VV1_RS14265	714	301	707	193
VV1_RS14270	651	224	520	311
VV1_RS14290	2826	534	382	136
VV1_RS14295	6959	3418	1257	335
VV1_RS14300	204	289	309	120
VV1_RS14310	342	372	168	81
VV1_RS14320	2187	1451	10453	2488
VV1_RS14325	2925	5752	1676	547
VV1_RS14335	8411	661312	413	220
VV1_RS14355	3831	480	472	240
VV1_RS14360	14136	809	1352	607
VV1_RS14365	6691	424	826	322
VV1_RS14385	530	172	73	34
VV1_RS14390	5636	4226	3027	955
VV1_RS14400	711	220	287	89
VV1_RS14405	402	593	1978	482
VV1_RS14420	4319	2639	1724	856
VV1_RS14425	2177	4289	1353	773
VV1_RS14435	402	468	1997	1841
VV1_RS14440	1048	1257	954	246
VV1_RS14445	2419	1786	3701	759
VV1_RS14495	623	535	301	144
VV1_RS14510	2514	975	1411	322
VV1_RS14515	667	5947	276	54
VV1_RS14520	1425	1254	3353	1181
VV1_RS14525	1403	869	2932	675
VV1_RS14535	1634	3900	2191	1708
VV1_RS14555	3861	7221	3864	3300
VV1_RS14565	1179	3385	123	18
VV1_RS14595	10702	2694	4691	871
VV1_RS14600	324	451	367	172
VV1_RS14610	1031	638	821	438
VV1_RS14620	6380	5926	16119	6869
VV1_RS14650	6452	1843	4204	1503
VV1_RS14660	54719	15765	5209	2443
VV1_RS14665	6008	6272	3082	1509
VV1_RS14700	820	379	230	170
VV1_RS14705	493	229	144	161
VV1_RS14710	620	442	291	190
VV1_RS14725	10987	10014	8392	4266
VV1_RS14730	184	268	197	38
VV1_RS14735	141	204	1710	554
VV1_RS14740	962	1125	706	442
VV1_RS14760	4362	177	48750	17701
VV1_RS14765	125187	637806	9764	3342
VV1_RS14770	418	178	195	89
VV1_RS14775	260	230	105	57
VV1_RS14785	7120	23755	1300	776
VV1_RS14790	237	157	290	108
VV1_RS14795	1539	520	2706	1130
VV1_RS14800	5823	1373	5841	1722
VV1_RS14805	2911	2772	2321	638
VV1_RS14815	1513	845	1502	550
VV1_RS14825	629	247	23	6
VV1_RS14845	1533	882	2658	1541
VV1_RS14850	3160	2041	9975	4784
VV1_RS14855	121	84	38	15
FADH	4584	1261	3292	2410
VV1_RS14875	2335	3880	2168	1410
VV1_RS14890	1906	771	2906	746
VV1_RS14900	22791	72953	5121	1351
VV1_RS14905	715	7249	308	152
VV1_RS14910	761	593	381	187
VV1_RS14925	13402	2333	349	231
VV1_RS14935	46135	7271	27901	8469
VV1_RS14950	1313	1039	6774	1989
VV1_RS14965	10231	664	1610	407
VV1_RS14980	813	1004	711	265
VV1_RS14985	584	1335	1167	838
VV1_RS15005	3532	3954	1537	695
VV1_RS15015	1180	1063	1084	411
VV1_RS15020	394	206	107	30
VV1_RS15035	1621	2985	1716	645
VV1_RS15040	2758	6332	1013	330
VV1_RS15055	1881	413	428	173
VV1_RS15060	743	3572	2557	801
