	IAI1_batch1	IAI1_batch2	IAI1_starvation1	IAI1_starvation2
thrA	18353	12023	516	392
thrB	5999	3822	291	226
thrC	10508	6982	418	342
yaaA	471	329	132	141
yaaJ	56	39	56	37
talB	4437	2099	2119	2186
htpY	20	14	36	44
dnaK	12813	8992	38708	31936
dnaJ	2247	1567	3575	2924
nhaA	722	584	1313	1120
nhaR	237	195	83	56
ribF	1870	1221	424	345
ileS	7749	5378	1813	1351
ispH	1065	728	170	96
rihC	87	49	80	83
dapB	4138	2461	199	177
carA	4552	3110	30	22
carB	10986	7394	105	81
caiD	38	28	15	15
caiB	29	27	20	22
caiA	63	77	32	38
caiT	11	4	12	6
fixA	14	10	5	8
fixB	12	10	6	8
fixC	18	10	7	3
yaaU	3	10	10	7
kefC	178	136	106	89
apaH	313	206	48	33
ksgA	727	455	151	116
surA	3526	2423	1267	971
imp	4285	3011	1877	1379
djlA	320	195	153	84
rluA	140	94	51	33
hepA	669	469	126	100
polB	109	59	128	121
araD	3	7	25	20
araA	42	20	185	115
araC	377	280	915	795
yabI	180	165	345	240
thiQ	148	117	11	12
tbpA	638	373	30	26
setA	319	241	264	176
leuD	2902	1727	257	183
leuC	4807	2764	202	183
leuB	4326	2441	249	210
leuA	4087	2444	353	284
leuO	60	44	254	149
ilvI	4607	3074	499	420
fruR	1377	977	2007	1479
mraW	1384	945	1073	916
ftsI	1107	803	620	515
murE	1888	1208	533	329
murF	1392	953	333	256
mraY	1063	734	447	289
murD	1637	1142	540	380
ftsW	1354	1051	460	334
murG	1078	726	310	217
murC	1757	1199	374	276
ddlB	1198	863	727	505
ftsQ	1193	905	768	507
ftsA	2939	2166	1343	952
ftsZ	6742	4875	2924	2249
lpxC	7305	5220	20011	17616
secA	5050	3546	3531	2597
yacF	334	249	228	147
coaE	371	222	316	213
guaC	1930	1171	176	163
hofC	43	39	10	16
hofB	35	31	29	26
nadC	190	122	98	93
ampE	294	216	294	196
aroP	5176	3644	854	668
pdhR	666	472	431	362
aceE	24203	17878	6025	4554
aceF	13275	9644	5038	3665
lpd	21510	15182	18556	14522
acnB	13397	7948	20053	17003
speD	2722	1998	241	199
speE	3324	2378	419	325
cueO	395	308	117	69
gcd	483	286	96	75
can	3720	2504	633	515
yadG	403	306	137	102
yadH	294	223	306	253
yadD	202	184	175	188
panC	1640	1135	584	551
yadL	21	20	59	54
ecpD	3	9	6	3
pcnB	2068	1417	108	104
yadB	221	162	57	48
sfsA	569	397	5147	4692
mrcB	1524	1019	459	361
fhuA	8264	5069	5334	4166
fhuC	770	465	160	114
fhuD	423	291	24	19
hemL	3072	2222	706	583
clcA	506	353	345	244
yadS	165	140	54	66
btuF	228	177	31	20
pfs	1218	859	1527	1175
dgt	476	298	237	195
degP	2492	2133	1649	1232
cdaR	211	122	820	730
dapD	11706	7523	1063	829
glnD	571	342	286	250
map	1552	1034	1095	882
rpsB	32406	24349	1747	1617
tsf	20441	15345	828	706
pyrH	2583	2044	322	264
dxr	675	451	284	236
ispU	2338	1714	383	296
cdsA	1124	759	269	216
yaeL	3532	2657	881	616
yaeT	10457	7571	1754	1354
lpxD	4944	3536	1128	765
lpxA	3099	2327	626	501
lpxB	1306	909	163	104
dnaE	2631	1795	303	247
accA	3811	2583	673	537
ldcC	190	115	191	135
nlpE	249	156	164	106
proS	4696	3265	487	403
yaeB	105	73	20	18
metQ	9968	7020	1978	1296
metI	2125	1584	716	383
metN	2781	2152	801	494
dkgB	168	161	154	129
yafC	217	156	309	219
yafD	612	471	1021	812
mltD	8918	6809	647	489
gloB	255	213	160	143
yafS	235	159	180	173
dnaQ	530	422	420	355
yafT	9	9	6	1
yafV	149	103	103	98
fadE	198	154	947	708
yafJ	395	297	385	286
yafK	799	614	244	209
dinB	103	68	116	81
pepD	2633	1786	958	755
frsA	347	235	423	322
phoE	57	49	135	108
proB	1388	869	309	242
proA	1734	1202	511	394
yagR	11	4	25	16
yagS	4	0	4	4
yagT	4	2	5	10
yagU	414	337	185	138
yagV	159	109	31	9
yagW	468	359	67	38
yagX	1006	677	141	46
yagY	503	331	90	29
insF	32	25	26	20
ykgC	40	29	41	15
ykgD	62	62	48	38
ykgE	92	67	637	615
ykgF	160	138	1122	890
ykgG	131	95	726	545
betA	353	244	66	62
betT	336	268	206	169
yahB	85	58	103	69
yahD	26	15	20	13
yahG	3	7	5	7
yahI	15	13	11	1
yahJ	68	42	38	18
yahK	108	92	340	198
yahN	12	13	338	371
prpR	22	14	110	70
prpB	3	1	130	130
prpC	9	6	108	128
prpD	14	7	150	113
prpE	30	16	213	215
codB	798	600	33	17
codA	1021	792	87	69
cynT	14	5	7	14
cynX	12	6	9	9
lacY	14	12	63	74
lacI	264	173	642	426
mhpR	100	72	2249	1796
mhpB	3	4	7	4
mhpC	12	15	5	12
mhpD	12	7	5	5
mhpF	25	9	12	12
mhpE	28	19	16	16
mhpT	32	21	28	32
frmA	376	251	37	32
yaiO	16	13	200	124
yaiP	19	8	14	9
tauA	58	47	10	5
tauB	38	16	7	6
tauD	36	23	14	8
hemB	1068	828	275	237
yaiV	10	8	35	48
ampH	233	134	57	45
sbmA	139	88	62	62
yaiW	273	183	140	104
ddlA	1133	862	935	657
phoA	140	90	118	92
yaiC	14	13	22	21
proC	272	143	91	82
aroM	144	120	41	28
rdgC	1382	932	134	90
mak	200	144	382	289
araJ	112	96	81	61
sbcD	225	168	80	39
phoB	148	119	83	64
phoR	134	92	72	65
brnQ	358	289	1098	922
proY	350	286	226	200
malZ	296	208	98	73
queA	304	184	15	11
tgt	2566	1841	393	304
secD	7142	5128	803	590
secF	4078	2730	986	735
tsx	2930	2218	2529	2090
ribD	642	395	404	343
thiL	307	244	53	48
yajO	199	155	771	591
dxs	896	680	184	125
ispA	560	335	118	71
thiI	863	638	88	66
panE	264	199	160	126
yajR	293	207	111	88
cyoE	5930	4337	4497	3191
cyoC	4300	2849	2000	1489
cyoB	17776	13265	7169	5204
cyoA	11468	8536	5595	4113
ampG	279	145	20	14
tig	23876	16964	619	470
clpP	1845	1336	915	686
clpX	5310	3766	5600	4565
lon	7562	5168	3583	2628
ppiD	6413	4667	2736	2008
queC	477	371	166	133
ybaE	70	48	459	394
cof	141	62	463	411
mdlA	217	115	81	54
mdlB	166	103	38	30
amtB	131	120	77	56
tesB	147	123	125	93
ylaB	138	108	130	106
acrB	8391	5750	1861	1318
acrA	4291	3151	710	513
acrR	368	276	191	154
kefA	1331	1065	376	271
dnaX	1146	754	134	96
recR	802	574	53	35
htpG	3901	2838	8461	6993
adk	4242	3369	328	266
hemH	256	177	84	69
aes	70	46	265	221
gsk	921	663	53	40
ybaL	795	525	235	216
fsr	112	88	60	67
ushA	993	695	472	365
ybaP	188	122	77	46
copA	624	448	563	416
ybaS	166	161	19	17
ybaT	132	108	28	18
ybbK	256	225	863	655
ybbL	191	138	141	116
ybbM	197	141	107	77
ybbN	999	597	584	470
ybbO	214	117	75	61
tesA	212	114	208	185
ybbA	126	80	148	127
ybbP	282	179	219	163
ybbB	91	53	28	19
ybbS	14	9	14	19
allR	1110	752	1329	1199
gcl	36	16	15	22
hyi	12	6	13	12
glxR	12	18	10	4
ybbW	6	6	68	45
allB	46	38	458	279
ybbY	22	9	16	17
glxK	57	57	109	77
ylbA	118	86	172	156
allC	49	38	99	66
allD	16	17	25	22
ylbE	11	13	20	23
ylbF	10	6	15	12
ybcF	39	18	8	6
purK	1930	1281	22	19
lpxH	340	296	35	15
cysS	1580	1169	154	118
folD	781	534	329	293
sfmC	10	8	70	46
sfmH	5	12	11	6
fimZ	1	1	13	10
envY	47	32	31	22
ybcH	29	15	51	41
nfrB	61	38	69	49
cusR	94	75	13	9
cusC	7	6	2	3
cusB	11	4	12	2
cusA	42	28	36	20
pheP	854	699	152	113
ybdG	643	537	295	241
nfnB	968	658	270	195
ybdK	18	8	75	73
fepA	8388	2866	402	279
fepC	266	102	54	28
fepG	158	55	69	40
fepD	100	51	85	56
ybdA	381	147	78	47
fepB	365	141	96	73
entC	1002	296	77	59
entE	1613	476	105	78
entB	1693	505	100	68
entA	1201	373	103	65
cstA	3522	2438	35384	26587
ybdH	593	434	1377	885
ybdL	203	141	260	121
ibrB	37	29	39	38
ibrA	19	10	21	10
ybdO	7	12	18	10
dsbG	272	166	94	78
ahpF	2862	2053	726	554
ybdR	40	26	70	56
rna	189	130	339	288
citT	19	13	21	31
citG	6	5	0	1
citF	3	1	2	4
citE	4	5	5	5
citC	9	7	12	14
citA	156	92	72	49
citB	52	47	37	24
dcuC	17	15	23	17
lipA	945	701	2910	2398
ybeF	47	48	89	75
lipB	241	138	57	61
dacA	1361	946	268	239
rlpA	1170	750	150	120
mrdB	510	351	61	36
mrdA	739	547	72	50
phpB	75	49	16	12
nadD	171	121	52	45
holA	585	399	73	60
leuS	7709	5412	2695	1959
ybeQ	64	48	157	148
ybeU	7	11	6	7
hscC	62	43	59	58
rihA	499	361	580	409
gltL	680	508	446	288
gltK	446	315	358	318
gltJ	515	372	437	295
gltI	4413	3067	8270	6517
ybeX	1711	1158	1069	823
ybeZ	1309	915	1110	874
miaB	1355	966	101	71
asnB	2387	1490	370	274
nagD	497	294	150	97
nagC	550	374	349	281
nagA	990	709	433	358
nagB	554	404	387	346
nagE	1345	981	3071	2483
glnS	3616	2528	1210	995
ybfM	28	22	202	193
ybfF	289	181	95	93
pgm	4898	3386	3601	2561
potE	78	60	238	211
kdpE	60	37	54	45
kdpD	161	91	161	120
kdpB	33	20	17	11
ybgH	403	307	53	39
ybgI	1190	885	472	324
ybgJ	825	528	282	218
ybgK	966	730	369	251
nei	245	192	53	37
abrB	58	37	21	18
gltA	9599	6088	8364	6295
sdhA	9641	6753	11232	8348
sdhB	3931	2942	4643	3540
sucA	18838	12552	20312	14620
sucB	12045	7925	9053	6169
sucC	13132	8836	11887	8454
sucD	10225	6606	12092	9334
mngR	109	82	101	95
mngA	15	2	7	13
cydA	4231	3587	4759	3368
cydB	2581	2160	3898	2924
tolQ	1298	927	164	89
tolA	2152	1428	352	257
tolB	8869	6433	2035	1455
ybgF	3869	2686	657	528
nadA	1475	863	162	94
pnuC	782	488	173	124
zitB	211	130	207	169
aroG	8700	6027	1075	873
gpmA	8103	5576	3442	2385
galM	3012	2282	1011	859
galK	684	559	293	220
galT	349	213	138	122
galE	379	242	228	182
modF	1791	1253	334	251
modE	286	182	180	172
modA	270	202	137	131
modB	148	107	102	44
modC	262	178	101	72
ybhA	298	226	69	44
pgl	644	450	184	113
ybhD	26	9	49	42
ybhH	4	1	22	19
ybhI	1169	845	223	199
ybhJ	67	67	22	34
ybhC	2704	2226	90	66
bioB	1635	1034	1001	641
bioC	458	278	47	33
bioD	455	308	34	22
uvrB	742	529	1150	977
ybhK	377	237	208	137
moaA	963	588	679	514
ybhL	493	294	1974	1791
ybhN	8	4	16	18
ybhO	13	8	31	16
ybhP	14	13	34	26
ybhR	46	37	78	64
ybhS	74	60	55	57
ybhF	252	185	143	87
ybhG	160	100	117	66
ybiH	58	40	58	37
rhlE	188	111	21	29
dinG	205	136	240	186
ybiB	313	226	259	183
ybiC	2642	1885	867	634
ybiX	50	41	71	53
fiu	378	123	77	42
ybiN	282	201	50	35
ybiO	53	27	56	51
glnQ	785	571	934	808
glnP	540	440	1233	1058
glnH	2287	1675	9485	7812
rhtA	66	46	28	21
ybiR	264	192	209	149
ybiS	1606	1102	402	344
ybiT	2162	1539	399	306
ybiU	108	79	31	25
ybiV	283	220	72	41
ybiW	65	39	69	48
ybiY	11	5	5	3
fsaA	49	32	41	35
moeB	274	194	134	96
moeA	446	291	310	234
iaaA	1526	1027	404	283
yliA	1244	848	224	162
yliB	1149	822	255	195
yliC	414	262	57	47
yliD	330	234	28	25
yliE	417	421	20	20
yliF	167	181	47	25
yliG	656	412	50	83
yliI	23	25	70	61
yliJ	877	643	210	154
dacC	928	730	1038	775
deoR	472	363	240	226
cmr	224	173	126	133
ybjI	225	137	71	51
ybjJ	107	77	53	53
ybjL	422	264	545	464
nfsA	429	263	146	114
rimK	370	247	91	92
potF	1473	1053	417	330
potG	608	439	122	103
potH	313	208	70	39
potI	273	177	118	97
rumB	279	190	27	14
artJ	3931	2815	116	93
artM	730	544	83	57
artQ	656	525	85	66
artI	1543	1202	435	314
artP	937	636	192	153
ybjR	231	162	306	235
ybjS	263	149	94	73
ybjT	561	344	106	84
ltaE	893	540	134	112
poxB	47	23	112	93
hcr	27	8	35	31
hcp	15	16	17	16
ybjE	155	76	25	28
aqpZ	100	54	184	141
ybjD	448	325	1166	876
ybjX	2316	1691	2049	1800
macA	351	228	347	250
macB	377	248	537	414
clpA	6294	4321	28012	23031
aat	116	54	28	32
cydC	484	311	114	70
cydD	566	374	119	124
trxB	5468	3746	482	362
lolA	723	542	656	481
ycaJ	507	405	151	116
serS	5551	4025	4176	3306
dmsA	80	92	64	40
dmsB	26	33	39	24
dmsC	71	68	101	67
ycaC	40	25	97	81
ycaD	239	200	152	109
ycaM	22	11	30	27
ycaN	91	70	128	120
pflA	300	214	614	599
pflB	11469	10594	13985	10433
focA	966	945	1918	1312
ycaO	1743	1174	58	57
ycaP	333	237	546	476
serC	12366	8189	1316	1004
aroA	5723	3980	191	115
ycaL	77	53	39	38
cmk	2884	2112	311	273
rpsA	85900	63854	9151	7940
msbA	1873	1250	319	212
lpxK	431	272	62	40
kdsB	1218	849	401	292
ycbJ	80	66	311	234
smtA	549	426	247	168
mukF	1113	789	281	208
mukE	664	531	166	106
mukB	4496	3148	737	572
ycbB	559	360	876	650
ycbL	1247	895	1197	871
aspC	6452	3976	1928	1612
ompF	25326	18016	16544	12561
asnS	4933	3386	1349	1197
pncB	1338	812	156	132
pepN	2360	1523	4762	3546
ssuC	13	8	11	7
ssuA	15	16	9	11
ycbR	19	8	15	14
ycbT	64	36	36	28
ycbF	30	24	22	12
pyrD	811	523	30	20
ycbX	475	252	230	135
ycbY	1224	883	136	116
uup	1396	970	140	133
pqiA	317	229	123	80
pqiB	714	567	254	213
ycbZ	1034	748	303	252
yccR	144	105	250	245
yccS	411	326	215	150
helD	820	608	523	367
yccT	12	6	20	25
yccW	587	424	192	146
yccA	2525	1723	5348	4274
hyaA	7	2	7	5
hyaB	9	4	7	7
hyaC	6	8	10	5
hyaF	12	8	12	9
appC	78	72	89	45
appB	33	24	25	16
appA	62	43	55	40
yccC	7462	5813	220	198
yccZ	3544	2552	31	32
ymcA	2988	2143	17	23
ymcB	705	472	8	7
ymcC	1470	1103	85	78
yccM	56	30	39	33
torR	102	71	103	76
torC	15	13	12	11
torA	31	30	60	45
cbpA	264	227	309	206
agp	269	212	4509	3380
rutG	34	14	44	38
rutD	4	4	7	3
rutB	0	2	2	2
rutA	2	4	7	4
rutR	123	87	221	169
putP	2727	1796	4302	3745
efeO	3026	1636	97	67
efeB	1599	904	90	65
phoH	361	243	8730	7438
ycdW	788	523	446	289
ycdX	937	667	558	358
csgG	47	39	95	67
csgD	25	22	97	60
ymdC	101	77	125	107
mdoC	72	54	68	42
mdoG	2007	1350	794	708
mdoH	1694	1138	502	403
mdtG	20	11	25	24
lpxL	114	71	117	97
yceA	1678	1103	61	65
solA	1233	739	451	320
pyrC	648	344	49	44
grxB	316	171	109	104
mdtH	41	23	61	59
yceH	460	323	647	437
mviM	542	387	725	572
mviN	265	196	43	43
flgA	21	11	19	14
flgD	11	4	7	4
flgF	6	4	2	4
flgG	11	5	2	1
flgH	3	5	3	4
flgI	9	7	2	1
flgJ	8	4	6	2
flgK	43	33	61	44
flgL	40	30	96	89
rluC	1035	820	148	118
plsX	2944	2198	257	186
fabH	4207	3027	562	453
fabD	4953	3258	632	425
fabG	7863	5253	3574	2488
fabF	8161	5678	3348	2749
pabC	331	254	138	102
yceG	328	245	99	64
tmk	299	188	72	53
holB	319	192	74	64
ycfH	443	300	83	88
ptsG	12883	9249	433	380
fhuE	325	127	194	186
ycfM	823	574	252	178
ycfN	411	256	141	106
nagZ	921	643	545	446
ndh	959	651	119	90
ycfQ	116	69	472	410
ycfS	155	113	136	120
mfd	1646	996	555	420
lolC	485	268	58	35
lolD	395	232	19	22
lolE	803	597	458	346
ycfX	584	414	364	256
cobB	760	526	232	200
potD	4785	3519	202	149
potC	573	402	33	43
potB	373	243	27	22
potA	728	420	64	52
pepT	363	307	684	535
ycfD	1081	780	523	452
phoQ	1704	1327	435	318
phoP	1371	1090	971	727
purB	1521	848	88	63
hflD	274	138	61	60
trmU	1009	674	102	78
ymfC	100	71	59	43
icd	39514	27458	38871	30130
ycgE	497	328	334	253
ycgF	192	119	107	89
ycgG	13	10	25	20
minD	3298	2523	1499	1120
minC	1154	745	699	503
ycgM	975	677	537	405
umuC	68	51	95	74
nhaB	360	226	130	114
fadR	497	360	1486	1158
ycgB	31	29	809	682
dadA	244	163	2981	2130
dadX	133	93	1038	804
cvrA	360	275	119	111
emtA	553	409	121	99
ycgR	92	54	22	11
treA	30	24	190	121
dhaH	1048	733	238	190
dhaL	474	322	85	83
dhaK	871	562	192	140
dhaR	268	161	134	106
ychF	3004	2322	712	507
ychM	215	138	526	432
prsA	3780	2211	298	273
ispE	1008	568	131	124
lolB	440	291	100	80
hemA	824	636	307	220
prfA	717	594	122	81
prmC	289	206	25	37
ychA	654	533	502	407
kdsA	2216	1715	786	565
chaA	1646	1167	384	300
chaC	320	249	301	202
ychP	146	106	57	34
narL	355	232	93	62
narX	272	185	130	100
narK	14	11	40	25
narG	63	48	68	45
narH	56	33	50	51
narJ	16	17	22	23
narI	20	13	22	24
purU	2111	1607	369	244
rssA	321	243	312	242
rssB	232	172	256	174
galU	2097	1583	1042	739
tdk	514	415	146	114
adhE	8423	5824	8605	7106
ychE	75	61	68	72
oppA	1658	1115	943	658
oppB	321	223	70	68
oppC	422	311	79	66
oppD	559	383	141	93
oppF	610	393	263	205
cls	952	665	1088	773
kch	342	245	176	113
tonB	731	377	605	514
yciC	574	443	699	553
ompW	525	927	2550	1605
trpA	2496	1633	146	143
trpB	4600	2742	208	171
trpD	2482	1274	81	85
trpE	1305	743	29	34
yciV	418	317	374	385
yciO	356	234	258	221
rluB	1206	860	149	94
yciK	626	439	483	361
sohB	1637	1123	952	777
topA	5958	4136	1336	1042
cysB	568	434	597	457
acnA	1476	1105	2457	1709
pgpB	225	154	225	167
yciM	814	612	826	576
pyrF	1329	959	49	32
deoT	314	201	210	204
gmr	644	481	404	331
rnb	5397	3536	208	155
fabI	6623	4837	2958	2432
sapF	188	133	44	33
sapD	301	196	85	76
sapC	107	71	45	32
sapB	122	93	85	46
sapA	276	186	170	140
puuP	47	31	68	44
puuA	134	66	161	136
puuD	180	108	300	293
puuB	14	6	4	6
puuE	20	12	25	16
pspF	137	82	141	99
pspA	524	425	1449	1098
ycjM	9	7	36	28
ycjN	2	4	9	3
ycjO	3	4	8	5
ycjP	3	3	6	3
ycjQ	13	13	8	6
ycjR	8	8	4	8
ycjS	18	10	15	11
ycjU	2	1	3	2
ompG	6	11	14	7
ycjW	161	100	55	54
ycjX	243	160	341	261
ycjF	245	151	237	177
tyrR	957	723	867	645
ycjG	172	119	672	477
mpaA	111	68	141	114
ycjZ	159	123	111	69
mppA	959	777	1411	1074
ynaI	220	171	209	174
uspE	1375	1043	8920	6788
fnr	2207	1453	4029	3419
abgT	17	10	9	19
abgB	19	11	25	15
abgA	28	20	14	14
abgR	91	67	120	120
ydaM	55	45	163	107
ydaN	391	264	321	254
dbpA	155	107	47	27
ydaO	866	688	128	108
ompN	77	51	171	134
ldhA	607	424	503	355
feaR	155	108	1247	1054
feaB	131	95	407	367
maoC	37	30	23	18
paaA	26	14	14	14
paaC	26	21	20	10
paaJ	29	19	23	13
paaF	17	16	1	2
paaG	27	11	5	4
paaH	50	38	17	9
paaE	87	64	1322	968
paaK	81	58	806	602
paaX	205	137	226	169
ydbC	66	47	1458	1164
azoR	340	261	181	208
hrpA	1394	931	227	183
ydcF	144	101	134	80
aldA	580	374	6358	5000
trg	68	63	149	115
ydcI	491	332	2213	1769
ydcJ	56	27	319	191
mdoD	1437	994	623	430
ydcK	41	28	90	70
tehA	100	60	116	95
ydcL	417	283	429	332
ydcO	75	41	59	50
ydcP	1475	1097	201	157
ydcR	269	169	57	80
ydcS	28	20	354	230
ydcT	9	15	58	67
ydcU	13	9	49	26
ydcV	19	12	37	24
ydcW	97	71	127	93
yncB	137	113	662	443
yncC	62	51	249	169
yncD	337	211	67	58
yncE	8137	3875	4186	3140
ansP	444	325	55	61
yncG	7	9	30	19
nhoA	90	71	96	61
narV	36	13	60	47
narW	11	7	18	20
narY	25	27	52	30
narZ	55	38	75	58
narU	9	10	43	44
yddG	149	115	25	26
fdnG	112	82	388	335
fdnH	29	30	97	85
fdnI	47	39	56	57
adhP	85	40	127	88
sfcA	1784	1315	615	476
ddpD	24	7	20	21
ddpC	19	11	23	16
ddpB	9	4	12	13
ddpA	16	14	44	39
dos	286	206	142	129
yddV	355	230	501	350
yddW	255	195	250	206
gadC	76	59	151	99
gadB	162	115	102	87
ydeM	21	11	87	72
ydeN	120	68	449	451
ydeO	8	5	13	5
ydeP	211	168	319	207
ydeQ	70	70	26	15
lsrK	79	57	689	568
lsrR	130	110	587	481
lsrC	17	13	92	53
lsrD	12	11	44	34
lsrB	28	30	96	54
lsrF	70	39	112	73
tam	35	28	87	69
yneE	66	49	29	19
uxaB	164	108	181	134
yneF	215	177	187	187
yneH	283	207	18	15
yneI	147	138	53	41
ydeA	128	107	43	31
marC	108	85	93	60
eamA	422	264	336	265
ydeE	66	48	88	58
ydeH	230	194	1059	669
dcp	2048	1488	434	252
ydfG	1567	1097	644	470
ydfH	357	285	247	215
ydfT	32	33	55	38
ydfU	6	3	15	11
rspB	105	77	120	108
rspA	243	159	161	141
ynfC	235	166	359	250
ynfF	50	46	50	39
ynfG	19	12	8	10
ynfH	127	81	71	73
dmsD	185	137	85	76
clcB	39	30	16	14
ynfK	132	121	592	425
dgsA	996	689	668	471
ynfL	61	37	54	43
ynfM	176	96	53	40
ydgD	175	125	522	394
ydgG	138	120	174	109
pntB	26422	18184	2367	1663
pntA	35926	23832	2064	1433
ydgH	3349	2354	1749	1474
ydgI	152	113	61	49
folM	207	148	134	111
rstA	661	499	195	153
rstB	738	532	169	126
tus	117	62	233	153
fumC	814	421	4745	3693
fumA	3208	2383	20474	17513
manA	657	491	344	300
ydgA	2375	1778	1166	885
uidC	13	12	91	54
uidB	7	8	99	73
uidA	21	18	393	251
hdhA	675	540	284	219
malI	81	64	166	118
malX	112	108	140	91
malY	393	300	214	189
add	183	114	515	390
ydgJ	1395	938	948	741
rsxD	272	153	18	15
rsxG	214	105	9	16
rsxE	135	91	19	17
nth	151	79	29	7
ydgR	210	123	66	51
gst	644	441	1829	1560
pdxY	490	327	128	91
tyrS	6087	4221	1055	796
pdxH	663	472	249	226
anmK	378	257	491	362
ydhJ	39	29	14	8
ydhF	233	161	459	300
nemA	222	142	68	56
rnt	138	77	20	19
ydhO	282	190	135	109
ydhP	361	256	18	15
purR	2158	1563	250	209
ydhB	118	85	37	44
ydhC	66	51	16	20
cfa	585	305	954	856
ribC	887	639	623	468
mdtK	152	102	631	496
ydhQ	587	415	645	504
ydhS	19	17	122	90
ydhT	17	17	44	29
ydhU	42	32	78	59
ydhX	25	16	26	15
ydhV	26	16	58	37
ydhY	4	2	10	13
pykF	5250	3691	483	331
ynhG	252	200	852	657
sufS	805	297	212	175
sufC	603	219	185	125
sufB	1221	457	462	339
ydiK	464	299	278	234
ydiM	5	6	65	59
ydiN	3	5	58	45
ydiB	53	34	46	35
aroD	382	221	127	129
ydiF	25	9	24	26
ydiO	27	14	12	19
ydiP	75	47	216	195
ydiQ	7	9	8	10
ydiR	13	17	16	13
ydiS	18	11	15	11
ydiD	32	36	76	56
pps	7622	5474	13037	10050
ydiA	179	108	196	199
aroH	476	300	35	29
ydiV	253	197	148	88
btuD	246	164	53	34
btuC	262	184	128	103
pheT	15295	10576	3366	2625
pheS	5466	3745	246	172
thrS	19354	14094	12880	10951
ydiY	91	58	35	32
pfkB	241	90	194	128
yniA	145	108	8811	6715
yniC	338	240	169	200
ydjN	7611	5672	366	290
katE	82	54	69	38
chbF	107	77	252	178
chbR	80	80	285	205
chbC	36	40	458	396
nadE	1778	1244	536	376
ydjQ	92	51	55	34
astE	6	12	120	107
astB	12	9	177	130
astA	12	6	223	167
astC	11	11	418	328
xthA	645	427	190	154
ydjX	45	29	84	60
ydjZ	37	26	17	17
ynjE	343	270	66	48
ynjF	57	45	42	33
gdhA	12043	7309	686	579
topB	1081	740	314	211
selD	1449	961	1536	1147
sppA	1164	819	538	416
ansA	391	257	66	62
pncA	466	292	258	227
ydjE	35	25	138	86
ydjF	241	227	364	293
ydjG	89	66	68	45
ydjH	43	28	36	18
ydjI	53	36	54	30
ydjJ	43	41	34	18
ydjK	27	24	25	18
ydjL	32	35	27	15
gapA	42272	29884	5452	4418
yeaD	595	325	71	59
yeaE	257	165	141	129
mipA	4362	3193	247	201
yeaG	284	188	3311	2441
yeaH	45	32	1074	828
yeaI	2	3	30	25
yeaJ	155	113	133	101
yeaM	70	37	62	51
yeaN	50	40	27	24
yeaP	940	695	381	310
yeaS	26	25	85	77
yeaT	70	62	103	81
yeaU	67	44	90	108
yeaV	21	15	359	315
yeaW	56	34	609	477
yeaX	55	33	379	258
rnd	235	156	94	49
fadD	429	319	6909	5383
yeaZ	581	395	36	33
yoaA	515	332	114	57
sdaA	151	112	627	505
adrB	31	41	55	44
yoaE	335	233	142	102
manX	5828	3975	1142	891
manY	4750	3406	848	646
rrmA	228	185	41	37
kdgR	1301	1050	1433	1121
yebQ	16	19	27	19
htpX	4203	3013	19217	15586
prc	5880	4217	952	736
yebS	180	115	136	125
yebT	466	341	97	102
yebU	340	239	62	54
pphA	37	26	61	49
yebZ	864	636	74	69
yobB	124	69	307	271
exoX	210	131	202	115
ptrB	208	111	140	116
yebE	238	150	936	744
purT	1577	1101	28	26
eda	1079	752	218	156
edd	684	421	95	86
zwf	4412	2853	791	640
yebK	368	234	554	503
pykA	1852	1175	738	584
lpxM	616	421	214	210
yebA	3632	2652	1455	1002
znuA	19263	13534	631	497
znuC	892	656	182	141
znuB	767	571	53	47
ruvB	576	377	369	264
ruvA	367	223	339	276
yebB	24	14	38	24
yebC	3200	2356	472	305
aspS	5329	3743	887	766
yecE	61	35	30	31
yecO	293	185	96	63
yecP	467	364	121	94
torY	4	6	44	28
cutC	641	459	242	227
argS	2985	2213	402	308
flhA	125	95	78	65
flhB	6	5	6	5
cheZ	31	34	22	25
cheB	12	11	14	7
cheR	10	9	9	6
tap	16	7	16	7
tar	15	7	41	21
cheA	56	36	14	7
motB	19	12	9	3
motA	16	8	2	8
otsA	111	85	240	173
otsB	24	20	77	76
araH	29	22	895	738
araG	54	31	854	610
araF	34	19	1564	1205
tyrP	331	264	109	79
yecA	795	606	1696	1323
uvrC	968	704	205	135
uvrY	1302	1077	581	441
sdiA	260	180	307	220
yecC	381	264	53	56
yecS	283	182	49	51
yedO	771	435	154	126
fliY	6432	4397	1294	912
fliA	3	3	6	3
fliD	22	12	19	14
amyA	132	85	319	297
yedE	1487	1062	312	198
fliF	9	3	6	2
fliG	13	8	8	7
fliH	6	3	5	2
fliI	7	3	4	4
fliM	13	5	6	5
fliP	6	4	5	4
fliR	14	10	110	108
rcsA	63	38	28	21
yedP	19	23	106	64
yedQ	177	101	206	147
yedI	312	230	210	141
yedA	24	14	19	10
dcm	818	520	152	119
yedJ	213	128	33	22
hchA	158	124	991	983
yedW	435	357	274	231
yedZ	65	43	70	59
yodA	17212	16450	77	65
yeeI	583	414	4862	4101
shiA	897	519	250	212
amn	411	240	263	225
yeeN	1937	1594	279	197
yeeO	96	94	191	159
cbl	1621	1199	73	60
nac	31	16	72	51
erfK	353	243	273	207
cobS	231	165	223	149
yeeA	90	48	105	86
dacD	54	50	26	32
yeeE	944	659	84	56
yeeF	4880	3739	51	39
yeeY	137	89	332	265
yeeZ	745	458	884	787
hisG	2065	1238	203	171
hisD	1898	1023	178	152
hisC	1694	957	142	130
hisB	2688	1460	292	241
hisA	2081	1266	172	110
hisF	2135	1326	143	108
ugd	437	313	329	218
gnd	8306	6421	1359	922
galF	3653	2728	1003	713
wcaL	24	17	14	11
wcaK	15	8	11	15
wzxC	7	4	1	4
wcaJ	9	1	5	5
cpsG	2178	1433	123	76
cpsB	1332	926	115	80
fcl	17	9	8	4
gmd	17	9	8	7
wcaE	3	3	2	4
wcaD	6	3	6	3
wcaC	15	10	9	8
wcaA	6	2	5	6
wzc	22	16	22	23
wza	8	4	3	3
yegH	500	399	209	178
asmA	1142	758	659	482
udk	424	321	38	37
yegL	10	4	3	2
mdtA	36	34	17	19
mdtB	111	82	19	20
mdtC	82	78	20	9
baeS	69	55	15	8
baeR	146	95	125	91
yegQ	621	445	68	55
yegS	23	24	71	48
gatD	19	13	63	31
gatZ	3	10	30	19
gatY	5	5	35	18
fbaB	405	306	576	401
yegT	59	35	41	34
yegU	63	53	23	24
yegV	62	33	34	22
yegW	128	82	98	58
yegX	142	85	12	18
thiD	1423	844	118	80
thiM	1568	986	92	85
rncA	46	39	74	45
yehA	12	8	27	25
yehC	0	1	1	0
mrp	2349	1812	1027	850
metG	3024	1825	514	451
yehL	23	15	7	9
yehP	24	28	8	3
yehT	262	201	268	170
yehU	490	347	992	774
mlrA	38	19	58	46
yehW	17	15	6	4
yehX	26	19	15	6
yehY	18	5	10	8
yehZ	26	17	48	40
bglX	1898	1294	415	289
dld	1770	1129	1631	1271
pbpG	453	315	183	151
yohF	33	15	52	42
dusC	392	239	37	35
yohK	35	18	42	22
cdd	69	49	367	300
sanA	160	87	82	59
yeiT	38	37	1590	1169
yeiA	70	67	1211	842
mglC	337	263	700	489
mglA	561	465	1773	1119
mglB	1455	1112	6956	5254
galS	100	78	649	418
yeiB	348	188	36	19
folE	2469	1301	182	147
frmC	383	182	259	240
cirA	8202	2689	492	341
lysP	5929	3858	121	125
yeiE	182	109	159	128
yeiH	200	107	333	270
nfo	304	206	99	80
yeiJ	59	35	105	102
rihB	13	4	35	34
yeiL	19	18	112	79
yeiC	4	1	33	13
fruA	859	604	575	437
fruK	476	286	190	162
fruB	473	293	140	100
setB	36	21	29	18
yeiQ	229	135	165	156
yeiR	237	208	10	14
yeiU	386	323	16	10
rtn	310	189	182	154
yejB	89	69	46	26
yejE	123	105	31	22
yejF	314	199	89	48
bcr	298	189	96	96
rsuA	449	301	97	50
yejH	63	39	28	22
yejK	1479	1099	384	338
yejM	780	509	126	111
narP	241	196	325	258
ccmH	174	179	123	95
ccmF	283	293	73	39
ccmC	93	99	33	29
ccmB	68	57	29	17
ccmA	66	80	111	111
napC	95	121	148	141
napH	43	59	51	29
napG	44	64	35	18
napA	305	404	198	170
mqo	1095	694	20	24
yojI	953	624	64	44
alkB	23	20	34	20
ada	69	44	128	80
yojL	49	38	21	15
rcsB	1923	1343	1385	1056
rcsC	915	671	261	214
yfaP	13	3	8	13
yfaQ	29	22	26	15
yfaT	1	2	2	3
gyrA	8946	6396	964	715
ubiG	443	277	49	48
nrdA	2307	1368	99	92
nrdB	1607	1123	165	120
inaA	301	187	232	171
glpQ	331	247	1322	1021
glpT	100	59	496	376
glpA	20	13	20	14
glpB	14	10	11	11
glpC	23	14	31	35
yfaY	333	223	193	152
ais	146	85	47	18
yfbE	547	374	162	132
yfbF	144	76	38	26
yfbG	360	251	82	52
yfbH	123	84	26	20
arnT	146	103	60	60
menE	341	266	25	16
menC	437	291	55	37
menB	780	557	88	64
yfbB	160	142	21	17
menD	252	199	52	51
menF	325	237	70	58
elaC	145	91	65	53
nuoN	2334	1580	695	650
nuoM	2164	1484	439	351
nuoL	3941	2699	1091	852
nuoH	2602	1883	623	514
nuoG	8739	6362	2243	1628
nuoF	3788	2804	870	645
nuoC	4672	3515	2136	1564
nuoB	2457	1674	1959	1357
lrhA	636	565	6392	5384
yfbQ	690	464	905	759
yfbS	205	139	365	303
yfbT	1907	1345	762	593
ackA	2302	1554	1404	1249
pta	3849	2537	815	543
yfcF	111	58	39	23
yfcG	13	11	42	42
yfcH	691	437	945	771
hisP	1338	909	160	109
hisM	1094	758	171	133
hisQ	2094	1634	430	287
hisJ	10536	7580	1233	942
purF	4608	3337	209	179
dedD	569	370	318	233
folC	1061	762	395	309
accD	5631	4128	1880	1601
truA	625	456	122	87
usg	1225	873	140	100
pdxB	1379	1008	253	197
flk	289	199	42	25
yfcJ	153	92	8	11
fabB	7074	4692	12369	10057
trmC	369	260	103	101
yfcA	380	290	179	138
mepA	537	354	109	79
aroC	1742	1084	245	196
prmB	1284	842	201	125
yfcY	85	51	734	510
fadL	1106	682	707	523
vacJ	1243	984	350	284
yfdC	23	31	67	51
dsdA	131	90	69	63
emrY	18	14	27	19
emrK	19	14	33	21
evgA	460	361	32	25
yfdE	25	23	65	52
yfdV	11	14	45	29
oxc	45	25	46	34
frc	60	31	27	31
yfdX	18	17	39	17
ddg	34	39	28	20
yfdZ	855	536	895	730
ypdA	140	99	131	74
ypdB	165	124	240	164
ypdC	54	40	80	44
ypdD	56	53	24	28
ypdE	13	3	11	6
ypdF	16	15	16	12
ypdG	17	9	23	14
glk	937	614	653	522
yfeO	70	50	126	117
mntH	451	302	1309	923
nupC	2371	1823	651	596
yfeA	399	356	187	167
gltX	3307	2523	418	332
yfeR	91	66	97	76
yfeH	725	454	286	317
ligA	884	591	304	246
zipA	2879	1965	2792	2195
cysZ	168	150	500	447
cysK	20013	15004	1806	1373
ptsI	32290	22767	3926	3391
pdxK	687	492	158	129
cysM	2579	1704	69	43
cysA	2950	1875	74	54
cysW	1682	1064	42	33
cysU	1347	915	25	30
cysP	3181	2024	116	64
ucpA	816	517	7663	6724
yfeT	53	53	49	42
yfeU	108	54	397	330
murP	51	56	464	343
murQ	87	74	586	509
yfeX	924	687	502	372
amiA	461	302	119	111
hemF	195	127	47	22
yfeG	46	15	22	26
eutL	36	31	23	19
eutC	17	19	26	15
eutB	38	30	32	22
eutA	6	7	12	14
eutH	21	10	19	13
eutG	7	6	8	11
eutJ	5	2	1	2
eutE	10	5	11	7
eutI	9	10	102	84
eutT	11	7	50	41
eutQ	7	9	75	46
maeB	3700	2499	10374	7812
talA	150	106	512	367
tktB	174	116	481	326
ypfG	27	24	64	60
aegA	54	45	80	45
narQ	136	115	237	194
acrD	123	88	79	62
dapE	983	738	744	496
ypfH	178	158	120	130
ypfJ	669	494	570	385
purC	3831	2825	416	323
nlpB	4939	3500	1500	1208
dapA	5699	4011	1949	1664
hyfA	4	3	1	0
hyfC	3	6	15	6
hyfD	6	3	8	6
hyfE	6	2	8	5
hyfG	13	13	13	8
hyfI	6	6	5	3
perM	263	196	278	213
yfgC	855	606	795	555
hda	558	414	158	106
uraA	1187	918	23	21
upp	3026	2098	50	19
purM	4147	2809	124	98
purN	1075	751	46	37
ppk	847	600	924	787
ppx	713	474	308	249
yfgF	68	56	74	48
guaA	4792	3023	397	340
guaB	3819	2538	123	109
xseA	516	294	66	52
der	1867	1396	374	284
yfgL	4077	2966	650	501
yfgM	1867	1365	343	266
hisS	4259	2941	709	515
ispG	1636	1213	944	687
yfgA	1253	822	997	803
yfgB	1216	841	182	136
pbpC	131	80	39	42
sseA	591	336	1263	1045
sseB	571	349	487	356
pepB	1247	683	695	482
hscA	2196	1199	722	567
iscS	6003	3204	9176	6872
yfhQ	574	341	423	330
suhB	1684	1323	58	43
yfhR	22	13	13	10
hcaT	136	77	239	186
hcaR	506	357	2051	1540
hcaE	21	13	29	20
hcaB	13	7	9	3
yphB	29	24	171	113
yphC	27	19	209	127
yphD	9	2	193	111
yphE	26	22	433	316
yphF	13	10	501	367
yphH	126	93	109	94
glyA	22427	15714	2159	1693
hmp	386	296	1194	1072
yfhA	424	326	47	36
yfhG	317	238	74	41
yfhK	395	241	144	102
yfhD	241	194	44	16
yfhB	212	187	268	174
yfhH	143	123	73	70
pdxJ	1201	850	281	208
recO	474	341	50	45
era	1511	1018	137	95
rnc	1018	691	85	71
lepB	1660	1136	256	229
lepA	4341	3036	379	267
rseB	873	647	675	507
rseA	2194	1616	6885	5368
yfiC	192	135	38	19
srmB	506	280	160	125
yfiE	93	70	246	208
ung	340	274	142	113
yfiF	970	675	124	105
yfiP	70	62	22	19
yfiQ	405	335	4586	3735
pssA	2042	1401	2643	2081
kgtP	795	563	3270	2418
clpB	3454	2614	23547	19803
yfiH	328	257	55	63
rluD	671	483	305	282
yfiO	2593	1901	956	650
pheA	1982	1349	486	384
tyrA	4932	3013	305	216
aroF	5935	4057	249	186
yfiN	87	54	96	68
trmD	24226	17483	2183	1826
ffh	1920	1287	992	897
ypjD	361	225	89	55
yfjD	495	366	212	178
yfjB	226	168	232	178
recN	255	167	581	468
gabT	82	57	421	259
gabP	28	18	154	108
csiR	166	109	279	234
nrdF	164	68	33	22
proV	793	461	77	69
proW	295	161	27	27
proX	412	201	63	37
ygaZ	780	478	218	156
emrA	405	304	19	8
emrB	321	261	45	37
gshA	2460	1838	908	678
alaS	14322	9894	1874	1398
recA	3395	2377	1693	1439
mltB	184	103	6	11
srlE	15	4	109	88
srlD	82	57	186	116
srlR	201	116	606	519
gutQ	205	153	377	277
norV	13	3	33	26
norW	22	11	14	7
ascG	338	238	98	85
ascF	16	13	89	73
hycG	37	17	19	8
hycE	17	4	5	2
hycD	6	7	2	1
hycC	7	12	7	8
hycB	5	1	0	0
hypB	54	36	73	52
hypD	65	60	55	57
hypE	79	65	46	52
fhlA	74	52	77	78
mutS	692	471	136	82
ygbI	233	166	545	398
ygbJ	16	14	152	136
ygbK	39	27	144	123
ygbL	21	12	92	50
ygbM	31	25	103	73
ygbN	30	20	63	61
nlpD	11162	8193	63600	55788
pcm	670	415	240	156
surE	720	461	242	151
truD	1282	847	263	210
ispD	624	423	44	35
cysC	2209	1373	43	33
cysN	8430	5542	216	158
cysD	4831	3141	84	50
iap	199	152	138	133
cysH	4612	3377	50	41
cysI	9685	6504	74	31
cysJ	6920	4520	36	17
ygcQ	37	24	15	12
ygcR	8	11	3	5
ygcS	9	6	7	4
ygcU	31	21	29	21
ygcW	13	9	15	13
yqcE	26	28	30	22
ygcF	498	411	456	350
eno	33637	26255	1838	1349
pyrG	6889	5208	919	689
mazG	609	520	301	259
relA	2610	1868	2045	1440
barA	532	443	179	142
gudD	112	77	366	263
gudX	48	45	303	217
gudP	11	16	483	428
truC	202	116	9	8
queF	693	493	239	192
ygdH	736	439	879	833
sdaC	412	283	57	46
sdaB	210	175	69	66
exo	148	112	98	83
fucO	96	69	1479	940
fucA	19	13	358	248
fucP	10	13	252	225
fucI	74	35	373	257
fucK	92	63	256	211
fucR	354	241	575	460
ygdE	540	422	235	182
gcvA	274	182	242	214
csdA	309	202	109	89
ygdL	356	219	92	68
mltA	1331	959	1064	833
amiC	856	709	85	64
argA	7972	5541	213	172
recD	700	490	106	71
ptr	961	719	302	234
recC	732	485	316	280
thyA	1011	665	301	227
lgt	599	350	105	77
ptsP	1445	962	459	324
mutH	150	108	189	169
ygdQ	111	68	76	77
tas	582	359	397	370
ygeD	283	185	106	69
aas	872	543	143	92
galR	257	175	189	165
lysA	1853	1221	30	24
lysR	92	49	72	58
ygeA	205	125	132	93
araE	349	284	244	235
kduD	60	50	113	83
kduI	45	37	81	50
yqeF	1173	817	2903	2083
yqeG	70	58	81	69
yqeH	14	15	23	11
yqeI	33	30	11	10
ygeH	5	6	19	12
ygeR	460	290	392	310
xdhA	61	36	213	155
xdhB	17	14	72	39
ygeV	148	118	4886	4008
ygeW	12	4	37	24
ygeX	17	16	12	12
ygeY	9	9	32	14
hyuA	14	10	25	17
yqeA	32	31	122	111
yqeB	36	23	879	623
yqeC	5	3	610	373
ssnA	13	4	72	61
ygfM	13	8	46	27
xdhD	61	55	299	200
ygfO	27	20	36	35
guaD	127	121	75	51
ygfT	56	36	123	95
ygfU	3	8	53	32
lysS	5423	3784	582	474
prfB	4244	2911	537	478
recJ	1209	879	160	132
dsbC	783	571	178	152
xerD	653	450	236	194
ygfZ	909	570	617	499
yqfA	116	90	852	616
bglA	1198	827	399	314
ygfF	33	29	12	6
gcvP	2529	1899	228	173
gcvT	2242	1700	160	127
visC	525	365	196	159
serA	22724	15304	1456	1200
rpiA	1453	1058	594	440
argP	565	401	507	371
yliK	48	33	32	19
argK	10	13	12	5
ygfG	11	5	5	3
ygfH	30	28	24	19
ygfI	47	44	78	86
yggE	430	334	388	253
argO	124	78	64	52
mscS	2076	1593	224	172
fbaA	13947	10631	2404	1957
pgk	11509	8717	2284	1941
epd	2469	1738	691	564
yggF	13	7	13	14
cmtA	16	10	14	5
tktA	7882	4872	2293	1883
yggG	1100	875	1453	1233
speB	875	569	115	82
speA	8625	5938	643	505
metK	9908	6580	2074	1361
galP	161	121	25	15
endA	76	60	11	8
yggJ	372	246	95	95
gshB	804	496	330	264
yggS	417	304	132	111
yggW	477	363	40	35
yggM	29	21	66	46
ansB	67	47	113	88
yggN	469	360	232	172
yggH	1216	908	139	114
mutY	414	296	50	40
mltC	456	277	45	51
nupG	164	134	3627	3276
yqgA	30	23	39	35
yghK	29	25	425	349
glcF	52	30	926	752
glcD	32	23	1765	1480
glcC	153	96	2650	1999
ECIAI1_3132	11	9	5	3
yghR	10	8	4	4
yghS	9	11	17	11
yghT	3	6	11	9
pitB	38	28	26	17
gss	1035	771	490	428
yghU	595	390	518	392
hybC	342	252	301	255
hybB	39	52	129	73
hybA	31	18	118	92
hybO	65	51	260	161
yghZ	213	123	1027	869
yghA	15	5	33	31
exbB	2937	1655	975	678
metC	1476	1052	261	166
yghB	256	181	306	277
yqhC	116	70	145	93
yqhD	343	191	570	557
dkgA	84	58	680	542
yqhG	48	25	45	32
ygiQ	831	532	43	28
sufI	761	512	217	176
plsC	394	285	111	95
parC	1750	1254	320	246
qseB	126	110	73	59
parE	1969	1455	264	214
cpdA	869	603	1961	1665
nudF	423	296	220	189
tolC	2906	1609	1111	952
ygiC	2218	1640	1310	937
ygiE	393	272	1013	720
ribB	570	431	1990	1529
yqiJ	18	13	56	45
yqiK	36	18	53	38
rfaE	1730	1170	277	258
htrG	246	164	135	84
cca	414	284	240	193
bacA	573	524	244	194
plsY	212	126	61	57
ygiP	34	33	30	30
ttdA	10	6	4	1
ttdB	8	5	4	5
ygjE	27	31	16	10
gcp	556	394	195	148
dnaG	2041	1460	530	505
rpoD	4349	2783	5108	4094
yqjH	277	102	51	69
yqjI	194	135	46	40
aer	115	106	47	30
ygjG	65	45	225	160
ebgR	83	46	43	45
ygjI	5	4	19	16
ygjJ	7	4	5	4
ygjK	24	18	22	18
ygjO	264	182	20	20
ygjQ	19	18	9	3
ygjR	161	108	873	738
alx	63	48	17	20
sstT	1857	1274	5080	4151
uxaA	326	187	423	339
uxaC	347	178	372	318
exuT	141	87	255	194
exuR	487	346	683	573
yqjA	371	263	840	766
yqjG	85	52	100	90
yhaJ	536	352	116	85
yhaK	32	25	101	87
yhaM	76	57	72	38
yhaO	31	26	64	57
tdcG	45	37	64	40
tdcE	207	140	271	190
tdcD	13	18	64	46
tdcC	89	72	278	201
tdcB	9	8	150	98
tdcA	8	9	336	257
garK	73	55	1531	1106
garR	53	49	2095	1466
garL	12	12	1034	875
garP	44	23	1336	1151
garD	63	45	983	711
agaR	383	352	287	231
kbaZ	27	13	48	46
agaS	18	9	18	19
kbaY	10	11	11	17
agaC	8	12	15	10
agaD	14	9	22	23
agaI	19	17	3	6
yraI	6	7	38	45
yraL	383	230	120	79
yraQ	321	234	48	36
yraR	66	38	77	52
yhbU	22	29	15	3
yhbV	29	32	24	20
yhbW	118	76	36	36
mtr	347	210	270	261
deaD	1747	1297	436	341
nlpI	3871	3012	1924	1911
pnp	11016	7951	1242	1033
truB	1389	1104	205	144
infB	16318	12137	956	763
nusA	6532	4770	629	445
argG	15664	11641	233	185
yhbX	69	47	39	33
glmM	2130	1454	692	504
folP	513	304	102	91
ftsH	11824	8288	14581	12435
rrmJ	1755	1199	4422	3998
dacB	243	132	68	51
obgE	1345	933	900	732
yhbE	636	453	170	131
ispB	1209	880	405	252
murA	3253	2099	192	149
yrbC	1273	898	478	377
yrbE	938	701	175	147
yrbF	1269	965	331	258
yrbG	382	227	164	118
kdsD	1112	793	213	171
lptB	1135	809	272	183
rpoN	3074	2171	1954	1451
yhbJ	936	655	244	167
yrbL	2288	1497	3764	3178
mtgA	437	298	475	347
elbB	870	656	734	566
arcB	829	611	1839	1426
yhcC	24	16	4	6
gltB	16360	9971	182	141
gltD	8058	5349	149	85
nanE	32	11	96	64
nanT	32	25	195	170
nanA	67	43	50	55
nanR	484	387	238	190
dcuD	31	20	34	35
sspA	2879	2108	1727	1386
degQ	730	541	437	328
degS	373	256	142	110
mdh	16193	11565	9981	7526
aaeB	37	34	39	25
aaeA	56	41	41	46
aaeR	121	82	91	67
tldD	1236	865	514	363
rng	1244	852	201	166
mreC	620	425	26	13
mreB	2562	1622	213	172
csrD	507	385	346	288
yhdH	548	356	366	327
accC	7404	5309	903	714
panF	255	184	21	24
prmA	575	393	49	36
dusB	5549	4377	359	317
yhdJ	51	48	22	13
envR	19	13	3	6
acrE	9	13	8	5
acrF	198	144	196	169
aapQ	35	26	120	86
aapP	38	28	117	83
aroE	613	474	185	113
smf	377	279	842	714
fmt	1236	825	855	634
rsmB	563	420	124	88
trkA	524	423	243	165
rpoA	72728	52971	3632	3080
rpsD	47661	35056	2248	1944
secY	63778	48810	6711	5577
rpsC	41711	30497	1152	942
rplB	44418	33293	755	611
rplD	36653	27363	510	447
rplC	46335	34264	646	552
tufA	128693	94285	7086	5480
fusA	100410	75567	3094	2363
yheO	920	721	222	180
fkpA	5998	4603	1874	1501
kefB	288	176	290	277
yheS	695	499	94	71
yheT	237	148	30	18
prkB	275	190	336	293
crp	2706	1764	2296	2074
yhfK	763	449	96	106
argD	4534	3085	97	69
fic	47	39	93	70
tsgA	203	124	34	26
nirB	94	152	44	49
nirC	32	20	12	3
cysG	663	434	353	256
frlA	12	7	4	10
frlB	15	7	11	6
frlC	25	16	9	6
frlD	19	20	14	12
frlR	135	68	102	91
yhfS	32	24	29	31
yhfT	21	15	13	22
php	13	11	12	8
yhfZ	187	168	608	515
trpS	3029	2008	541	447
gph	933	621	121	73
rpe	821	620	148	114
dam	682	500	137	84
aroB	4198	3254	600	446
hofQ	27	19	15	14
yrfD	36	33	23	20
mrcA	1835	1319	82	64
igaA	660	458	595	497
yrfG	427	293	108	83
hslO	1079	687	272	186
pck	2084	1547	23151	19574
envZ	341	200	294	224
ompR	595	365	1311	1053
yhgF	2625	1679	69	44
feoB	1245	759	1146	894
yhgA	48	46	33	30
bioH	262	183	63	49
gntX	217	143	97	83
gntT	1089	857	77	70
malQ	718	523	74	58
malP	1050	782	94	71
malT	3693	2658	2358	1818
rtcB	83	51	66	58
glpG	582	442	60	41
glpD	43	47	151	124
glgP	4562	3088	4591	3586
glgA	2465	1644	2083	1535
glgC	2791	1781	2755	1988
glgX	2978	2053	2106	1788
glgB	6267	4361	1228	963
asd	11939	7537	1288	1005
gntU	110	88	27	19
gntR	266	154	76	87
yhhW	130	94	168	142
yhhX	717	483	337	309
yhhZ	3	0	4	3
ggt	48	32	14	15
ugpC	63	28	38	15
ugpE	11	10	12	9
ugpA	16	9	15	4
ugpB	126	85	880	642
livF	989	691	235	173
livG	1179	805	246	165
livM	1933	1313	460	319
livH	1792	1263	610	398
livK	3550	2507	1570	1066
livJ	12210	7523	4227	3140
rpoH	2145	1510	2292	1830
ftsX	936	659	722	519
ftsE	681	452	231	175
ftsY	2230	1622	862	650
yhhN	238	124	102	78
yhhQ	67	52	36	58
yhhS	151	108	101	68
yhhT	52	33	55	58
nikA	28	12	3	11
nikB	9	7	7	5
nikC	8	6	2	2
nikD	8	3	2	7
nikE	11	8	5	2
yhhI	406	388	626	453
yhhJ	507	434	592	470
rbbA	1030	773	807	623
yhiI	948	662	1208	911
yhiM	57	55	86	66
yhiN	489	352	212	149
pitA	1999	1364	452	337
yhiP	32	29	50	34
yhiQ	116	67	19	14
prlC	1306	733	810	689
yhiR	170	94	32	28
gor	1092	716	229	174
arsB	44	32	25	29
yhiD	27	15	17	11
mdtE	21	19	5	3
mdtF	120	63	54	51
gadW	184	118	24	13
gadX	271	290	62	38
gadA	149	109	98	85
yhjA	65	43	68	56
treF	83	48	113	107
yhjB	49	40	41	31
yhjC	114	80	32	33
yhjD	68	57	69	48
yhjE	3927	2299	632	490
yhjG	62	40	79	65
yhjH	9	10	8	6
kdgK	240	156	141	129
yhjJ	584	418	198	135
dctA	425	284	9575	9075
yhjK	410	266	123	98
bcsC	659	407	166	122
bcsZ	151	116	62	50
bcsB	330	173	131	98
bcsA	440	305	255	193
bcsE	292	184	395	282
bcsG	135	93	76	61
yhjV	164	119	58	72
dppF	425	319	45	30
dppD	470	363	49	31
dppC	434	358	36	18
dppB	485	407	40	29
dppA	5704	4310	1905	1560
eptB	118	100	571	438
yhjX	18	12	94	66
yhjY	61	38	132	94
yiaD	151	113	10	10
tiaE	1031	566	100	50
yiaF	1781	1420	1019	804
glyS	5689	4037	756	689
glyQ	2547	1891	407	285
yiaH	79	58	80	71
xylB	118	69	171	153
xylA	83	49	267	185
xylF	32	22	481	366
xylG	36	29	158	153
xylH	61	45	180	104
xylR	211	146	208	180
bax	2277	1573	2356	1805
avtA	1443	1001	361	305
yiaJ	408	308	99	82
yiaK	13	8	154	124
yiaN	5	4	49	36
yiaO	2	1	64	51
sgbH	2	4	23	16
sgbU	7	3	28	31
sgbE	12	6	30	23
yiaT	18	16	36	9
yiaU	84	46	131	90
yiaV	19	20	29	20
aldB	37	27	409	263
yiaY	25	21	21	23
selB	1256	886	194	151
selA	586	404	78	78
yibF	188	121	54	36
yibH	26	24	61	40
mtlA	574	384	1490	1174
mtlD	539	413	758	521
lldP	128	84	225	180
lldR	76	57	76	46
lldD	149	78	99	77
cysE	848	529	922	655
gpsA	1742	1169	613	464
gpmI	2250	1665	156	156
envC	842	587	68	42
yibQ	313	234	46	47
yibD	32	14	19	13
tdh	211	141	455	372
kbl	233	192	594	471
waaD	1239	810	673	541
waaF	990	724	172	121
kdtA	543	334	169	121
mutM	192	156	159	139
yicR	839	640	388	292
dfp	507	277	64	58
pyrE	952	747	13	8
yicC	1143	780	243	211
yicG	5	4	9	9
ligB	41	31	45	33
gmk	1005	652	457	387
spoT	3072	2074	127	112
trmH	513	342	23	16
gltS	556	439	386	289
yicE	1309	769	23	18
yicH	720	511	819	630
yicI	89	53	88	77
yicJ	22	20	29	29
setC	16	11	21	16
yicL	305	226	129	79
nlpA	1815	1282	195	113
yicM	102	81	10	10
uhpT	12	11	38	40
uhpC	93	54	10	3
uhpB	174	128	10	5
ilvB	1855	1159	263	243
emrD	6	7	26	35
yidJ	39	25	113	95
yidK	8	3	23	12
yidL	39	26	128	117
yidP	25	16	11	9
yidE	501	389	958	662
yidR	214	147	194	159
cbrA	20	6	21	17
dgoT	27	13	42	55
dgoD	43	31	132	96
dgoA	17	15	60	48
dgoR	130	116	307	225
yidX	95	99	82	87
yidA	422	233	60	56
gyrB	3642	2529	1461	1256
recF	443	348	14	21
dnaN	1049	786	168	141
dnaA	1771	1215	629	523
yidC	5152	3553	318	231
trmE	497	351	178	120
tnaA	71	44	211	143
tnaB	16	9	71	65
mdtL	33	20	9	6
yidZ	125	78	49	26
yieE	139	81	69	58
yieH	250	193	76	53
yieK	40	28	21	25
yieL	23	29	15	21
bglH	17	8	42	27
bglB	16	9	10	9
bglG	5	4	17	18
phoU	437	351	287	251
pstB	441	325	212	145
pstA	145	106	24	11
pstC	165	131	59	43
pstS	405	288	60	50
glmS	7380	5414	679	538
glmU	5782	4129	493	368
atpD	27211	18697	1997	1563
atpG	16672	11309	854	734
atpA	41597	29737	2373	1768
atpB	13608	9902	1876	1342
gidB	326	264	81	77
gidA	1981	1387	148	146
asnA	2223	1312	106	97
yieM	244	195	49	38
ravA	259	196	93	85
trkD	426	268	67	61
rbsA	212	145	253	140
rbsC	142	88	384	280
rbsB	789	867	3889	3157
rbsK	415	289	433	315
rbsR	181	138	56	45
hsrA	98	90	45	42
yieP	251	209	140	121
hdfR	310	228	228	206
yifB	36	38	34	28
ilvE	9807	6367	301	200
ilvD	10524	6609	356	291
ilvA	6150	3840	211	163
ilvY	184	99	93	74
ilvC	22146	16004	152	112
rep	748	519	131	103
gpp	1195	702	167	115
rhlB	2450	1589	589	505
rho	3096	1809	2477	2199
rfe	1117	864	332	236
wzzE	947	658	140	116
rffE	805	588	24	20
rffD	828	554	29	17
rffG	678	375	39	12
rffH	434	305	19	16
rffC	208	171	18	13
rffA	435	297	76	53
wzxE	383	232	67	35
rffT	306	225	45	27
wzyE	197	174	35	28
rffM	216	155	55	44
yifK	1049	729	118	87
hemY	1491	965	781	584
hemX	1544	1008	651	508
hemD	507	293	218	177
hemC	766	487	559	429
cyaA	2857	1891	827	666
dapF	814	535	133	103
yigA	470	310	40	25
xerC	563	371	20	17
yigB	318	210	15	14
uvrD	702	453	280	207
yigE	60	38	7	4
corA	981	689	485	461
rarD	154	106	68	29
pldA	887	643	163	126
recQ	807	511	39	25
rhtC	393	294	332	268
rhtB	216	153	174	113
pldB	385	283	186	115
yigL	260	165	60	58
yigM	171	121	56	57
metR	486	355	348	196
ysgA	838	530	360	264
udp	920	562	2242	1861
rmuC	189	159	512	399
ubiE	1144	818	634	514
yigP	714	452	265	200
ubiB	1104	741	449	351
tatC	1136	836	115	123
tatD	265	193	24	32
ubiD	1677	1148	1555	1257
fre	1010	728	974	696
fadA	118	73	1295	1070
fadB	269	171	3211	2435
pepQ	2141	1448	1411	1043
yigZ	290	214	159	126
trkH	559	380	222	143
yihE	1016	766	459	353
dsbA	2169	1615	695	519
yihG	111	89	20	21
polA	1535	1066	1485	1213
hemN	1031	695	420	299
glnG	818	555	147	109
glnL	676	427	87	74
glnA	8991	6186	863	679
bipA	11721	8297	1436	1180
yihL	82	56	51	47
yihM	106	89	90	70
yihN	55	48	14	18
ompL	7	6	17	14
yihO	6	8	60	56
yihP	12	15	54	46
yihQ	35	17	87	67
yihS	69	36	60	40
yihT	29	20	20	24
yihU	14	12	25	7
yihV	30	25	74	59
yihW	257	164	370	303
rbn	203	171	227	197
yiiD	658	431	182	150
fdhE	385	224	298	239
fdoI	107	73	603	449
fdoH	180	128	1165	974
fdoG	1371	957	7827	7077
fdhD	213	191	283	240
frvB	11	6	3	3
rhaD	19	6	10	8
rhaA	5	5	6	5
rhaS	22	22	84	59
rhaR	31	22	259	239
sodA	16891	8516	5107	4120
kdgT	31	25	88	65
yiiM	272	187	148	134
cpxA	1515	1085	433	395
cpxR	1327	972	618	455
fieF	708	510	408	347
pfkA	3175	2168	936	773
sbp	846	642	38	33
cdh	263	176	24	18
tpiA	6248	4380	790	586
fpr	597	325	497	345
glpX	182	116	199	168
glpK	139	116	1016	816
glpF	20	17	348	320
menA	412	286	72	59
hslU	1943	1312	1940	1424
ftsN	673	488	294	235
cytR	496	319	170	150
yiiX	57	50	48	28
metB	1493	954	1053	476
metL	2673	1705	1313	679
metF	7118	5254	1432	740
katG	3493	2505	3760	2688
yijE	55	47	62	65
yijF	8	5	6	5
gldA	102	81	281	163
fsaB	23	13	31	16
ptsA	27	26	60	57
frwC	19	8	30	26
pflD	58	35	79	57
pflC	27	9	20	12
yijO	31	20	18	18
yijP	1544	942	106	91
ppc	7041	4003	662	576
argE	2180	1392	174	137
argC	3930	2741	81	41
argB	2768	1832	62	31
argH	5937	3977	119	65
oxyR	1281	847	620	472
sthA	1007	738	2914	2510
fabR	857	661	1262	1098
trmA	570	362	196	140
btuB	1492	1072	396	301
murI	248	154	152	122
murB	881	693	450	323
birA	494	325	239	202
coaA	724	550	232	201
tufB	129863	95058	7049	5451
rplA	30120	21880	1759	1333
rpoB	39413	27910	5908	4430
rpoC	41848	29584	6843	5345
thiH	3502	1929	355	230
thiG	2501	1272	235	134
thiF	3127	1647	204	171
thiE	2597	1340	219	149
thiC	10766	6125	1146	779
nudC	375	241	79	67
hemE	815	484	180	124
nfi	276	200	40	29
yjaH	427	310	81	79
zraR	212	148	247	170
purD	1842	1258	77	55
purH	1836	1186	43	39
metA	4367	3113	2644	1424
aceA	471	325	3358	2602
aceK	88	52	1048	936
iclR	314	214	258	232
metH	8389	5344	2551	1862
yjbB	285	237	125	102
pepE	142	111	280	306
yjbC	739	453	306	246
lysC	7796	4633	494	510
pgi	5636	4168	1813	1467
yjbF	7	9	1	3
yjbG	14	4	1	1
yjbH	37	16	14	12
xylE	30	15	93	58
malG	67	49	135	119
malF	154	130	33	33
malE	878	625	86	90
malK	201	135	23	19
malM	170	116	57	76
ubiA	451	323	1187	882
plsB	1696	1129	1296	951
lexA	904	615	1357	1037
dinF	164	88	73	59
yjbM	2	4	7	11
yjbN	538	395	138	101
qor	434	275	311	286
dnaB	1091	732	102	92
alr	500	339	122	89
tyrB	2562	1605	193	157
aphA	67	65	363	320
uvrA	682	483	353	290
yjcC	40	32	147	107
yjcE	791	573	189	177
actP	174	115	970	740
acs	1024	665	6193	4326
nrfA	37	22	33	29
nrfC	7	3	5	1
nrfD	12	5	8	7
gltP	601	543	60	33
yjcO	394	281	467	498
fdhF	94	63	141	94
yjcQ	14	10	7	10
yjcR	12	2	5	5
phnL	5	1	0	1
phnK	7	2	12	11
phnJ	2	2	2	1
phnI	1	4	1	1
phnF	5	1	0	0
phnD	5	5	3	2
phnC	2	2	1	1
yjcZ	20	14	17	10
proP	1481	1059	267	209
basS	338	234	56	43
basR	298	201	102	66
eptA	384	259	55	58
adiC	13	3	32	20
adiY	4	2	53	34
adiA	19	11	46	37
melR	69	59	517	377
melA	55	41	129	109
melB	43	34	96	62
yjdF	134	99	57	36
fumB	65	60	453	353
dcuB	19	17	66	47
dcuR	196	159	273	208
dcuS	378	308	375	262
lysU	608	480	170	152
yjdL	17	13	29	26
cadA	57	50	83	72
cadB	5	1	12	8
cadC	45	28	121	110
dipZ	453	284	89	73
dcuA	2007	1442	4978	4483
aspA	993	807	24403	19910
yjeH	281	191	136	103
groL	25091	18140	23628	16825
yjeJ	76	72	98	86
yjeK	354	237	78	55
frdB	134	111	1334	1072
frdA	327	251	3498	2661
poxA	238	192	100	68
yjeP	533	377	112	77
psd	638	417	265	188
rsgA	934	598	269	204
yjeS	158	104	101	87
yjeF	217	136	149	113
amiB	542	382	256	165
mutL	889	575	570	431
miaA	4400	3029	3228	2601
hflX	4460	2985	1483	1136
hflK	4763	3238	1140	800
hflC	4300	2958	1069	796
purA	8359	5490	2047	1548
rnr	3350	2369	3009	2226
rlmB	759	487	280	200
yjfJ	16	21	18	17
yjfK	10	4	5	5
yjfC	32	27	37	38
aidB	131	73	125	79
yjfP	163	105	133	88
ulaR	226	143	332	287
ulaG	52	33	54	43
ulaA	20	20	35	22
ulaD	42	33	32	22
ulaE	58	32	33	22
ulaF	33	17	30	21
ytfB	495	301	569	443
fklB	808	385	58	69
cycA	1326	952	3096	2424
ytfE	41	19	129	90
ytfF	76	32	37	29
ytfG	59	29	47	25
cpdB	610	437	1135	881
cysQ	422	306	978	712
ytfL	229	155	227	183
msrA	233	149	209	167
ytfM	644	523	194	146
ytfQ	45	22	583	417
ytfT	12	7	107	82
yjfF	20	15	129	115
fbp	1065	657	2090	1959
mpl	1757	1247	461	317
pmbA	916	603	392	297
nrdD	102	100	126	139
treC	34	25	26	14
treB	42	25	62	39
treR	220	138	99	78
mgtA	1924	1514	335	264
pyrB	321	226	12	7
yjgI	36	22	27	14
argI	1548	1104	51	38
valS	8002	5626	996	725
pepA	4392	2914	776	610
yjgP	1005	701	389	323
yjgQ	891	603	415	347
yjgB	19	24	33	20
yjhT	56	69	209	174
yjhA	18	10	43	21
fimB	491	450	27	16
fimC	1331	887	316	224
fimH	533	358	103	70
gntP	36	33	174	145
uxuA	231	146	728	562
uxuB	252	156	354	244
uxuR	343	258	419	341
yjiE	139	90	49	26
iadA	524	405	46	45
yjiH	8	9	24	12
yjiK	52	50	73	64
hgdC	8	8	26	26
yjiM	16	24	124	73
yjiN	79	45	35	30
yjiY	92	57	584	430
tsr	73	38	81	63
mdoB	1513	1097	425	321
dnaC	222	150	38	45
yjjP	32	31	55	56
yjjQ	9	5	9	12
bglJ	44	22	44	28
rsmC	477	309	50	52
yjjG	234	155	36	16
prfC	1580	1081	35	33
osmY	83	69	168	147
yjjU	184	134	59	54
yjjW	14	20	8	6
yjjI	37	27	31	26
deoC	170	89	388	279
deoA	220	170	438	346
deoB	790	558	1951	1526
deoD	1033	611	1973	1809
ytjB	262	222	146	127
serB	1333	815	62	46
radA	1506	962	123	75
nadR	1037	742	200	151
slt	620	475	746	547
ytjC	706	461	263	214
rob	834	628	1069	1044
creB	529	360	130	95
creC	221	168	51	60
arcA	2235	1730	13489	10931
yjtD	104	89	128	102
