	YJ016_HS1	YJ016_HS2	YJ016_CMCP6ref_HS1	YJ016_CMCP6ref_HS2
VV1_RS00065	2147	3236	2431	3538
VV1_RS00070	711	995	711	994
VV1_RS00085	9895	7934	9815	7898
VV1_RS00095	67967	14761	68120	14701
VV1_RS00120	567	294	523	268
VV1_RS00130	122	187	114	180
VV1_RS00135	55	66	55	66
VV1_RS00140	967	154	45	74
VV1_RS00145	85	103	319	176
VV1_RS00150	40	31	39	31
VV1_RS00155	22	36	22	36
VV1_RS00160	201	67	201	67
VV1_RS00165	937	203	927	202
VV1_RS00170	1259	101	1246	101
VV1_RS00180	471	418	471	413
VV1_RS00190	6312	974	6253	964
VV1_RS00195	2265	999	2262	1001
VV1_RS00205	1516	798	1517	797
VV1_RS00210	3678	4040	3671	4016
VV1_RS00230	552	739	548	735
VV1_RS00240	784	806	781	805
VV1_RS00245	567	710	565	723
VV1_RS00255	802	701	796	699
VV1_RS00265	512	305	512	304
VV1_RS00270	728	524	721	520
VV1_RS00285	774	842	771	841
VV1_RS00575	545	553	542	551
VV1_RS00580	229	314	229	314
VV1_RS00590	108	73	109	90
VV1_RS00595	335	499	335	500
VV1_RS00600	2322	3466	2317	3461
VV1_RS00625	3290	1889	3212	1859
VV1_RS00630	6229	1980	5665	1802
VV1_RS00635	479	159	478	158
VV1_RS00650	855	836	853	837
VV1_RS00690	91855	126149	91407	125631
VV1_RS00705	1168	1350	1243	1456
ZNUC	1723	825	1731	808
VV1_RS00715	1097	425	1092	425
VV1_RS00720	9093	5722	9069	5698
VV1_RS00730	16625	5643	16606	5646
VV1_RS00765	1600	1351	1597	1343
VV1_RS00770	251	196	252	198
VV1_RS00775	1662	1156	1658	1149
VV1_RS00780	1459	827	1457	826
VV1_RS00790	2084	494	2084	494
VV1_RS00795	3111	2979	3086	2969
VV1_RS00805	399	437	399	437
VV1_RS00830	4380	20019	4379	20019
VV1_RS00835	35383	8499	35362	8497
VV1_RS00845	6176	1727	6172	1727
VV1_RS00850	3788	3392	3739	3362
VV1_RS00865	185	135	175	129
VV1_RS00885	103608	3548	100947	3504
VV1_RS00890	4824	3760	4716	3705
VV1_RS00925	1764	152	1768	151
VV1_RS00930	3438	105	3382	100
VV1_RS00935	2506	909	2497	909
VV1_RS00945	17275	2046	17380	2080
VV1_RS00950	4666	5487	4596	5404
VV1_RS00975	2886	2603	2891	2603
VV1_RS00985	4052	4456	4003	4403
VV1_RS00995	32107	40790	32063	40725
VV1_RS01005	11250	13471	11223	13424
VV1_RS01020	44482	33105	44477	33097
VV1_RS01080	4881	4611	4635	4399
VV1_RS01085	20416	18267	20418	18274
VV1_RS01110	6599	6102	6813	6224
VV1_RS01115	6337	4492	6358	4480
VV1_RS01155	2050	845	1976	789
VV1_RS01180	278	206	278	206
VV1_RS01195	3974	5823	3960	5822
VV1_RS01200	4731	3029	4733	3036
VV1_RS01210	1409	530	1409	530
VV1_RS01235	1991	641	1991	645
UBIF	419	318	380	305
VV1_RS01330	2598	1158	2593	1153
VV1_RS01335	2555	1521	2547	1515
VV1_RS01345	2949	2870	2713	2601
VV1_RS01390	379	252	379	252
VV1_RS01395	585	461	580	461
VV1_RS01400	2668	1910	2659	1906
VV1_RS01415	2699	2505	2694	2506
VV1_RS01435	2002	272	1999	273
VV1_RS01440	4444	378	4419	376
VV1_RS01460	333	353	334	353
VV1_RS01470	228	341	201	304
VV1_RS01485	776	908	771	905
VV1_RS01490	5300	5132	5302	5156
VV1_RS01495	9970	5696	9798	5617
VV1_RS01505	64	44	64	44
VV1_RS01510	5572	2280	5574	2282
VV1_RS01520	3748	1533	3720	1529
VV1_RS01525	3374	1332	3373	1327
VV1_RS01530	1268	598	1225	580
VV1_RS01540	4455	3076	4465	3077
VV1_RS01550	3473	427	3449	427
VV1_RS01555	4040	912	3993	908
VV1_RS01565	318	256	315	251
VV1_RS01580	13162	5461	12806	5217
VV1_RS01585	785	950	778	951
VV1_RS01625	162	274	267	430
VV1_RS01630	4787	1990	4785	1989
VV1_RS01640	4343	9910	4342	9898
VV1_RS01655	6014	6810	5939	6697
VV1_RS01660	3020	1289	2852	1256
VV1_RS01670	1909	1203	1914	1209
VV1_RS01675	1272	890	1011	711
VV1_RS01685	3414	1077	3449	1063
VV1_RS01715	63625	7785	61736	7619
VV1_RS01730	380	213	375	213
VV1_RS01745	177	76	173	79
VV1_RS01760	22561	3804	29392	4877
VV1_RS01955	2526	2474	2526	2473
VV1_RS01975	47	44	43	40
VV1_RS01985	98	49	93	48
VV1_RS01990	33	67	39	68
VV1_RS01995	1156	758	1156	762
VV1_RS02000	150	106	193	144
VV1_RS02005	229	280	229	280
VV1_RS02010	1314	882	1313	882
VV1_RS02015	1223	535	1207	527
VV1_RS02020	382	10237	374	10084
VV1_RS02025	1329	2074	1329	2074
VV1_RS02035	261	386	261	386
VV1_RS02045	2274	760	2265	751
VV1_RS02060	3233	1214	3131	1090
VV1_RS02065	403	379	399	378
VV1_RS02075	2282	1953	2255	1935
VV1_RS02080	3332	2646	3331	2648
VV1_RS02095	9927	6252	9924	6244
VV1_RS02100	455	281	455	280
VV1_RS02110	3682	5290	3681	5289
VV1_RS02145	1301	1721	1204	1558
VV1_RS02155	1359	730	1313	730
VV1_RS02160	434	213	408	240
VV1_RS02190	517	285	516	284
VV1_RS02200	4261	6500	4094	6033
VV1_RS02205	7318	17771	7689	18173
VV1_RS02210	3805	2527	3552	2303
VV1_RS02215	23748	4458	23740	4458
VV1_RS02225	2864	1511	2660	1399
VV1_RS02240	148	214	150	215
VV1_RS02250	1446	1530	1445	1525
VV1_RS02255	2699	2019	2698	2018
VV1_RS02265	5986	2171	5712	2078
VV1_RS02270	4046	1706	3840	1636
VV1_RS02275	4535	2155	4532	2148
VV1_RS02280	781	371	770	371
VV1_RS02290	5113	2733	5107	2732
VV1_RS02300	1285	459	1282	458
VV1_RS02345	402974	21907	395891	21433
VV1_RS02360	4438	3629	4362	3584
PHEA	767	1127	764	1126
VV1_RS02385	13143	13810	13134	13806
VV1_RS02390	5157	5026	5104	4934
VV1_RS02400	553	325	552	324
VV1_RS02410	32918	25106	32970	25153
VV1_RS02415	1196	1387	1191	1381
VV1_RS02425	2544	2932	2649	3104
VV1_RS02440	24449	2054	23663	2018
VV1_RS02445	1000	492	989	486
VV1_RS02450	330	220	329	219
VV1_RS02480	975	1453	986	1498
VV1_RS02500	71	85	61	67
VV1_RS02505	1277	1753	1274	1746
VV1_RS02515	1190	741	1188	739
VV1_RS02520	1149	679	1148	680
VV1_RS02525	8930	6173	8930	6170
VV1_RS02535	606	1023	593	992
VV1_RS02545	1314	4279	1314	4281
VV1_RS02555	31815	29499	31811	29501
VV1_RS02565	2458	3869	2461	3859
VV1_RS02570	1976	1321	1968	1320
VV1_RS02575	2364	1350	2166	1268
VV1_RS02590	70	109	71	114
VV1_RS02595	342	298	389	350
VV1_RS02600	686	490	664	472
VV1_RS02605	5944	3257	5902	3239
VV1_RS02610	620	340	601	310
VV1_RS02625	1301	33305	1294	33039
VV1_RS02630	1180	3528	1181	3502
VV1_RS02640	3972	19517	3956	19290
VV1_RS02645	6513	26761	6509	26751
VV1_RS02670	29747	21337	29690	21305
VV1_RS02680	13515	7621	13499	7615
VV1_RS02685	679	1004	679	1001
VV1_RS02690	1153	1931	1129	1908
VV1_RS02720	1257	519	1235	503
VV1_RS02730	369	91	378	92
VV1_RS02735	128	58	206	68
VV1_RS02740	278	92	321	119
VV1_RS02745	48	53	54	64
VV1_RS02760	905	960	903	960
VV1_RS02765	2496	3054	2483	3044
VV1_RS02790	37292	39663	37280	39652
VV1_RS02800	7204	6796	7204	6797
VV1_RS02815	620	373	790	456
MURF	933	890	927	892
VV1_RS02840	424	329	433	344
VV1_RS02855	7041	5128	6908	5059
VV1_RS02860	4254	5531	4252	5536
VV1_RS02890	12161	7064	12150	7060
VV1_RS02895	9448	5612	9242	5488
VV1_RS02915	2167	1422	2160	1421
VV1_RS02925	27582	3014	26385	2911
VV1_RS02930	483	797	469	772
VV1_RS02935	1900	1697	1884	1690
VV1_RS02940	1311	919	1259	907
VV1_RS02950	1472	1390	1464	1387
NUDF	2313	3241	2310	3223
VV1_RS02970	10398	7225	10316	7162
VV1_RS02975	8260	10088	8241	10051
VV1_RS02980	42452	10385	41045	9988
VV1_RS02985	704	775	3921	1545
VV1_RS02990	8084	8950	8076	8928
VV1_RS02995	8281	1352	8300	1369
VV1_RS03000	1111	361	1111	361
VV1_RS03005	791	477	790	474
VV1_RS03035	1089	1517	1068	1466
VV1_RS03045	1397	445	1335	425
VV1_RS03065	22517	7265	22210	7193
VV1_RS03075	4926	5278	4920	5247
VV1_RS03080	347	126	346	123
VV1_RS03085	2416	1567	2408	1559
VV1_RS03090	8082	605	8059	597
VV1_RS03095	5738	924	5847	934
VV1_RS03105	2750	20580	2749	20535
VV1_RS03110	688	6884	689	6885
VV1_RS03115	10627	16851	10110	15867
VV1_RS03120	1038	406	1038	404
VV1_RS03130	3665	1694	3666	1692
VV1_RS03140	28635	12502	28566	12462
VV1_RS03145	3693	3029	3659	3007
VV1_RS03155	72	65	72	63
VV1_RS03165	399	992	358	951
VV1_RS03170	3957	6464	3954	6457
VV1_RS03175	4573	7612	4566	7600
VV1_RS03180	2512	5428	2485	5355
VV1_RS03190	530	490	457	440
VV1_RS03200	4662	5120	4493	5027
VV1_RS03205	1262	1518	1268	1533
VV1_RS03260	1673	2934	1669	2933
VV1_RS03265	4995	1449	4990	1456
VV1_RS03275	3395	3710	3079	3408
VV1_RS03280	1115	2773	1104	2754
VV1_RS03290	269	228	269	227
VV1_RS03295	2693	2272	2692	2268
VV1_RS03310	3848	2611	3789	2593
VV1_RS03320	1282	697	1286	696
VV1_RS03325	2108	1120	2098	1119
VV1_RS03330	450	203	435	184
VV1_RS03335	1826	1185	1822	1180
VV1_RS03355	4186	1357	4161	1336
VV1_RS03360	17652	9580	17637	9557
VV1_RS03375	391	219	446	248
VV1_RS03385	1300	2048	1294	2031
VV1_RS03400	101	80	101	80
VV1_RS03415	1724	1578	1677	1546
VV1_RS03420	8298	5777	8103	5640
VV1_RS03425	2143	1034	2164	1054
VV1_RS03450	2409	1169	2409	1169
VV1_RS03455	908	1099	909	1100
VV1_RS03475	108	80	133	126
VV1_RS03480	77	69	77	69
VV1_RS03485	181	332	177	324
VV1_RS03495	7369	3784	6816	3447
VV1_RS03500	236	546	233	533
VV1_RS03505	508	1198	507	1199
VV1_RS03515	318	2744	317	2767
VV1_RS03520	126	118	119	117
VV1_RS03540	152	142	182	160
VV1_RS03565	6354	11318	6359	11324
VV1_RS03775	1983	3517	2006	5337
VV1_RS03850	584	631	579	624
VV1_RS03915	5973	6185	5676	5774
VV1_RS03930	299	215	278	213
VV1_RS03945	2132	1212	2122	1211
VV1_RS03950	4316	2810	3439	2311
VV1_RS03965	965	864	1060	931
VV1_RS03990	29403	1685	29248	1671
VV1_RS03995	985	1750	981	1743
VV1_RS04020	684	1257	664	1223
VV1_RS04025	53	79	56	82
VV1_RS04045	1096	4005	1441	5430
VV1_RS04050	1569	6734	984	4823
VV1_RS04055	416	1594	358	1404
VV1_RS04060	248	534	246	531
VV1_RS04070	50	361	44	320
VV1_RS04075	80	749	79	745
VV1_RS04090	140	283	135	282
VV1_RS04095	409	711	409	707
VV1_RS04110	1785	1715	1737	1715
VV1_RS04115	34	30	33	30
VV1_RS04120	4314	3315	4179	3249
VV1_RS04125	197	81	197	80
VV1_RS04155	475	454	627	596
VV1_RS04175	2137	2093	1989	1937
VV1_RS04180	479	368	475	366
VV1_RS04190	504	489	506	488
VV1_RS04195	1008	699	1002	685
VV1_RS04200	671	375	667	372
VV1_RS04210	1894	806	1893	813
VV1_RS04220	215	316	243	335
VV1_RS04225	528	602	517	591
VV1_RS04235	2032	1483	2237	1588
VV1_RS04250	245382	3850	243537	3841
VV1_RS04260	1475	1624	1462	1617
VV1_RS04275	1876	1700	1877	1698
VV1_RS04285	540	1267	538	1259
GLNG	1083	24431	1188	25129
VV1_RS04310	875	4501	999	4948
VV1_RS04315	1399	506	1381	498
VV1_RS04330	1534	676	1526	675
VV1_RS04335	7398	2735	7403	2738
VV1_RS04345	3814	5632	3794	5594
VV1_RS04350	5736	2268	5733	2269
VV1_RS04355	860	649	885	652
VV1_RS04360	1181	758	1198	761
VV1_RS04380	1292	1184	1285	1176
VV1_RS04395	349	608	352	611
VV1_RS04400	1511	1604	1505	1596
VV1_RS04495	284	1518	284	1519
VV1_RS04510	9816	6865	9816	6870
VV1_RS04515	5984	4957	5967	4956
VV1_RS04520	114	73	114	73
VV1_RS04530	293	236	293	237
VV1_RS04535	486	356	457	357
VV1_RS04540	346	498	346	495
VV1_RS04545	70	48	69	40
VV1_RS04560	168	115	190	154
VV1_RS04565	44	12	44	12
VV1_RS04580	64	83	58	76
VV1_RS04585	97	88	104	102
VV1_RS04590	2029	2444	2028	2439
VV1_RS04610	40	86	40	86
VV1_RS04620	911	786	909	786
VV1_RS04680	329	346	499	485
VV1_RS04685	371	446	366	439
VV1_RS04700	1716	3482	1717	3471
VV1_RS04705	1635	1222	1582	1151
VV1_RS04770	2618	2481	2598	2445
VV1_RS04780	378	161	419	196
VV1_RS04785	256	220	230	195
VV1_RS04790	229	161	225	160
VV1_RS04805	1455	2010	1422	1972
VV1_RS04830	7530	7823	7527	7824
VV1_RS04835	12575	10474	12574	10470
VV1_RS04845	8857	5814	8850	5815
VV1_RS04865	19799	14504	19270	14224
VV1_RS04870	5007	4794	4995	4784
VV1_RS04875	19682	15820	19682	15826
VV1_RS04890	255	274	270	257
VV1_RS04895	2340	675	2329	663
VV1_RS04900	170	112	167	112
VV1_RS04905	291	226	291	226
VV1_RS04910	1087	2017	1060	1988
VV1_RS04915	4838	9598	4795	9557
VV1_RS04920	3098	4969	3034	4907
VV1_RS04930	2521	4768	2489	4725
VV1_RS04945	403	211	378	205
VV1_RS04950	1244	559	1227	540
VV1_RS04955	628	635	623	630
VV1_RS04960	4522	621	4488	580
VV1_RS04970	51956	6432	51451	6367
VV1_RS04975	2730	3093	2490	2789
VV1_RS04980	970	552	851	492
VV1_RS04990	796	416	794	415
VV1_RS05005	409	184	409	184
VV1_RS05010	2429	3018	2420	3012
VV1_RS05025	2817	2028	2606	1859
VV1_RS05040	1805	1395	1777	1382
VV1_RS05105	232	205	230	205
VV1_RS05110	7117	16386	7127	16383
VV1_RS05120	14452	8164	14174	8010
VV1_RS05125	8990	4979	8891	4900
VV1_RS05135	1142	779	1099	725
VV1_RS05170	3959	21707	4101	21934
VV1_RS05175	2403	34127	2394	33996
VV1_RS05180	508	5156	509	5152
VV1_RS05185	657	5200	649	5147
VV1_RS05200	106	87	107	87
VV1_RS05220	431	363	429	363
VV1_RS05225	663	383	636	361
VV1_RS05230	416	271	422	275
VV1_RS05235	572	330	628	344
VV1_RS05240	3411	236	3327	230
VV1_RS05250	11252	445	11152	444
VV1_RS05255	4796	341	4475	315
VV1_RS05275	10877	3268	10746	3231
VV1_RS05280	1256	1610	1202	1555
VV1_RS05285	2088	4158	2040	4086
VV1_RS05295	2403	1124	2383	1118
VV1_RS05300	4828	3719	4756	3652
VV1_RS05310	6441	710	6247	702
VV1_RS05330	118	75	107	60
VV1_RS05335	2927	1764	2891	1751
VV1_RS05340	1989	971	1805	868
VV1_RS05370	6007	10511	6007	10504
VV1_RS05380	509	1046	479	975
VV1_RS05390	191	174	171	143
VV1_RS05400	863	323	856	322
VV1_RS05415	17222	3431	17200	3431
VV1_RS05420	1334	778	1332	777
VV1_RS05430	1150	702	1149	703
VV1_RS05440	1617	1025	1617	1021
VV1_RS05450	1333	788	1316	765
VV1_RS05470	503	125	503	125
VV1_RS05495	2295	2428	2202	2285
VV1_RS05500	235	479	236	479
VV1_RS05505	1749	1739	1743	1725
VV1_RS05510	9909	8563	9925	8573
VV1_RS05520	664	674	664	667
VV1_RS05540	775	925	699	844
VV1_RS05545	5688	4107	5690	4108
VV1_RS05550	6150	11575	6130	11543
VV1_RS05555	1734	1348	1688	1335
VV1_RS05560	2643	985	2642	985
VV1_RS05570	814	589	794	571
VV1_RS05580	389	161	368	150
VV1_RS05585	533	259	532	258
VV1_RS05655	3589	2061	3586	2059
VV1_RS05660	1361	1043	1358	1041
VV1_RS05725	10808	18320	10916	18615
VV1_RS05745	250	430	250	430
VV1_RS05760	423	750	445	773
VV1_RS05770	10154	640	10152	640
VV1_RS05780	5831	2084	5813	2064
VV1_RS05785	1057	2094	1044	2064
VV1_RS05800	255	288	249	283
VV1_RS05810	1695	972	1694	972
VV1_RS05820	420	624	417	615
VV1_RS05835	237	377	235	370
VV1_RS05840	115	51	110	50
VV1_RS05845	92	79	91	79
VV1_RS05850	2579	74	2574	74
VV1_RS05855	1676	1718	1676	1707
VV1_RS05875	157	157	158	157
VV1_RS05885	60	55	59	54
VV1_RS05890	1668	344	1660	342
VV1_RS05900	15791	501	14703	468
VV1_RS05930	14864	2345	14856	2343
VV1_RS05950	61	73	67	74
VV1_RS05975	185	416	184	415
VV1_RS05985	1995	4212	1827	3925
VV1_RS06000	15850	5244	15910	5246
VV1_RS06005	106842	30009	104513	29050
VV1_RS06010	470	363	515	386
VV1_RS06020	1961	1085	1959	1084
VV1_RS06025	4168	4429	4043	4290
VV1_RS06030	751	418	766	421
VV1_RS06035	1091	713	1141	783
VV1_RS06060	18399	50205	19029	50444
VV1_RS06065	906	465	889	460
VV1_RS06070	3705	827	3668	804
VV1_RS06080	4013	2753	4006	2756
VV1_RS06135	619	274	619	281
VV1_RS06145	3662	1563	3656	1560
VV1_RS06165	6907	6134	6881	6100
VV1_RS06170	7892	6884	7862	6839
VV1_RS06175	10479	9819	10470	9796
VV1_RS06185	4415	7054	4413	7038
VV1_RS06190	6709	5657	6663	5613
VV1_RS06195	317	109	314	104
VV1_RS06205	1467	359	1436	341
VV1_RS06210	21085	12823	21011	12766
VV1_RS06215	2091	881	2083	870
VV1_RS06220	475	263	464	257
VV1_RS06225	2075	4568	2074	4562
VV1_RS06230	804	380	786	366
VV1_RS06250	1216	5485	1214	5476
VV1_RS06260	618	3103	592	2928
VV1_RS06265	8364	14605	8355	14600
VV1_RS06270	755	1179	749	1144
VV1_RS06280	809	220	801	220
VV1_RS06290	1831	807	1822	806
VV1_RS06300	2382	2784	2337	2706
VV1_RS06315	3522	2061	3471	2023
VV1_RS06325	819	206	833	205
VV1_RS06330	6014	3977	6007	3985
VV1_RS06335	2521	4653	2520	4653
VV1_RS06385	1528	2908	1502	2843
VV1_RS06410	2098	760	2099	769
VV1_RS06430	300	444	283	411
VV1_RS06450	12583	1470	12550	1461
VV1_RS06465	1542	1708	1537	1697
VV1_RS06475	786	1607	687	1388
VV1_RS06490	2785	352	2782	352
VV1_RS06495	4318	62330	4310	62185
VV1_RS06500	2116	7218	2112	7184
VV1_RS06510	661	11158	689	11563
VV1_RS06515	2674	38057	2378	34572
VV1_RS06520	3170	32121	3132	31651
VV1_RS06530	3414	1960	3319	1929
VV1_RS06535	5941	7496	5921	7471
VV1_RS06540	533	312	533	321
VV1_RS06560	1073	699	1067	691
VV1_RS06575	5379	5434	5378	5432
VV1_RS06580	595	477	593	476
VV1_RS06585	1870	286	1866	285
VV1_RS06610	775	477	790	482
VV1_RS06615	8494	4914	8477	4894
VV1_RS06625	1864	1457	1865	1457
VV1_RS06650	294	192	294	188
VV1_RS06660	1331	698	1333	699
CYSJ	634	522	635	522
VV1_RS06675	1428	1433	1352	1349
VV1_RS06680	1022	1304	986	1272
VV1_RS06715	5631	3300	5608	3288
VV1_RS06720	765	901	739	881
VV1_RS06725	1173	1251	1256	1365
VV1_RS06735	510	796	509	796
VV1_RS06740	9559	5446	9534	5420
VV1_RS06745	561	732	550	725
VV1_RS06755	4076	5327	4068	5329
VV1_RS06760	501	364	501	364
VV1_RS06770	5547	2448	6298	2770
VV1_RS06780	1620	744	1620	743
VV1_RS06790	4344	2652	4328	2629
VV1_RS06795	2717	1619	2718	1625
VV1_RS06800	1918	1485	1906	1479
VV1_RS06805	2836	2575	2796	2529
VV1_RS06810	1528	852	1524	850
VV1_RS06855	4463	2627	4436	2608
VV1_RS06860	252	277	252	277
VV1_RS06875	2360	910	2325	904
VV1_RS06880	1539	1338	1555	1356
VV1_RS06885	1375	1265	1369	1248
TLDD	5320	3844	5246	3792
VV1_RS06895	13898	15227	13231	14797
VV1_RS06905	231	411	230	407
VV1_RS06930	182	4904	175	4817
VV1_RS06935	620	159	619	158
VV1_RS06945	521	221	519	221
VV1_RS06960	1954	568	1956	567
VV1_RS06965	2100	910	2073	904
VV1_RS06980	3446	3598	3451	3605
VV1_RS06985	1986	2877	1982	2857
VV1_RS06990	1437	1963	1435	1964
VV1_RS07005	5565	687	5560	684
VV1_RS07015	6109	476	6237	500
VV1_RS07025	12698	2054	12712	2057
VV1_RS07030	4051	1215	3975	1197
VV1_RS07035	7767	2547	7618	2510
VV1_RS07045	550	588	550	588
VV1_RS07090	434	451	434	450
VV1_RS07095	444	279	444	280
VV1_RS07150	738	763	725	754
VV1_RS07160	1407	1516	1416	1460
VV1_RS07170	1449	165	1449	165
VV1_RS07175	320	226	320	226
VV1_RS07180	979	531	973	528
VV1_RS07185	846	361	840	361
VV1_RS07205	4588	1148	4535	1144
VV1_RS07210	4739	794	4789	877
VV1_RS07215	5382	4354	5296	4268
VV1_RS07220	2009	2254	1994	2249
VV1_RS07235	8792	2636	8691	2615
VV1_RS07240	4653	993	4674	992
VV1_RS07250	823	966	817	955
VV1_RS07260	307	358	304	354
VV1_RS07265	2024	2778	2024	2766
GAPA	2120	1649	2122	1936
VV1_RS07290	20177	32330	20182	32323
VV1_RS07295	9053	7907	9004	7818
VV1_RS07300	282	772	283	774
VV1_RS07305	1063	440	1052	433
VV1_RS07310	3504	1784	3492	1779
VV1_RS07320	814	355	806	354
VV1_RS07340	1767	982	1764	969
VV1_RS07345	2222	1695	2223	1691
VV1_RS07375	4391	7803	3882	7165
VV1_RS07385	7198	2418	7164	2405
VV1_RS07400	2218	987	2213	981
VV1_RS07405	210	236	308	383
VV1_RS07425	1863	2010	1857	2001
VV1_RS07435	7005	2501	6947	2478
VV1_RS07445	6119	1493	6114	1492
RELA	8163	9332	8007	9213
VV1_RS07510	20568	16193	22929	18054
VV1_RS07515	9575	13311	9221	12614
VV1_RS07520	1986	1697	1933	1654
VV1_RS07600	15000	15838	14849	15579
VV1_RS07605	7601	9435	7607	9440
VV1_RS07610	5017	4428	4943	4349
VV1_RS07620	8852	9748	8857	9753
VV1_RS07630	4597	2495	4570	2479
VV1_RS07640	430	581	437	585
VV1_RS07645	1998	2002	1939	1936
VV1_RS07650	6553	1909	6372	1850
VV1_RS07680	11618	5219	11582	5212
VV1_RS07690	447	735	416	708
VV1_RS07695	114	154	117	152
VV1_RS07735	16369	4296	16338	4294
VV1_RS07740	4384	8220	4329	8103
VV1_RS07750	2245	1851	1512	1101
VV1_RS07755	291	275	262	239
VV1_RS07760	12369	210	12385	212
VV1_RS07765	2548	235	2333	222
VV1_RS07785	3361	2494	3289	2446
VV1_RS07790	305	118	293	124
VV1_RS07800	4192	328	4193	328
VV1_RS07810	1197	1440	1202	1463
VV1_RS07820	16055	18915	14614	17618
VV1_RS07830	82	74	82	74
VV1_RS07835	701	590	688	583
VV1_RS07850	6712	249546	5131	180304
VV1_RS07855	46445	21807	43621	20547
VV1_RS07860	2213	1420	2214	1415
VV1_RS07865	1029	921	1025	925
VV1_RS07870	504	723	482	649
VV1_RS07875	514	836	504	828
VV1_RS07880	288	308	288	307
VV1_RS07885	60	76	60	76
VV1_RS07895	113	109	112	109
VV1_RS07900	192	144	192	142
VV1_RS07905	33	38	34	38
VV1_RS07910	117	150	117	150
VV1_RS07915	767	706	767	706
VV1_RS07920	3949	1479	3954	1487
VV1_RS07930	1642	1817	1627	1793
VV1_RS07935	1092	589	1370	698
VV1_RS07945	1134	810	1131	803
VV1_RS07950	3596	3798	3500	3650
VV1_RS07955	1383	257	1366	251
VV1_RS07960	2673	2091	2675	2094
VV1_RS07970	3978	3139	3958	3132
HFLB	33479	30717	33456	30699
FOLP	1203	573	1190	568
VV1_RS08070	92	183	132	307
VV1_RS08090	21664	29386	21632	29312
VV1_RS08095	2403	4747	2343	4618
VV1_RS08110	244	526	244	512
VV1_RS08115	177	618	165	604
VV1_RS08120	1519	2260	1513	2250
VV1_RS08145	1576	1158	1536	1152
VV1_RS08150	3156	1065	3151	1059
VV1_RS08160	3089	1192	5940	1705
VV1_RS08165	28947	3107	25238	2717
VV1_RS08170	17775	2540	17768	2536
VV1_RS08180	8506	2022	8260	1963
VV1_RS08190	1029	979	1025	975
VV1_RS08200	8963	4602	8915	4566
VV1_RS08205	1193	2028	1216	2057
VV1_RS08210	3220	1885	3120	1794
VV1_RS08215	1133	643	1128	643
VV1_RS08220	788	496	789	496
VV1_RS08240	709	1017	700	998
VV1_RS08245	220	357	214	354
VV1_RS08270	71	47	63	41
VV1_RS08275	214	281	214	279
VV1_RS08285	174	152	212	187
VV1_RS08300	568	582	564	579
VV1_RS08305	304	389	302	384
VV1_RS08310	226	300	215	293
VV1_RS08315	375	306	372	301
VV1_RS08320	1076	1031	688	699
VV1_RS08325	45	36	39	35
VV1_RS08330	419	118	419	118
VV1_RS08335	356	203	356	201
VV1_RS08345	353	32	349	32
VV1_RS08350	3500	47	2998	38
VV1_RS08375	9850	199	8568	169
VV1_RS08380	7824	402	7042	397
VV1_RS08385	1196	135	1083	124
VV1_RS08395	1760	785	1753	784
VV1_RS08400	3748	812	3750	829
VV1_RS08425	1449	6399	1452	6394
VV1_RS08430	11483	14690	11465	14693
VV1_RS08435	943	1402	934	1396
VV1_RS08445	5430	4338	5394	4326
VV1_RS08455	38371	1278	37894	1261
VV1_RS08460	9254	8124	9899	8608
VV1_RS08470	107	106	107	103
VV1_RS08475	3478	512	3460	502
VV1_RS08480	1087	1133	1082	1131
VV1_RS08505	604	7801	618	7800
VV1_RS08520	125	143	125	137
VV1_RS08575	5032	3137	4533	2766
VV1_RS08580	245	253	323	317
VV1_RS08595	1901	1211	2039	1298
VV1_RS08605	22213	8111	22159	8099
VV1_RS08610	9220	4441	9289	4479
VV1_RS08615	3325	1489	3315	1475
VV1_RS08620	4753	1901	4748	1899
VV1_RS08630	9145	5564	9146	5564
VV1_RS08635	282	403	279	402
VV1_RS08645	3923	3319	3888	3304
VV1_RS08650	1407	1046	1397	1037
VV1_RS08655	1078	1674	1014	1594
VV1_RS08660	1291	1001	1318	1020
VV1_RS08665	203	272	201	270
VV1_RS08670	445	332	421	299
VV1_RS08685	35361	33016	34772	32447
VV1_RS08690	2334	2904	2301	2850
VV1_RS08695	216	283	213	275
VV1_RS08705	135	164	199	290
VV1_RS08760	6257	406	5798	329
VV1_RS08770	489	174	475	173
VV1_RS08780	4005	8848	3969	8812
VV1_RS08785	1684	1756	1681	1752
VV1_RS08810	2965	1314	2979	1338
VV1_RS08815	375	211	374	211
VV1_RS08820	239	240	237	240
VV1_RS08825	8585	6295	8541	6274
VV1_RS08830	8476	7292	8824	7927
VV1_RS08850	2004	1242	2003	1242
VV1_RS08870	5839	2509	5831	2508
VV1_RS08875	1364	1388	1753	1688
VV1_RS08890	1001	577	999	577
VV1_RS08895	386	241	386	239
VV1_RS08900	206	193	203	171
VV1_RS08905	692	1885	696	1904
VV1_RS08910	2836	2807	2782	2758
VV1_RS08920	1420	1313	1421	1318
VV1_RS08925	3487	2627	3475	2619
VV1_RS08930	1445	1453	1445	1451
VV1_RS08935	2320	2124	2317	2118
VV1_RS08940	287	146	416	236
VV1_RS08970	2220	2157	2110	2064
VV1_RS08980	5187	5120	5182	5113
VV1_RS08990	579	695	578	684
VV1_RS08995	2064	2151	2056	2133
VV1_RS09015	4708	3137	5540	3524
VV1_RS09025	1400	1117	1303	1006
VV1_RS09045	10031	6856	9993	6817
VV1_RS09055	377	878	362	859
VV1_RS09060	2310	4797	2302	4793
VV1_RS09095	2635	4348	2630	4334
VV1_RS09100	5560	4197	5507	4174
VV1_RS09105	132478	105904	132817	106039
VV1_RS09110	65580	35070	65485	35034
VV1_RS09135	8791	3899	8709	3869
VV1_RS09140	1824	1337	1822	1335
VV1_RS09145	1302	1753	1276	1728
VV1_RS09235	11849	12016	11813	11942
VV1_RS09250	17380	9523	13040	7503
VV1_RS09255	24945	18043	24667	17917
VV1_RS09260	3523	3079	3431	2989
VV1_RS09265	5126	5220	5135	5218
VV1_RS09270	12191	10290	12179	10276
VV1_RS09285	2490	1255	2495	1253
VV1_RS09290	880	666	874	668
VV1_RS09295	494	355	494	355
VV1_RS09310	1018	978	1017	973
VV1_RS09325	689	477	675	468
VV1_RS09330	1533	1678	1517	1653
VV1_RS09335	572	553	522	492
VV1_RS09340	1074	358	1059	357
VV1_RS09345	5093	1897	5083	1887
VV1_RS09365	18666	8330	18646	8346
VV1_RS09380	3222	3518	3215	3508
VV1_RS09385	4679	8618	4679	8612
VV1_RS09390	195	39	195	39
VV1_RS09410	2548	2178	2539	2169
VV1_RS09420	1930	1437	1892	1410
VV1_RS09435	10638	1509	11107	1572
VV1_RS09440	1377	1487	1378	1487
VV1_RS09455	1774	1357	1755	1345
VV1_RS09460	16075	40563	15954	40463
VV1_RS09465	3488	3569	3497	3597
VV1_RS09500	140	139	124	130
VV1_RS09505	1304	1029	1304	1027
VV1_RS09510	541	185	516	175
VV1_RS09515	288	256	292	258
VV1_RS09545	170	107	186	131
VV1_RS09565	326	491	326	491
VV1_RS09695	839	317	846	318
VV1_RS09705	4415	15413	4360	15211
VV1_RS09720	153	146	152	144
VV1_RS09725	824	214	811	208
VV1_RS09740	21011	9285	20308	8984
VV1_RS09745	64903	4272	64795	4267
VV1_RS09750	13941	4263	13795	4228
VV1_RS09760	1944	3749	2077	4038
VV1_RS09775	4491	7485	4433	7361
VV1_RS09785	1903	3768	1851	3640
VV1_RS09795	1034	1278	1020	1265
VV1_RS09800	2468	3828	2456	3805
VV1_RS09810	684	714	743	750
VV1_RS09815	749	775	743	772
VV1_RS09820	830	742	848	745
VV1_RS09830	1125	1189	1178	1223
VV1_RS09835	1675	1519	1675	1524
VV1_RS09850	869	587	865	583
VV1_RS09855	267	180	261	178
VV1_RS09860	3135	4012	3012	3923
VV1_RS09865	7058	6961	7045	6945
VV1_RS09870	13473	10646	13469	10646
VV1_RS09880	240	154	238	149
VV1_RS09890	151	417	151	418
VV1_RS09895	397	215	374	209
VV1_RS09900	43384	384523	43361	384238
VV1_RS09905	7415	32620	7264	32019
VV1_RS09915	384	3233	400	3382
VV1_RS09920	944	17139	817	16614
VV1_RS09925	121	2284	121	2283
VV1_RS09930	93	541	93	538
VV1_RS09940	3985	1872	3952	1861
VV1_RS09945	1754	6820	1751	6810
VV1_RS09960	229	113	228	113
VV1_RS09975	1821	1434	1826	1430
VV1_RS09980	1232	970	1232	969
VV1_RS09985	11055	17087	11036	17059
VV1_RS10010	1264	1063	765	726
VV1_RS10025	3552	4303	3529	4264
VV1_RS10050	960	1031	1063	1182
VV1_RS10060	77	87	84	87
VV1_RS10070	1144	948	1140	948
VV1_RS10080	1361	1386	1363	1386
VV1_RS10085	3709	1293	3708	1294
VV1_RS10090	863	733	858	725
VV1_RS10095	1531	1397	1527	1398
VV1_RS10100	2033	2403	2031	2393
VV1_RS10110	425	585	425	585
VV1_RS10125	3154	1363	2641	1092
VV1_RS10130	2703	908	2696	905
VV1_RS10135	1243	863	1241	863
VV1_RS10140	279	296	305	332
VV1_RS10145	115	163	1081	790
VV1_RS10150	746	610	740	601
VV1_RS10165	574	410	570	408
VV1_RS10180	14989	7326	14826	7239
VV1_RS10185	3881	4029	3871	4016
VV1_RS10205	4913	2731	4897	2724
VV1_RS10215	2225	2034	2225	2036
VV1_RS10230	4288	3326	4326	3306
VV1_RS10235	5191	4461	5175	4449
VV1_RS10240	219	140	218	140
VV1_RS10255	142	115	139	106
VV1_RS10265	5745	6755	5726	6723
VV1_RS10360	803	901	634	675
VV1_RS10365	654	469	625	440
VV1_RS10370	4470	4392	4104	4122
VV1_RS10375	146	111	132	111
VV1_RS10380	10344	568	10323	577
VV1_RS10390	329	263	274	203
VV1_RS10395	1797	1779	1764	1752
VV1_RS10400	316	292	321	309
VV1_RS10405	2208	904	2129	894
VV1_RS10410	1087	451	1089	460
VV1_RS10415	50079	4873	49666	4837
VV1_RS10420	3515	787	3490	750
VV1_RS10425	57	25	60	30
VV1_RS10435	349	288	335	271
VV1_RS10445	3747	20795	3512	19585
VV1_RS10450	9133	28993	9129	28989
VV1_RS10460	544	3176	531	3034
VV1_RS10465	174	578	161	551
VV1_RS10470	335	586	336	583
VV1_RS10480	904	468	902	467
VV1_RS10485	245	72	244	72
VV1_RS10490	638	302	623	293
VV1_RS10505	2263	3152	2232	3133
VV1_RS10520	286	185	284	185
VV1_RS10530	124	134	121	131
VV1_RS10535	637	588	637	585
VV1_RS10540	559	757	558	756
VV1_RS10550	585	377	565	373
VV1_RS10555	863	565	858	563
VV1_RS10560	98	100	59	93
VV1_RS10570	21214	1130	27223	1361
VV1_RS10575	3759	22593	3716	22434
VV1_RS10580	203	142	201	138
VV1_RS10610	3020	156	3003	146
VV1_RS10625	3175	3138	3179	3136
VV1_RS10630	1424	189	1417	188
VV1_RS10635	4845	276	4712	269
VV1_RS10640	508	353	507	351
VV1_RS10650	734	1326	707	1290
VV1_RS10665	23276	6681	23204	6669
VV1_RS10680	3081	3918	3082	3920
VV1_RS10685	3261	2341	3258	2339
VV1_RS10705	1850	2940	1829	2865
VV1_RS10710	4169	3968	4901	4621
VV1_RS10720	458	780	457	780
VV1_RS10725	13883	5002	13656	4880
VV1_RS10730	849	495	847	491
VV1_RS10735	4262	1845	4094	1817
VV1_RS10745	3732	5707	3719	5677
VV1_RS10750	1915	5196	1910	5188
VV1_RS10755	619	461	619	460
VV1_RS10760	847	450	841	449
VV1_RS10765	66	50	66	48
VV1_RS10770	4990	828	5197	870
VV1_RS10775	93	152	90	110
VV1_RS10780	228	225	228	219
VV1_RS10785	491	66	490	65
VV1_RS10790	7915	1116	7922	1113
VV1_RS10800	2880	2117	2581	1971
VV1_RS10825	1180	6798	1176	6781
VV1_RS10830	69	79	68	79
VV1_RS10835	962	181	962	179
VV1_RS10850	585	788	578	787
VV1_RS10870	259	174	263	175
VV1_RS10875	125	110	124	110
VV1_RS10885	356	342	355	341
VV1_RS10895	1478	680	1473	679
VV1_RS10900	3434	1644	3324	1585
VV1_RS10910	1931	1051	1925	1045
VV1_RS10920	1910	352	1844	341
VV1_RS10925	7645	665	7505	645
VV1_RS10930	6851	241	6857	241
VV1_RS10935	734	542	755	559
VV1_RS10955	1513	809	1718	941
VV1_RS10980	485	535	482	530
VV1_RS10985	189	237	208	263
VV1_RS10995	341	580	334	558
VV1_RS11000	192	337	192	334
VV1_RS11005	41	105	41	105
VV1_RS11010	54	72	61	77
VV1_RS11015	37	38	37	38
VV1_RS11030	268	97	268	97
VV1_RS11040	164	124	164	124
VV1_RS11045	4181	2161	4206	2157
VV1_RS11070	76	83	76	83
VV1_RS11100	1286	658	1270	650
VV1_RS11105	4207	2257	4214	2267
VV1_RS11115	156	101	158	109
VV1_RS11130	1526	1888	1484	1808
VV1_RS11140	26	72	26	76
VV1_RS11145	3438	1716	3992	1931
VV1_RS11155	103	55	98	55
VV1_RS11160	343	200	341	198
VV1_RS11165	9947	1414	9922	1413
VV1_RS11180	2301	3116	2289	3107
VV1_RS11185	1843	908	1817	891
VV1_RS11190	1839	1964	1837	1963
VV1_RS11200	25484	4091	25516	4092
VV1_RS11205	567	719	567	719
VV1_RS11215	2268	497	2044	451
VV1_RS11225	639	584	639	584
VV1_RS11230	461	558	454	553
VV1_RS11235	238	141	238	141
VV1_RS11240	4032	2213	4033	2210
VV1_RS11245	4954	26641	4854	26075
VV1_RS11255	16224	6037	16225	6034
VV1_RS11260	123	45	123	45
VV1_RS11270	545	102	503	97
VV1_RS11275	363	213	356	212
VV1_RS11285	750	189	745	188
VV1_RS11290	1056	720	1054	720
VV1_RS11295	1368	749	1359	741
THRS	11831	16740	11815	16708
VV1_RS11320	417	365	424	370
VV1_RS11675	1350	1172	1464	1225
VV1_RS11900	2490	1210	2851	1376
VV1_RS12160	296	284	244	251
VV1_RS12210	532	1093	673	1173
VV1_RS12215	1164	1153	1163	1161
VV1_RS12225	23095	1295	23061	1298
VV1_RS12230	2141	484	1988	463
VV1_RS12235	1791	517	1789	514
VV1_RS12255	278	472	296	478
VV1_RS12265	12483	920	12026	896
VV1_RS12275	2671	692	2660	684
VV1_RS12285	2540	579	2666	601
VV1_RS12290	971	255	909	249
VV1_RS12295	6551	4517	6555	4517
VV1_RS12300	9116	3938	9410	4022
VV1_RS12305	4604	2083	4423	1983
VV1_RS12310	441	367	428	355
VV1_RS12320	759	300	746	298
VV1_RS12330	3313	8707	3239	8571
VV1_RS12345	6777	1342	6362	1279
VV1_RS12350	1805	530	1799	531
VV1_RS12360	5100	2192	4998	2158
VV1_RS12365	827	363	826	363
VV1_RS12370	1341	525	1334	517
VV1_RS12395	225	1400	223	1385
VV1_RS12400	2532	1992	2507	1968
POTD	1689	1104	2627	2114
VV1_RS12430	283	157	283	157
VV1_RS12435	1195	227	1187	223
VV1_RS12440	375	175	374	174
VV1_RS12445	457	206	456	205
VV1_RS12450	27609	10041	24514	9087
VV1_RS12455	28722	10315	28715	10315
VV1_RS12460	196	159	199	162
VV1_RS12480	6564	5397	6558	5393
VV1_RS12490	15875	10494	15872	10490
VV1_RS12495	8331	7387	8328	7395
VV1_RS12505	3382	2381	3371	2365
VV1_RS12510	3376	1086	3373	1084
VV1_RS12515	1864	1337	1858	1332
VV1_RS12535	1184	503	1183	504
VV1_RS12555	3365	1608	3488	1634
VV1_RS12575	3149	1109	3107	1101
VV1_RS12590	532	442	547	468
VV1_RS12595	7064	9149	6987	9045
VV1_RS12600	7086	4666	7029	4581
VV1_RS12610	4469	1444	4457	1443
VV1_RS12615	581	508	585	514
VV1_RS12620	2181	862	2151	853
VV1_RS12630	2962	2276	2815	2087
VV1_RS12635	1147	952	1141	949
VV1_RS12645	638	641	624	627
VV1_RS12660	688	286	687	286
VV1_RS12670	29	95	28	95
VV1_RS12675	140	261	139	261
VV1_RS12680	47	74	47	73
VV1_RS12685	129	134	128	134
VV1_RS12690	723	739	723	736
VV1_RS12695	2334	1508	2318	1504
VV1_RS12710	179	179	177	179
VV1_RS12720	59	67	58	67
VV1_RS12725	28	59	28	59
VV1_RS12730	174	106	172	105
VV1_RS12735	117	76	128	86
VV1_RS12750	262	438	262	435
VV1_RS12780	4004	2079	3558	1785
VV1_RS12785	1653	891	1597	872
VV1_RS12790	3619	1326	3511	1318
VV1_RS12795	923	685	918	683
VV1_RS12800	1082	648	1081	648
VV1_RS12815	2606	2646	1832	1917
VV1_RS12820	670	503	665	502
VV1_RS12825	479	402	463	391
VV1_RS12830	2470	1210	2463	1206
VV1_RS12835	14575	12285	20923	15353
VV1_RS12845	478	1146	478	1145
VV1_RS12855	1802	2197	1802	2196
VV1_RS12865	957	97	964	97
VV1_RS12880	1260	964	1260	961
VV1_RS12885	8362	25263	7746	22799
VV1_RS12890	528	1702	545	1735
VV1_RS12895	826	2141	828	2125
VV1_RS12900	3642	8361	3632	8351
VV1_RS12925	11407	9691	11334	9633
VV1_RS12945	13181	11560	13627	11767
VV1_RS12950	29029	18104	28620	17873
VV1_RS12960	743	146	742	143
VV1_RS12965	418	204	417	202
VV1_RS12970	288	235	288	235
VV1_RS12975	425	357	418	346
VV1_RS12980	1170	157	1180	158
VV1_RS12985	475	317	477	319
VV1_RS12990	501	346	498	345
VV1_RS13025	1202	651	1168	644
VV1_RS13035	940	277	937	277
VV1_RS13045	41	304	44	325
VV1_RS13055	157	182	156	177
VV1_RS13070	58	326	54	325
VV1_RS13080	2096	1334	2093	1332
VV1_RS13095	1122	3206	1092	3162
VV1_RS13100	4470	943	4402	900
VV1_RS13105	28	22	28	22
VV1_RS13110	16	15	16	15
VV1_RS13115	88	56	84	51
VV1_RS13125	35	28	35	29
VV1_RS13130	5357	1279	5350	1273
VV1_RS13150	346	332	341	331
VV1_RS13165	2414	1413	2412	1411
VV1_RS13170	2422	1849	2415	1841
VV1_RS13180	155	263	159	263
VV1_RS13190	698	300	692	297
VV1_RS13195	5002	816	5394	876
VV1_RS13200	2197	215	2207	214
VV1_RS13205	210	310	175	266
VV1_RS13215	188	487	206	488
VV1_RS13220	201	38	216	41
VV1_RS13245	10329	468	10303	465
VV1_RS13250	567	913	560	910
VV1_RS13265	220	110	215	110
VV1_RS13270	487	194	462	184
VV1_RS13275	5752	2274	5683	2249
VV1_RS13280	4900	7297	4879	7245
VV1_RS13285	937	1354	939	1354
VV1_RS13305	5075	187	4870	180
VV1_RS13320	79	122	80	121
VV1_RS13340	3684	3594	3676	3589
VV1_RS13350	3345	2972	3336	2961
VV1_RS13355	1121	701	1117	696
VV1_RS13360	121	34	223	85
VV1_RS13365	1747	1106	1745	1103
VV1_RS13370	722	382	722	382
VV1_RS13380	292	209	292	211
VV1_RS13385	9195	8075	9172	8101
VV1_RS13390	341	190	338	188
VV1_RS13395	319	286	316	292
VV1_RS13400	1629	10374	1693	10659
VV1_RS13405	5905	7011	5926	7021
VV1_RS13430	2292	1997	2285	1993
VV1_RS13435	423	1005	424	1005
VV1_RS13445	1495	675	1466	668
VV1_RS13450	34934	7887	34938	7886
VV1_RS13455	25235	2695	25237	2697
VV1_RS13465	1201	759	1198	759
VV1_RS13470	2067	3552	2067	3551
VV1_RS13475	27146	2804	25485	2605
VV1_RS13480	5594	196	5592	193
VV1_RS13490	322	143	322	143
VV1_RS13495	1340	671	1333	672
VV1_RS13500	170	97	171	96
VV1_RS13505	2240	2858	2210	2825
VV1_RS13510	274	293	272	289
VV1_RS13515	121	214	113	200
VV1_RS13520	339	949	374	1045
VV1_RS13525	372	153	371	153
VV1_RS13530	526	250	582	298
VV1_RS13540	7612	5949	7318	6377
VV1_RS13545	2941	1639	2722	1430
VV1_RS13555	536	204	536	204
VV1_RS13560	396	316	396	316
VV1_RS13565	2393	1336	2370	1335
VV1_RS13585	1894	1216	2052	1338
VV1_RS13590	160	184	165	186
VV1_RS13595	214	148	189	125
VV1_RS13600	49	44	39	40
VV1_RS13605	461	1059	461	1060
VV1_RS13610	202	158	190	156
VV1_RS13615	486	266	482	265
VV1_RS13620	29	13	25	12
VV1_RS13625	133	214	132	213
VV1_RS13630	2314	2671	2310	2671
VV1_RS13635	3188	17374	3162	17221
VV1_RS13645	1836	5202	1823	5173
VV1_RS13655	3990	4304	3969	4273
VV1_RS13665	4659	4490	4709	4502
VV1_RS13680	16042	5715	16029	5705
VV1_RS13685	736	1565	721	1541
VV1_RS13690	6231	1277	5665	1245
VV1_RS13695	989	239	983	239
VV1_RS13700	220	91	450	196
VV1_RS13705	701	326	528	235
VV1_RS13710	272	150	296	162
VV1_RS13725	1244	863	1247	858
VV1_RS13745	927	255	925	255
VV1_RS13755	6355	4508	6342	4497
VV1_RS13760	4348	2342	4012	2165
VV1_RS13770	1892	213	1892	219
VV1_RS13775	209	174	209	176
VV1_RS13780	996	2835	991	2825
VV1_RS13795	1161	134	1027	119
VV1_RS13825	329	329	329	329
VV1_RS13830	1950	442	1942	441
VV1_RS13840	1240	1974	1141	1804
VV1_RS13845	634	1290	537	1077
VV1_RS13850	1893	4432	1888	4405
VV1_RS13860	1617	3846	1612	3840
VV1_RS13865	3465	6506	3443	6456
VV1_RS13880	587	276	639	307
VV1_RS13890	1602	2082	1489	1938
VV1_RS13905	6826	2581	6738	2532
VV1_RS13910	1779	1252	1779	1251
VV1_RS13930	1901	1418	1857	1390
VV1_RS13935	347	269	343	265
VV1_RS13955	10167	971	10067	958
VV1_RS13965	810	8488	807	8484
VV1_RS13975	629	240	623	240
VV1_RS13985	10977	12294	10954	12257
VV1_RS13990	421	332	416	330
VV1_RS14010	9157	7168	9143	7169
VV1_RS14025	6117	2492	5087	2195
VV1_RS14030	119	178	114	165
VV1_RS14045	722	254	687	248
VV1_RS14050	608	276	606	277
VV1_RS14060	933	1126	835	1032
VV1_RS14065	345	341	338	338
VV1_RS14070	717	588	711	583
VV1_RS14075	949	391	1009	414
VV1_RS14085	2250	1477	2504	1572
VV1_RS14110	2071	6045	2167	6323
VV1_RS14115	1375	1140	1475	1329
VV1_RS14120	476	1022	473	1022
VV1_RS14125	2124	723	2124	722
VV1_RS14130	14712	7095	14629	7064
VV1_RS14155	4262	2223	4266	2218
VV1_RS14160	556	411	556	411
VV1_RS14165	718	296	688	294
VV1_RS14170	799	403	793	399
VV1_RS14180	13532	3861	13497	3853
VV1_RS14185	21748	2678	21701	2599
VV1_RS14190	26698	3234	26699	3242
VV1_RS14195	13063	2516	13292	2599
VV1_RS14205	720	2850	718	2835
VV1_RS14215	142611	84554	142027	84204
VV1_RS14220	346	415	346	414
VV1_RS14235	1090	923	1091	923
VV1_RS14240	1030	817	1020	799
VV1_RS14245	852	851	851	849
VV1_RS14260	714	483	712	482
VV1_RS14265	714	301	714	299
VV1_RS14270	651	224	652	224
VV1_RS14290	2826	534	2865	541
VV1_RS14295	6959	3418	6911	3395
VV1_RS14300	204	289	204	289
VV1_RS14310	342	372	342	372
VV1_RS14320	2187	1451	2187	1452
VV1_RS14325	2925	5752	2893	5699
VV1_RS14335	8411	661312	8433	661538
VV1_RS14355	3831	480	3829	480
VV1_RS14360	14136	809	14021	804
VV1_RS14365	6691	424	5600	388
VV1_RS14385	530	172	528	172
VV1_RS14390	5636	4226	5544	4183
VV1_RS14400	711	220	697	211
VV1_RS14405	402	593	404	569
VV1_RS14420	4319	2639	4297	2631
VV1_RS14425	2177	4289	2179	4290
VV1_RS14435	402	468	268	396
VV1_RS14440	1048	1257	1049	1258
VV1_RS14445	2419	1786	2179	1704
VV1_RS14495	623	535	623	532
VV1_RS14510	2514	975	2500	974
VV1_RS14515	667	5947	666	5946
VV1_RS14520	1425	1254	1444	1265
VV1_RS14525	1403	869	1363	854
VV1_RS14535	1634	3900	1639	3935
VV1_RS14555	3861	7221	3739	7006
VV1_RS14565	1179	3385	1174	3379
VV1_RS14595	10702	2694	10142	2583
VV1_RS14600	324	451	325	450
VV1_RS14610	1031	638	1032	638
VV1_RS14620	6380	5926	6054	5813
VV1_RS14650	6452	1843	5869	1618
VV1_RS14660	54719	15765	55341	16157
VV1_RS14665	6008	6272	5697	6249
VV1_RS14700	820	379	819	384
VV1_RS14705	493	229	493	226
VV1_RS14710	620	442	621	441
VV1_RS14725	10987	10014	10402	9516
VV1_RS14730	184	268	184	267
VV1_RS14735	141	204	140	203
VV1_RS14740	962	1125	957	1121
VV1_RS14760	4362	177	4354	171
VV1_RS14765	125187	637806	125141	637632
VV1_RS14770	418	178	406	167
VV1_RS14775	260	230	260	232
VV1_RS14785	7120	23755	7082	23627
VV1_RS14790	237	157	233	157
VV1_RS14795	1539	520	1516	514
VV1_RS14800	5823	1373	5802	1364
VV1_RS14805	2911	2772	2831	2663
VV1_RS14815	1513	845	1540	862
VV1_RS14825	629	247	621	246
VV1_RS14845	1533	882	1513	879
VV1_RS14850	3160	2041	3146	2040
VV1_RS14855	121	84	120	82
FADH	4584	1261	4417	1219
VV1_RS14875	2335	3880	2315	3862
VV1_RS14890	1906	771	1904	770
VV1_RS14900	22791	72953	22827	73230
VV1_RS14905	715	7249	688	7089
VV1_RS14910	761	593	766	604
VV1_RS14925	13402	2333	13385	2331
VV1_RS14935	46135	7271	43874	6923
VV1_RS14950	1313	1039	1308	1035
VV1_RS14965	10231	664	11058	722
VV1_RS14980	813	1004	808	997
VV1_RS14985	584	1335	583	1341
VV1_RS15005	3532	3954	3504	3919
VV1_RS15015	1180	1063	1177	1052
VV1_RS15020	394	206	392	204
VV1_RS15035	1621	2985	1628	2997
VV1_RS15040	2758	6332	2655	6053
VV1_RS15055	1881	413	1882	413
VV1_RS15060	743	3572	740	3573
