	IAI1_chemostat1	IAI1_chemostat2	IAI1_starvation1	IAI1_starvation2
thrA	7733	7707	516	392
thrB	2660	2674	291	226
thrC	4664	4889	418	342
yaaA	373	299	132	141
yaaJ	63	51	56	37
talB	3420	3203	2119	2186
htpY	23	22	36	44
dnaK	11029	10408	38708	31936
dnaJ	1931	1802	3575	2924
nhaA	509	446	1313	1120
nhaR	190	155	83	56
ribF	1544	1257	424	345
ileS	5972	5433	1813	1351
ispH	917	796	170	96
rihC	325	285	80	83
dapB	912	940	199	177
carA	2259	1927	30	22
carB	5096	4789	105	81
caiD	39	37	15	15
caiB	29	21	20	22
caiA	90	45	32	38
caiT	9	6	12	6
fixA	34	31	5	8
fixB	26	27	6	8
fixC	25	18	7	3
yaaU	13	12	10	7
kefC	243	207	106	89
apaH	286	212	48	33
ksgA	692	611	151	116
surA	4656	4226	1267	971
imp	5115	4536	1877	1379
djlA	282	200	153	84
rluA	72	73	51	33
hepA	285	279	126	100
polB	96	82	128	121
araD	29	29	25	20
araA	166	149	185	115
araC	1380	1103	915	795
yabI	473	392	345	240
thiQ	105	95	11	12
tbpA	406	338	30	26
setA	659	538	264	176
leuD	2258	2037	257	183
leuC	3221	2907	202	183
leuB	2973	2688	249	210
leuA	3664	4258	353	284
leuO	395	344	254	149
ilvI	4333	3966	499	420
fruR	3405	3152	2007	1479
mraW	1224	1032	1073	916
ftsI	1102	858	620	515
murE	1364	1164	533	329
murF	1043	823	333	256
mraY	948	818	447	289
murD	1451	1295	540	380
ftsW	1367	1084	460	334
murG	957	890	310	217
murC	1494	1327	374	276
ddlB	1459	1257	727	505
ftsQ	1356	1156	768	507
ftsA	3017	2681	1343	952
ftsZ	6873	6163	2924	2249
lpxC	9956	8076	20011	17616
secA	5438	5031	3531	2597
yacF	298	255	228	147
coaE	353	359	316	213
guaC	908	844	176	163
hofC	50	40	10	16
hofB	58	50	29	26
nadC	156	164	98	93
ampE	583	495	294	196
aroP	5059	4688	854	668
pdhR	522	434	431	362
aceE	19329	17814	6025	4554
aceF	10550	9699	5038	3665
lpd	40564	37410	18556	14522
acnB	51359	46513	20053	17003
speD	918	985	241	199
speE	1317	1319	419	325
cueO	350	299	117	69
gcd	140	102	96	75
can	2397	2106	633	515
yadG	460	427	137	102
yadH	326	320	306	253
yadD	529	404	175	188
panC	1359	1278	584	551
yadL	46	48	59	54
ecpD	3	6	6	3
pcnB	1401	1277	108	104
yadB	273	216	57	48
sfsA	1647	1403	5147	4692
mrcB	1877	1679	459	361
fhuA	7427	6129	5334	4166
fhuC	609	470	160	114
fhuD	268	176	24	19
hemL	1906	1718	706	583
clcA	651	567	345	244
yadS	191	187	54	66
btuF	227	179	31	20
pfs	1091	1009	1527	1175
dgt	639	572	237	195
degP	5958	5536	1649	1232
cdaR	591	493	820	730
dapD	4065	4168	1063	829
glnD	484	429	286	250
map	1286	1091	1095	882
rpsB	20815	19475	1747	1617
tsf	12513	12785	828	706
pyrH	1701	1753	322	264
dxr	619	514	284	236
ispU	2978	2516	383	296
cdsA	1216	1005	269	216
yaeL	4575	4034	881	616
yaeT	13083	12086	1754	1354
lpxD	4387	4059	1128	765
lpxA	2564	2419	626	501
lpxB	1377	1148	163	104
dnaE	2143	1935	303	247
accA	3429	3271	673	537
ldcC	209	171	191	135
nlpE	320	317	164	106
proS	3524	3307	487	403
yaeB	59	54	20	18
metQ	11363	10305	1978	1296
metI	2168	1948	716	383
metN	2330	2032	801	494
dkgB	337	264	154	129
yafC	294	274	309	219
yafD	852	757	1021	812
mltD	11777	10698	647	489
gloB	390	308	160	143
yafS	281	254	180	173
dnaQ	587	487	420	355
yafT	17	15	6	1
yafV	165	140	103	98
fadE	1180	943	947	708
yafJ	379	308	385	286
yafK	739	624	244	209
dinB	79	64	116	81
pepD	3004	2770	958	755
frsA	368	293	423	322
phoE	106	82	135	108
proB	856	731	309	242
proA	1435	1276	511	394
yagR	15	13	25	16
yagS	6	1	4	4
yagT	7	3	5	10
yagU	252	222	185	138
yagV	305	620	31	9
yagW	921	1960	67	38
yagX	1336	2834	141	46
yagY	545	1316	90	29
insF	44	45	26	20
ykgC	66	39	41	15
ykgD	90	77	48	38
ykgE	1456	1206	637	615
ykgF	2370	2116	1122	890
ykgG	1193	1037	726	545
betA	173	166	66	62
betT	346	292	206	169
yahB	144	123	103	69
yahD	35	25	20	13
yahG	4	8	5	7
yahI	19	17	11	1
yahJ	82	68	38	18
yahK	283	289	340	198
yahN	47	39	338	371
prpR	131	95	110	70
prpB	58	55	130	130
prpC	103	74	108	128
prpD	154	106	150	113
prpE	272	194	213	215
codB	368	404	33	17
codA	479	479	87	69
cynT	17	16	7	14
cynX	18	8	9	9
lacY	32	31	63	74
lacI	737	594	642	426
mhpR	1601	1421	2249	1796
mhpB	15	13	7	4
mhpC	38	33	5	12
mhpD	31	26	5	5
mhpF	39	44	12	12
mhpE	57	51	16	16
mhpT	53	54	28	32
frmA	398	395	37	32
yaiO	55	52	200	124
yaiP	17	12	14	9
tauA	32	39	10	5
tauB	20	21	7	6
tauD	30	25	14	8
hemB	962	882	275	237
yaiV	13	11	35	48
ampH	285	239	57	45
sbmA	212	182	62	62
yaiW	341	313	140	104
ddlA	2134	1798	935	657
phoA	224	182	118	92
yaiC	23	21	22	21
proC	178	170	91	82
aroM	82	79	41	28
rdgC	1013	991	134	90
mak	504	434	382	289
araJ	127	95	81	61
sbcD	284	241	80	39
phoB	189	179	83	64
phoR	154	169	72	65
brnQ	208	179	1098	922
proY	246	217	226	200
malZ	309	313	98	73
queA	100	84	15	11
tgt	2801	2474	393	304
secD	7061	6604	803	590
secF	3694	3517	986	735
tsx	5387	4529	2529	2090
ribD	625	576	404	343
thiL	256	196	53	48
yajO	1319	1105	771	591
dxs	1110	1009	184	125
ispA	657	600	118	71
thiI	393	372	88	66
panE	247	217	160	126
yajR	295	243	111	88
cyoE	4450	4195	4497	3191
cyoC	3149	2924	2000	1489
cyoB	14175	13076	7169	5204
cyoA	10111	9355	5595	4113
ampG	199	163	20	14
tig	16101	15870	619	470
clpP	1534	1412	915	686
clpX	5279	4755	5600	4565
lon	5722	5384	3583	2628
ppiD	7845	7258	2736	2008
queC	477	468	166	133
ybaE	340	300	459	394
cof	163	155	463	411
mdlA	255	207	81	54
mdlB	173	157	38	30
amtB	92	75	77	56
tesB	167	163	125	93
ylaB	222	205	130	106
acrB	6312	5874	1861	1318
acrA	3166	3001	710	513
acrR	403	334	191	154
kefA	1403	1367	376	271
dnaX	969	819	134	96
recR	599	537	53	35
htpG	4626	4260	8461	6993
adk	3774	3686	328	266
hemH	207	193	84	69
aes	279	227	265	221
gsk	514	413	53	40
ybaL	599	489	235	216
fsr	159	114	60	67
ushA	1683	1453	472	365
ybaP	91	70	77	46
copA	537	476	563	416
ybaS	23	32	19	17
ybaT	47	41	28	18
ybbK	651	532	863	655
ybbL	211	178	141	116
ybbM	223	209	107	77
ybbN	735	728	584	470
ybbO	134	129	75	61
tesA	246	221	208	185
ybbA	177	136	148	127
ybbP	393	314	219	163
ybbB	68	61	28	19
ybbS	13	16	14	19
allR	894	693	1329	1199
gcl	34	41	15	22
hyi	14	12	13	12
glxR	16	17	10	4
ybbW	23	21	68	45
allB	120	127	458	279
ybbY	13	16	16	17
glxK	92	89	109	77
ylbA	228	210	172	156
allC	181	129	99	66
allD	72	65	25	22
ylbE	49	28	20	23
ylbF	14	18	15	12
ybcF	38	21	8	6
purK	886	717	22	19
lpxH	281	242	35	15
cysS	956	920	154	118
folD	551	512	329	293
sfmC	17	14	70	46
sfmH	10	8	11	6
fimZ	6	7	13	10
envY	36	38	31	22
ybcH	27	33	51	41
nfrB	69	63	69	49
cusR	82	80	13	9
cusC	7	7	2	3
cusB	13	15	12	2
cusA	63	63	36	20
pheP	402	349	152	113
ybdG	498	468	295	241
nfnB	730	735	270	195
ybdK	22	17	75	73
fepA	2257	2096	402	279
fepC	178	133	54	28
fepG	118	83	69	40
fepD	78	64	85	56
ybdA	140	112	78	47
fepB	197	190	96	73
entC	280	205	77	59
entE	421	364	105	78
entB	533	515	100	68
entA	353	344	103	65
cstA	55920	48127	35384	26587
ybdH	1630	1336	1377	885
ybdL	178	148	260	121
ibrB	47	38	39	38
ibrA	22	14	21	10
ybdO	24	12	18	10
dsbG	182	187	94	78
ahpF	2669	2552	726	554
ybdR	75	52	70	56
rna	199	171	339	288
citT	37	24	21	31
citG	8	6	0	1
citF	4	3	2	4
citE	7	7	5	5
citC	13	10	12	14
citA	167	174	72	49
citB	59	64	37	24
dcuC	49	37	23	17
lipA	1701	1412	2910	2398
ybeF	105	89	89	75
lipB	112	116	57	61
dacA	1078	936	268	239
rlpA	969	883	150	120
mrdB	480	390	61	36
mrdA	555	534	72	50
phpB	62	71	16	12
nadD	152	117	52	45
holA	497	418	73	60
leuS	6364	5826	2695	1959
ybeQ	186	167	157	148
ybeU	15	9	6	7
hscC	227	179	59	58
rihA	2423	2137	580	409
gltL	2822	2592	446	288
gltK	2036	1731	358	318
gltJ	2500	2328	437	295
gltI	30500	26909	8270	6517
ybeX	1574	1355	1069	823
ybeZ	1188	1059	1110	874
miaB	696	574	101	71
asnB	983	979	370	274
nagD	426	391	150	97
nagC	546	452	349	281
nagA	999	856	433	358
nagB	717	623	387	346
nagE	5721	5140	3071	2483
glnS	2770	2556	1210	995
ybfM	281	190	202	193
ybfF	248	219	95	93
pgm	8374	7844	3601	2561
potE	151	125	238	211
kdpE	57	39	54	45
kdpD	205	175	161	120
kdpB	74	96	17	11
ybgH	251	240	53	39
ybgI	1049	1005	472	324
ybgJ	781	697	282	218
ybgK	957	870	369	251
nei	166	140	53	37
abrB	20	23	21	18
gltA	13613	13498	8364	6295
sdhA	23844	22192	11232	8348
sdhB	11231	10027	4643	3540
sucA	39832	37801	20312	14620
sucB	28326	25864	9053	6169
sucC	46950	44087	11887	8454
sucD	37599	34805	12092	9334
mngR	168	123	101	95
mngA	24	33	7	13
cydA	12265	11184	4759	3368
cydB	7694	7219	3898	2924
tolQ	1022	891	164	89
tolA	1935	1734	352	257
tolB	9056	8126	2035	1455
ybgF	3364	3014	657	528
nadA	928	839	162	94
pnuC	585	564	173	124
zitB	200	192	207	169
aroG	2604	2485	1075	873
gpmA	7614	7320	3442	2385
galM	3530	3329	1011	859
galK	1099	1193	293	220
galT	500	479	138	122
galE	376	392	228	182
modF	1250	1117	334	251
modE	336	309	180	172
modA	629	466	137	131
modB	274	240	102	44
modC	533	415	101	72
ybhA	271	225	69	44
pgl	560	477	184	113
ybhD	45	37	49	42
ybhH	18	9	22	19
ybhI	914	805	223	199
ybhJ	102	85	22	34
ybhC	1938	1807	90	66
bioB	1312	1154	1001	641
bioC	326	252	47	33
bioD	366	292	34	22
uvrB	944	829	1150	977
ybhK	540	456	208	137
moaA	950	700	679	514
ybhL	615	554	1974	1791
ybhN	24	10	16	18
ybhO	26	12	31	16
ybhP	29	19	34	26
ybhR	114	78	78	64
ybhS	136	104	55	57
ybhF	382	261	143	87
ybhG	246	241	117	66
ybiH	77	58	58	37
rhlE	37	25	21	29
dinG	186	179	240	186
ybiB	269	238	259	183
ybiC	2114	2055	867	634
ybiX	85	98	71	53
fiu	84	62	77	42
ybiN	148	156	50	35
ybiO	65	47	56	51
glnQ	2476	2320	934	808
glnP	2172	2091	1233	1058
glnH	14207	12784	9485	7812
rhtA	82	50	28	21
ybiR	308	282	209	149
ybiS	1049	983	402	344
ybiT	1836	1668	399	306
ybiU	71	59	31	25
ybiV	153	135	72	41
ybiW	95	98	69	48
ybiY	22	16	5	3
fsaA	49	43	41	35
moeB	250	196	134	96
moeA	449	364	310	234
iaaA	1476	1289	404	283
yliA	1290	1151	224	162
yliB	1576	1446	255	195
yliC	506	437	57	47
yliD	352	280	28	25
yliE	180	149	20	20
yliF	58	50	47	25
yliG	323	276	50	83
yliI	40	36	70	61
yliJ	1277	1144	210	154
dacC	1052	945	1038	775
deoR	474	383	240	226
cmr	158	148	126	133
ybjI	223	202	71	51
ybjJ	88	87	53	53
ybjL	356	340	545	464
nfsA	458	383	146	114
rimK	394	349	91	92
potF	1608	1499	417	330
potG	727	605	122	103
potH	340	263	70	39
potI	315	221	118	97
rumB	117	130	27	14
artJ	2133	2033	116	93
artM	786	697	83	57
artQ	904	820	85	66
artI	2171	1876	435	314
artP	1015	898	192	153
ybjR	307	248	306	235
ybjS	290	257	94	73
ybjT	614	583	106	84
ltaE	919	800	134	112
poxB	52	48	112	93
hcr	23	27	35	31
hcp	21	16	17	16
ybjE	61	72	25	28
aqpZ	89	59	184	141
ybjD	632	549	1166	876
ybjX	1461	1208	2049	1800
macA	467	396	347	250
macB	505	446	537	414
clpA	13342	11653	28012	23031
aat	73	45	28	32
cydC	390	361	114	70
cydD	417	355	119	124
trxB	4145	4012	482	362
lolA	896	787	656	481
ycaJ	591	548	151	116
serS	5071	4538	4176	3306
dmsA	74	99	64	40
dmsB	35	33	39	24
dmsC	115	118	101	67
ycaC	94	73	97	81
ycaD	169	148	152	109
ycaM	59	38	30	27
ycaN	118	89	128	120
pflA	357	395	614	599
pflB	19681	17258	13985	10433
focA	2107	1744	1918	1312
ycaO	418	432	58	57
ycaP	644	465	546	476
serC	5372	5303	1316	1004
aroA	1782	1764	191	115
ycaL	80	72	39	38
cmk	2078	1847	311	273
rpsA	55787	53439	9151	7940
msbA	1660	1495	319	212
lpxK	341	320	62	40
kdsB	976	874	401	292
ycbJ	259	265	311	234
smtA	775	641	247	168
mukF	1457	1356	281	208
mukE	894	742	166	106
mukB	5726	5319	737	572
ycbB	513	432	876	650
ycbL	2414	1974	1197	871
aspC	7375	6954	1928	1612
ompF	85427	73426	16544	12561
asnS	3005	2842	1349	1197
pncB	952	889	156	132
pepN	7058	6535	4762	3546
ssuC	14	13	11	7
ssuA	24	28	9	11
ycbR	20	16	15	14
ycbT	85	52	36	28
ycbF	44	36	22	12
pyrD	319	287	30	20
ycbX	555	449	230	135
ycbY	1081	902	136	116
uup	1369	1161	140	133
pqiA	270	216	123	80
pqiB	635	575	254	213
ycbZ	973	812	303	252
yccR	413	377	250	245
yccS	355	341	215	150
helD	770	694	523	367
yccT	16	14	20	25
yccW	426	382	192	146
yccA	3579	2945	5348	4274
hyaA	5	4	7	5
hyaB	10	15	7	7
hyaC	14	13	10	5
hyaF	17	11	12	9
appC	194	169	89	45
appB	41	36	25	16
appA	77	65	55	40
yccC	3151	2545	220	198
yccZ	1667	1369	31	32
ymcA	1520	1136	17	23
ymcB	357	297	8	7
ymcC	1125	691	85	78
yccM	47	48	39	33
torR	165	141	103	76
torC	42	35	12	11
torA	74	78	60	45
cbpA	310	311	309	206
agp	5207	4513	4509	3380
rutG	31	37	44	38
rutD	3	5	7	3
rutB	0	0	2	2
rutA	5	7	7	4
rutR	152	123	221	169
putP	7141	6119	4302	3745
efeO	2481	2200	97	67
efeB	1393	1175	90	65
phoH	1323	1098	8730	7438
ycdW	800	658	446	289
ycdX	957	890	558	358
csgG	105	76	95	67
csgD	45	42	97	60
ymdC	194	159	125	107
mdoC	89	61	68	42
mdoG	2598	2249	794	708
mdoH	1727	1574	502	403
mdtG	26	20	25	24
lpxL	140	105	117	97
yceA	972	753	61	65
solA	1084	1033	451	320
pyrC	444	465	49	44
grxB	433	465	109	104
mdtH	106	92	61	59
yceH	505	501	647	437
mviM	648	562	725	572
mviN	152	147	43	43
flgA	33	34	19	14
flgD	14	12	7	4
flgF	7	3	2	4
flgG	9	6	2	1
flgH	9	8	3	4
flgI	12	11	2	1
flgJ	13	8	6	2
flgK	51	65	61	44
flgL	92	71	96	89
rluC	960	808	148	118
plsX	2706	2278	257	186
fabH	3742	3417	562	453
fabD	4737	4609	632	425
fabG	8908	8562	3574	2488
fabF	6542	6277	3348	2749
pabC	401	262	138	102
yceG	308	240	99	64
tmk	244	223	72	53
holB	276	261	74	64
ycfH	465	353	83	88
ptsG	32078	28405	433	380
fhuE	312	254	194	186
ycfM	1044	966	252	178
ycfN	379	363	141	106
nagZ	926	903	545	446
ndh	263	262	119	90
ycfQ	247	213	472	410
ycfS	255	233	136	120
mfd	1383	1331	555	420
lolC	437	356	58	35
lolD	285	213	19	22
lolE	1138	1015	458	346
ycfX	1010	875	364	256
cobB	1073	960	232	200
potD	4800	4627	202	149
potC	468	435	33	43
potB	199	182	27	22
potA	336	316	64	52
pepT	651	528	684	535
ycfD	1099	915	523	452
phoQ	1480	1361	435	318
phoP	1329	1250	971	727
purB	878	835	88	63
hflD	176	177	61	60
trmU	841	702	102	78
ymfC	68	74	59	43
icd	84266	77839	38871	30130
ycgE	607	555	334	253
ycgF	373	332	107	89
ycgG	27	18	25	20
minD	5475	5239	1499	1120
minC	1498	1383	699	503
ycgM	1284	1156	537	405
umuC	82	74	95	74
nhaB	359	307	130	114
fadR	1097	842	1486	1158
ycgB	62	44	809	682
dadA	1053	1027	2981	2130
dadX	637	506	1038	804
cvrA	311	300	119	111
emtA	538	501	121	99
ycgR	80	54	22	11
treA	82	57	190	121
dhaH	636	588	238	190
dhaL	386	329	85	83
dhaK	692	665	192	140
dhaR	236	203	134	106
ychF	2367	2233	712	507
ychM	469	377	526	432
prsA	4219	4111	298	273
ispE	1113	1021	131	124
lolB	395	398	100	80
hemA	889	779	307	220
prfA	595	606	122	81
prmC	190	188	25	37
ychA	723	629	502	407
kdsA	1906	1879	786	565
chaA	1044	849	384	300
chaC	194	193	301	202
ychP	113	93	57	34
narL	303	226	93	62
narX	215	141	130	100
narK	26	15	40	25
narG	84	82	68	45
narH	74	82	50	51
narJ	27	16	22	23
narI	46	26	22	24
purU	1079	1046	369	244
rssA	433	387	312	242
rssB	290	244	256	174
galU	2175	2140	1042	739
tdk	407	341	146	114
adhE	3884	3538	8605	7106
ychE	66	68	68	72
oppA	3402	3119	943	658
oppB	508	457	70	68
oppC	658	620	79	66
oppD	815	810	141	93
oppF	841	699	263	205
cls	1048	869	1088	773
kch	234	211	176	113
tonB	733	631	605	514
yciC	769	729	699	553
ompW	6992	8263	2550	1605
trpA	1370	1271	146	143
trpB	2366	2125	208	171
trpD	1247	1106	81	85
trpE	511	482	29	34
yciV	495	472	374	385
yciO	372	381	258	221
rluB	686	692	149	94
yciK	888	834	483	361
sohB	1794	1558	952	777
topA	6384	5966	1336	1042
cysB	526	440	597	457
acnA	5041	4858	2457	1709
pgpB	349	300	225	167
yciM	1251	922	826	576
pyrF	758	723	49	32
deoT	424	352	210	204
gmr	488	414	404	331
rnb	2439	2403	208	155
fabI	4804	4613	2958	2432
sapF	195	154	44	33
sapD	267	242	85	76
sapC	105	85	45	32
sapB	125	104	85	46
sapA	247	225	170	140
puuP	389	301	68	44
puuA	2011	1424	161	136
puuD	2766	2023	300	293
puuB	256	225	4	6
puuE	293	203	25	16
pspF	190	161	141	99
pspA	700	595	1449	1098
ycjM	67	37	36	28
ycjN	28	23	9	3
ycjO	21	10	8	5
ycjP	11	12	6	3
ycjQ	26	25	8	6
ycjR	24	16	4	8
ycjS	38	28	15	11
ycjU	7	4	3	2
ompG	19	18	14	7
ycjW	274	229	55	54
ycjX	282	229	341	261
ycjF	312	277	237	177
tyrR	1121	986	867	645
ycjG	776	643	672	477
mpaA	225	187	141	114
ycjZ	216	166	111	69
mppA	2438	2044	1411	1074
ynaI	376	333	209	174
uspE	5007	4381	8920	6788
fnr	2988	2736	4029	3419
abgT	28	18	9	19
abgB	54	45	25	15
abgA	90	90	14	14
abgR	283	249	120	120
ydaM	93	58	163	107
ydaN	499	406	321	254
dbpA	137	95	47	27
ydaO	546	488	128	108
ompN	124	100	171	134
ldhA	685	615	503	355
feaR	2564	1735	1247	1054
feaB	406	328	407	367
maoC	190	144	23	18
paaA	231	171	14	14
paaC	159	134	20	10
paaJ	127	113	23	13
paaF	52	56	1	2
paaG	65	52	5	4
paaH	131	110	17	9
paaE	907	882	1322	968
paaK	1352	1145	806	602
paaX	558	418	226	169
ydbC	1310	1147	1458	1164
azoR	370	306	181	208
hrpA	806	770	227	183
ydcF	216	209	134	80
aldA	11735	10493	6358	5000
trg	190	145	149	115
ydcI	3027	2597	2213	1769
ydcJ	175	135	319	191
mdoD	2242	1858	623	430
ydcK	72	68	90	70
tehA	145	103	116	95
ydcL	926	846	429	332
ydcO	110	75	59	50
ydcP	1035	973	201	157
ydcR	240	209	57	80
ydcS	53	51	354	230
ydcT	12	9	58	67
ydcU	18	14	49	26
ydcV	13	23	37	24
ydcW	135	122	127	93
yncB	966	812	662	443
yncC	133	102	249	169
yncD	218	160	67	58
yncE	7371	6550	4186	3140
ansP	190	161	55	61
yncG	24	13	30	19
nhoA	125	135	96	61
narV	42	40	60	47
narW	20	13	18	20
narY	57	41	52	30
narZ	68	63	75	58
narU	9	13	43	44
yddG	108	108	25	26
fdnG	197	188	388	335
fdnH	62	64	97	85
fdnI	75	69	56	57
adhP	91	87	127	88
sfcA	1903	1868	615	476
ddpD	84	73	20	21
ddpC	50	60	23	16
ddpB	31	39	12	13
ddpA	124	99	44	39
dos	322	234	142	129
yddV	351	239	501	350
yddW	377	352	250	206
gadC	119	103	151	99
gadB	172	154	102	87
ydeM	274	240	87	72
ydeN	2786	2577	449	451
ydeO	6	6	13	5
ydeP	231	203	319	207
ydeQ	15	15	26	15
lsrK	552	462	689	568
lsrR	1077	936	587	481
lsrC	240	161	92	53
lsrD	175	127	44	34
lsrB	666	569	96	54
lsrF	751	693	112	73
tam	201	163	87	69
yneE	62	51	29	19
uxaB	275	239	181	134
yneF	253	205	187	187
yneH	227	206	18	15
yneI	143	110	53	41
ydeA	64	46	43	31
marC	95	83	93	60
eamA	721	574	336	265
ydeE	109	83	88	58
ydeH	656	527	1059	669
dcp	2441	2236	434	252
ydfG	1971	1654	644	470
ydfH	419	352	247	215
ydfT	70	41	55	38
ydfU	13	12	15	11
rspB	242	168	120	108
rspA	738	572	161	141
ynfC	370	299	359	250
ynfF	85	64	50	39
ynfG	19	23	8	10
ynfH	123	122	71	73
dmsD	150	127	85	76
clcB	33	24	16	14
ynfK	745	632	592	425
dgsA	4282	3311	668	471
ynfL	55	43	54	43
ynfM	56	48	53	40
ydgD	231	198	522	394
ydgG	90	102	174	109
pntB	13964	13573	2367	1663
pntA	18161	17493	2064	1433
ydgH	6688	5705	1749	1474
ydgI	178	149	61	49
folM	355	331	134	111
rstA	742	762	195	153
rstB	882	685	169	126
tus	281	240	233	153
fumC	4777	3900	4745	3693
fumA	26011	24513	20474	17513
manA	1017	988	344	300
ydgA	2036	1908	1166	885
uidC	46	28	91	54
uidB	63	43	99	73
uidA	273	234	393	251
hdhA	724	700	284	219
malI	137	144	166	118
malX	306	305	140	91
malY	601	557	214	189
add	428	351	515	390
ydgJ	1561	1313	948	741
rsxD	183	156	18	15
rsxG	146	107	9	16
rsxE	99	65	19	17
nth	108	84	29	7
ydgR	216	163	66	51
gst	1874	1653	1829	1560
pdxY	557	541	128	91
tyrS	4328	4031	1055	796
pdxH	718	696	249	226
anmK	848	753	491	362
ydhJ	29	39	14	8
ydhF	508	446	459	300
nemA	236	250	68	56
rnt	95	88	20	19
ydhO	721	623	135	109
ydhP	91	75	18	15
purR	2180	1977	250	209
ydhB	125	89	37	44
ydhC	56	45	16	20
cfa	416	323	954	856
ribC	985	892	623	468
mdtK	211	150	631	496
ydhQ	938	760	645	504
ydhS	35	30	122	90
ydhT	50	40	44	29
ydhU	98	68	78	59
ydhX	43	56	26	15
ydhV	108	69	58	37
ydhY	11	6	10	13
pykF	1771	1740	483	331
ynhG	343	281	852	657
sufS	550	380	212	175
sufC	337	223	185	125
sufB	621	462	462	339
ydiK	453	380	278	234
ydiM	36	18	65	59
ydiN	52	41	58	45
ydiB	82	77	46	35
aroD	421	368	127	129
ydiF	20	26	24	26
ydiO	38	21	12	19
ydiP	138	137	216	195
ydiQ	21	13	8	10
ydiR	32	30	16	13
ydiS	23	19	15	11
ydiD	142	82	76	56
pps	25294	23474	13037	10050
ydiA	275	223	196	199
aroH	164	157	35	29
ydiV	433	312	148	88
btuD	337	288	53	34
btuC	317	235	128	103
pheT	9569	8861	3366	2625
pheS	2910	2611	246	172
thrS	24342	21660	12880	10951
ydiY	48	43	35	32
pfkB	187	174	194	128
yniA	1406	1235	8811	6715
yniC	324	312	169	200
ydjN	2626	2410	366	290
katE	180	198	69	38
chbF	202	241	252	178
chbR	249	226	285	205
chbC	217	187	458	396
nadE	1256	1169	536	376
ydjQ	63	56	55	34
astE	69	73	120	107
astB	102	68	177	130
astA	85	68	223	167
astC	144	101	418	328
xthA	584	546	190	154
ydjX	92	66	84	60
ydjZ	47	50	17	17
ynjE	912	871	66	48
ynjF	62	53	42	33
gdhA	10066	10826	686	579
topB	1775	1512	314	211
selD	2674	2390	1536	1147
sppA	1109	943	538	416
ansA	393	347	66	62
pncA	582	481	258	227
ydjE	84	68	138	86
ydjF	525	400	364	293
ydjG	167	149	68	45
ydjH	69	88	36	18
ydjI	75	118	54	30
ydjJ	109	85	34	18
ydjK	78	86	25	18
ydjL	87	78	27	15
gapA	18990	17862	5452	4418
yeaD	297	281	71	59
yeaE	330	327	141	129
mipA	2640	2369	247	201
yeaG	327	286	3311	2441
yeaH	93	56	1074	828
yeaI	10	5	30	25
yeaJ	165	115	133	101
yeaM	93	57	62	51
yeaN	58	37	27	24
yeaP	815	623	381	310
yeaS	52	42	85	77
yeaT	236	182	103	81
yeaU	90	57	90	108
yeaV	444	353	359	315
yeaW	1665	1601	609	477
yeaX	1104	1051	379	258
rnd	420	363	94	49
fadD	5864	5214	6909	5383
yeaZ	471	399	36	33
yoaA	476	421	114	57
sdaA	205	151	627	505
adrB	69	61	55	44
yoaE	507	469	142	102
manX	44991	40214	1142	891
manY	33046	30451	848	646
rrmA	185	151	41	37
kdgR	2177	1910	1433	1121
yebQ	43	38	27	19
htpX	5256	4539	19217	15586
prc	5361	4981	952	736
yebS	200	137	136	125
yebT	439	358	97	102
yebU	231	199	62	54
pphA	73	54	61	49
yebZ	223	171	74	69
yobB	164	169	307	271
exoX	274	248	202	115
ptrB	194	185	140	116
yebE	471	439	936	744
purT	1003	819	28	26
eda	545	502	218	156
edd	305	288	95	86
zwf	2229	2050	791	640
yebK	1147	996	554	503
pykA	2861	2940	738	584
lpxM	580	527	214	210
yebA	3733	3229	1455	1002
znuA	8837	8091	631	497
znuC	744	653	182	141
znuB	609	555	53	47
ruvB	713	585	369	264
ruvA	443	389	339	276
yebB	21	15	38	24
yebC	2404	2336	472	305
aspS	4289	4011	887	766
yecE	106	94	30	31
yecO	174	137	96	63
yecP	334	289	121	94
torY	55	40	44	28
cutC	696	600	242	227
argS	2313	2034	402	308
flhA	159	149	78	65
flhB	11	12	6	5
cheZ	55	38	22	25
cheB	16	14	14	7
cheR	10	5	9	6
tap	24	19	16	7
tar	13	11	41	21
cheA	67	55	14	7
motB	18	20	9	3
motA	14	6	2	8
otsA	165	129	240	173
otsB	40	35	77	76
araH	407	384	895	738
araG	794	739	854	610
araF	1714	1451	1564	1205
tyrP	301	218	109	79
yecA	1809	1467	1696	1323
uvrC	728	599	205	135
uvrY	1238	968	581	441
sdiA	296	230	307	220
yecC	261	204	53	56
yecS	185	152	49	51
yedO	461	432	154	126
fliY	4945	4854	1294	912
fliA	7	9	6	3
fliD	25	18	19	14
amyA	257	222	319	297
yedE	6468	5953	312	198
fliF	7	4	6	2
fliG	7	10	8	7
fliH	9	3	5	2
fliI	6	4	4	4
fliM	14	16	6	5
fliP	4	12	5	4
fliR	45	25	110	108
rcsA	334	245	28	21
yedP	42	44	106	64
yedQ	280	232	206	147
yedI	425	387	210	141
yedA	44	30	19	10
dcm	729	593	152	119
yedJ	192	151	33	22
hchA	232	195	991	983
yedW	371	287	274	231
yedZ	77	63	70	59
yodA	4414	4222	77	65
yeeI	4103	3400	4862	4101
shiA	422	363	250	212
amn	414	402	263	225
yeeN	1432	1248	279	197
yeeO	152	99	191	159
cbl	1054	991	73	60
nac	53	54	72	51
erfK	501	385	273	207
cobS	280	241	223	149
yeeA	148	145	105	86
dacD	71	62	26	32
yeeE	2655	2125	84	56
yeeF	1691	1694	51	39
yeeY	175	130	332	265
yeeZ	692	622	884	787
hisG	1919	1789	203	171
hisD	1651	1630	178	152
hisC	1585	1448	142	130
hisB	2607	2498	292	241
hisA	2129	2085	172	110
hisF	2123	2086	143	108
ugd	752	654	329	218
gnd	4246	4073	1359	922
galF	4608	4046	1003	713
wcaL	32	35	14	11
wcaK	16	11	11	15
wzxC	11	9	1	4
wcaJ	6	16	5	5
cpsG	1249	1209	123	76
cpsB	743	742	115	80
fcl	22	26	8	4
gmd	33	20	8	7
wcaE	8	2	2	4
wcaD	17	13	6	3
wcaC	18	17	9	8
wcaA	11	7	5	6
wzc	31	27	22	23
wza	6	3	3	3
yegH	427	370	209	178
asmA	1601	1229	659	482
udk	365	313	38	37
yegL	18	12	3	2
mdtA	35	32	17	19
mdtB	105	79	19	20
mdtC	100	84	20	9
baeS	60	62	15	8
baeR	132	111	125	91
yegQ	241	243	68	55
yegS	51	41	71	48
gatD	34	28	63	31
gatZ	42	50	30	19
gatY	34	28	35	18
fbaB	1360	1181	576	401
yegT	130	101	41	34
yegU	116	91	23	24
yegV	89	82	34	22
yegW	194	146	98	58
yegX	109	86	12	18
thiD	1606	1374	118	80
thiM	1869	1531	92	85
rncA	63	61	74	45
yehA	28	28	27	25
yehC	0	0	1	0
mrp	2013	1975	1027	850
metG	2138	2146	514	451
yehL	24	10	7	9
yehP	37	37	8	3
yehT	793	636	268	170
yehU	1551	1260	992	774
mlrA	54	51	58	46
yehW	27	14	6	4
yehX	34	26	15	6
yehY	28	18	10	8
yehZ	44	27	48	40
bglX	2015	1940	415	289
dld	5144	4611	1631	1271
pbpG	443	427	183	151
yohF	35	27	52	42
dusC	291	217	37	35
yohK	32	24	42	22
cdd	444	393	367	300
sanA	131	87	82	59
yeiT	674	650	1590	1169
yeiA	790	649	1211	842
mglC	3127	2770	700	489
mglA	6085	5389	1773	1119
mglB	24056	21562	6956	5254
galS	968	742	649	418
yeiB	164	143	36	19
folE	800	835	182	147
frmC	612	514	259	240
cirA	1873	1567	492	341
lysP	1854	1686	121	125
yeiE	285	229	159	128
yeiH	260	206	333	270
nfo	308	273	99	80
yeiJ	131	113	105	102
rihB	64	56	35	34
yeiL	112	57	112	79
yeiC	53	37	33	13
fruA	1209	1032	575	437
fruK	557	463	190	162
fruB	489	468	140	100
setB	50	52	29	18
yeiQ	200	167	165	156
yeiR	182	165	10	14
yeiU	141	100	16	10
rtn	375	300	182	154
yejB	150	149	46	26
yejE	169	130	31	22
yejF	392	384	89	48
bcr	259	195	96	96
rsuA	274	251	97	50
yejH	45	40	28	22
yejK	1134	1066	384	338
yejM	870	674	126	111
narP	323	328	325	258
ccmH	307	322	123	95
ccmF	374	363	73	39
ccmC	139	129	33	29
ccmB	64	82	29	17
ccmA	146	141	111	111
napC	220	215	148	141
napH	128	115	51	29
napG	126	117	35	18
napA	684	736	198	170
mqo	128	116	20	24
yojI	703	603	64	44
alkB	28	24	34	20
ada	132	105	128	80
yojL	80	71	21	15
rcsB	2425	2217	1385	1056
rcsC	952	814	261	214
yfaP	17	15	8	13
yfaQ	59	48	26	15
yfaT	4	2	2	3
gyrA	8148	7428	964	715
ubiG	485	416	49	48
nrdA	1833	1639	99	92
nrdB	1635	1512	165	120
inaA	283	236	232	171
glpQ	3210	2701	1322	1021
glpT	1575	1240	496	376
glpA	21	22	20	14
glpB	18	12	11	11
glpC	46	31	31	35
yfaY	297	246	193	152
ais	143	146	47	18
yfbE	1415	1130	162	132
yfbF	259	247	38	26
yfbG	717	623	82	52
yfbH	326	303	26	20
arnT	406	335	60	60
menE	278	235	25	16
menC	368	370	55	37
menB	666	651	88	64
yfbB	168	146	21	17
menD	311	286	52	51
menF	353	326	70	58
elaC	171	135	65	53
nuoN	2747	2429	695	650
nuoM	2474	2212	439	351
nuoL	4454	3970	1091	852
nuoH	2765	2530	623	514
nuoG	9240	8690	2243	1628
nuoF	4013	3693	870	645
nuoC	5491	5075	2136	1564
nuoB	3580	3292	1959	1357
lrhA	3181	2811	6392	5384
yfbQ	1434	1392	905	759
yfbS	442	395	365	303
yfbT	1081	885	762	593
ackA	3601	3501	1404	1249
pta	5469	5214	815	543
yfcF	108	88	39	23
yfcG	24	19	42	42
yfcH	702	662	945	771
hisP	1140	1099	160	109
hisM	954	866	171	133
hisQ	2443	2162	430	287
hisJ	11776	10555	1233	942
purF	2409	2228	209	179
dedD	634	512	318	233
folC	943	868	395	309
accD	5512	4702	1880	1601
truA	557	517	122	87
usg	997	968	140	100
pdxB	1029	998	253	197
flk	279	205	42	25
yfcJ	57	59	8	11
fabB	9821	9027	12369	10057
trmC	382	306	103	101
yfcA	328	345	179	138
mepA	425	376	109	79
aroC	1327	1119	245	196
prmB	1277	1135	201	125
yfcY	853	796	734	510
fadL	1081	1006	707	523
vacJ	1645	1404	350	284
yfdC	68	40	67	51
dsdA	98	98	69	63
emrY	13	8	27	19
emrK	11	10	33	21
evgA	143	139	32	25
yfdE	41	26	65	52
yfdV	14	24	45	29
oxc	51	64	46	34
frc	43	62	27	31
yfdX	29	37	39	17
ddg	43	32	28	20
yfdZ	866	788	895	730
ypdA	137	89	131	74
ypdB	196	164	240	164
ypdC	69	41	80	44
ypdD	103	90	24	28
ypdE	28	30	11	6
ypdF	53	38	16	12
ypdG	47	38	23	14
glk	984	828	653	522
yfeO	116	103	126	117
mntH	416	382	1309	923
nupC	2472	2140	651	596
yfeA	563	448	187	167
gltX	2310	2143	418	332
yfeR	116	100	97	76
yfeH	515	410	286	317
ligA	916	802	304	246
zipA	3328	3112	2792	2195
cysZ	387	303	500	447
cysK	18922	18332	1806	1373
ptsI	25773	23771	3926	3391
pdxK	558	577	158	129
cysM	1398	1433	69	43
cysA	1940	1963	74	54
cysW	1217	1095	42	33
cysU	854	823	25	30
cysP	2337	2011	116	64
ucpA	7036	6406	7663	6724
yfeT	139	128	49	42
yfeU	269	218	397	330
murP	230	198	464	343
murQ	402	370	586	509
yfeX	864	780	502	372
amiA	397	299	119	111
hemF	176	134	47	22
yfeG	61	59	22	26
eutL	59	45	23	19
eutC	53	52	26	15
eutB	86	93	32	22
eutA	28	28	12	14
eutH	54	40	19	13
eutG	25	23	8	11
eutJ	7	10	1	2
eutE	17	25	11	7
eutI	137	116	102	84
eutT	86	84	50	41
eutQ	121	115	75	46
maeB	18584	18886	10374	7812
talA	375	298	512	367
tktB	275	235	481	326
ypfG	135	137	64	60
aegA	102	100	80	45
narQ	212	200	237	194
acrD	193	188	79	62
dapE	707	721	744	496
ypfH	234	237	120	130
ypfJ	671	531	570	385
purC	3751	3274	416	323
nlpB	5250	4800	1500	1208
dapA	6314	5828	1949	1664
hyfA	4	5	1	0
hyfC	5	10	15	6
hyfD	9	9	8	6
hyfE	7	0	8	5
hyfG	19	20	13	8
hyfI	14	8	5	3
perM	320	245	278	213
yfgC	1642	1487	795	555
hda	436	356	158	106
uraA	576	554	23	21
upp	2141	2143	50	19
purM	2791	2517	124	98
purN	499	460	46	37
ppk	915	784	924	787
ppx	659	605	308	249
yfgF	110	89	74	48
guaA	2036	1880	397	340
guaB	1433	1247	123	109
xseA	253	215	66	52
der	1605	1421	374	284
yfgL	4217	3794	650	501
yfgM	1800	1712	343	266
hisS	3265	2891	709	515
ispG	1607	1445	944	687
yfgA	1339	1118	997	803
yfgB	1031	948	182	136
pbpC	229	195	39	42
sseA	2619	2158	1263	1045
sseB	592	489	487	356
pepB	1578	1384	695	482
hscA	1698	1661	722	567
iscS	7660	8281	9176	6872
yfhQ	488	388	423	330
suhB	878	721	58	43
yfhR	25	26	13	10
hcaT	299	216	239	186
hcaR	5498	4341	2051	1540
hcaE	43	37	29	20
hcaB	29	29	9	3
yphB	69	65	171	113
yphC	82	56	209	127
yphD	35	31	193	111
yphE	114	98	433	316
yphF	112	93	501	367
yphH	187	160	109	94
glyA	16726	15274	2159	1693
hmp	963	832	1194	1072
yfhA	444	335	47	36
yfhG	286	262	74	41
yfhK	477	374	144	102
yfhD	184	168	44	16
yfhB	242	200	268	174
yfhH	272	217	73	70
pdxJ	1408	1266	281	208
recO	339	352	50	45
era	1106	949	137	95
rnc	691	590	85	71
lepB	1490	1339	256	229
lepA	3573	3253	379	267
rseB	1648	1264	675	507
rseA	7225	5984	6885	5368
yfiC	218	200	38	19
srmB	327	287	160	125
yfiE	125	120	246	208
ung	391	341	142	113
yfiF	737	683	124	105
yfiP	74	49	22	19
yfiQ	3946	3295	4586	3735
pssA	4029	3503	2643	2081
kgtP	4746	4081	3270	2418
clpB	5540	5135	23547	19803
yfiH	179	159	55	63
rluD	561	498	305	282
yfiO	3585	3271	956	650
pheA	883	849	486	384
tyrA	1470	1481	305	216
aroF	2007	1884	249	186
yfiN	107	78	96	68
trmD	16382	15633	2183	1826
ffh	1428	1321	992	897
ypjD	348	278	89	55
yfjD	582	470	212	178
yfjB	315	279	232	178
recN	309	271	581	468
gabT	1048	820	421	259
gabP	262	229	154	108
csiR	338	227	279	234
nrdF	106	71	33	22
proV	283	225	77	69
proW	76	92	27	27
proX	248	223	63	37
ygaZ	597	490	218	156
emrA	141	123	19	8
emrB	135	139	45	37
gshA	2255	2150	908	678
alaS	11708	11123	1874	1398
recA	3726	3311	1693	1439
mltB	106	91	6	11
srlE	31	34	109	88
srlD	92	93	186	116
srlR	412	347	606	519
gutQ	420	347	377	277
norV	24	17	33	26
norW	17	17	14	7
ascG	419	359	98	85
ascF	35	41	89	73
hycG	64	56	19	8
hycE	21	22	5	2
hycD	8	5	2	1
hycC	12	11	7	8
hycB	2	2	0	0
hypB	126	105	73	52
hypD	121	107	55	57
hypE	100	99	46	52
fhlA	87	84	77	78
mutS	656	589	136	82
ygbI	701	596	545	398
ygbJ	62	35	152	136
ygbK	83	56	144	123
ygbL	28	27	92	50
ygbM	48	34	103	73
ygbN	64	35	63	61
nlpD	40216	35415	63600	55788
pcm	632	533	240	156
surE	570	503	242	151
truD	1164	1052	263	210
ispD	468	424	44	35
cysC	1011	867	43	33
cysN	3931	3748	216	158
cysD	1964	1837	84	50
iap	230	202	138	133
cysH	2368	2318	50	41
cysI	4546	4707	74	31
cysJ	2541	2493	36	17
ygcQ	38	30	15	12
ygcR	21	22	3	5
ygcS	10	9	7	4
ygcU	99	111	29	21
ygcW	71	59	15	13
yqcE	66	64	30	22
ygcF	473	429	456	350
eno	13729	12550	1838	1349
pyrG	3528	3354	919	689
mazG	818	662	301	259
relA	3245	2915	2045	1440
barA	605	521	179	142
gudD	174	153	366	263
gudX	94	81	303	217
gudP	40	45	483	428
truC	181	123	9	8
queF	673	534	239	192
ygdH	1449	1239	879	833
sdaC	117	100	57	46
sdaB	112	96	69	66
exo	272	231	98	83
fucO	4493	3809	1479	940
fucA	887	756	358	248
fucP	153	110	252	225
fucI	418	400	373	257
fucK	277	269	256	211
fucR	2031	1791	575	460
ygdE	549	490	235	182
gcvA	284	243	242	214
csdA	237	195	109	89
ygdL	295	279	92	68
mltA	2118	1791	1064	833
amiC	560	467	85	64
argA	2756	2681	213	172
recD	569	517	106	71
ptr	1278	1115	302	234
recC	758	617	316	280
thyA	699	658	301	227
lgt	470	386	105	77
ptsP	1402	1164	459	324
mutH	257	201	189	169
ygdQ	128	92	76	77
tas	457	477	397	370
ygeD	345	333	106	69
aas	1065	940	143	92
galR	281	243	189	165
lysA	933	865	30	24
lysR	91	68	72	58
ygeA	284	202	132	93
araE	380	333	244	235
kduD	118	90	113	83
kduI	99	78	81	50
yqeF	6353	5556	2903	2083
yqeG	106	79	81	69
yqeH	47	22	23	11
yqeI	42	21	11	10
ygeH	10	6	19	12
ygeR	657	611	392	310
xdhA	355	347	213	155
xdhB	122	111	72	39
ygeV	2790	2293	4886	4008
ygeW	49	40	37	24
ygeX	58	31	12	12
ygeY	47	41	32	14
hyuA	24	22	25	17
yqeA	99	65	122	111
yqeB	336	297	879	623
yqeC	217	177	610	373
ssnA	33	16	72	61
ygfM	12	28	46	27
xdhD	122	118	299	200
ygfO	36	46	36	35
guaD	201	167	75	51
ygfT	147	170	123	95
ygfU	111	75	53	32
lysS	3967	3484	582	474
prfB	2960	2705	537	478
recJ	739	633	160	132
dsbC	651	591	178	152
xerD	589	519	236	194
ygfZ	1066	919	617	499
yqfA	204	179	852	616
bglA	926	885	399	314
ygfF	19	24	12	6
gcvP	1126	986	228	173
gcvT	907	787	160	127
visC	469	406	196	159
serA	5919	5939	1456	1200
rpiA	1560	1498	594	440
argP	514	448	507	371
yliK	58	39	32	19
argK	10	16	12	5
ygfG	19	16	5	3
ygfH	48	49	24	19
ygfI	118	76	78	86
yggE	548	507	388	253
argO	140	122	64	52
mscS	771	688	224	172
fbaA	10477	10134	2404	1957
pgk	8986	8268	2284	1941
epd	1618	1544	691	564
yggF	17	13	13	14
cmtA	40	31	14	5
tktA	9907	8983	2293	1883
yggG	2400	2113	1453	1233
speB	471	377	115	82
speA	6825	6755	643	505
metK	4886	4353	2074	1361
galP	65	63	25	15
endA	19	22	11	8
yggJ	309	293	95	95
gshB	794	748	330	264
yggS	381	356	132	111
yggW	359	327	40	35
yggM	101	90	66	46
ansB	143	151	113	88
yggN	534	540	232	172
yggH	743	621	139	114
mutY	174	164	50	40
mltC	343	278	45	51
nupG	3086	2437	3627	3276
yqgA	40	34	39	35
yghK	492	401	425	349
glcF	1500	1322	926	752
glcD	1253	1135	1765	1480
glcC	2282	1797	2650	1999
ECIAI1_3132	22	21	5	3
yghR	18	8	4	4
yghS	16	17	17	11
yghT	9	9	11	9
pitB	45	27	26	17
gss	642	577	490	428
yghU	1587	1348	518	392
hybC	611	628	301	255
hybB	147	156	129	73
hybA	129	146	118	92
hybO	192	188	260	161
yghZ	1932	1691	1027	869
yghA	21	18	33	31
exbB	2103	1708	975	678
metC	1378	1250	261	166
yghB	286	246	306	277
yqhC	137	108	145	93
yqhD	462	424	570	557
dkgA	212	170	680	542
yqhG	69	39	45	32
ygiQ	341	309	43	28
sufI	628	496	217	176
plsC	370	263	111	95
parC	1330	1241	320	246
qseB	145	128	73	59
parE	1529	1477	264	214
cpdA	1837	1479	1961	1665
nudF	451	382	220	189
tolC	2151	2089	1111	952
ygiC	2848	2715	1310	937
ygiE	613	526	1013	720
ribB	592	554	1990	1529
yqiJ	43	42	56	45
yqiK	113	75	53	38
rfaE	1489	1356	277	258
htrG	815	753	135	84
cca	630	522	240	193
bacA	492	417	244	194
plsY	205	155	61	57
ygiP	33	30	30	30
ttdA	7	6	4	1
ttdB	9	5	4	5
ygjE	24	19	16	10
gcp	417	360	195	148
dnaG	1768	1577	530	505
rpoD	5243	4819	5108	4094
yqjH	135	101	51	69
yqjI	112	120	46	40
aer	174	123	47	30
ygjG	107	90	225	160
ebgR	101	76	43	45
ygjI	15	19	19	16
ygjJ	7	3	5	4
ygjK	40	27	22	18
ygjO	125	102	20	20
ygjQ	30	26	9	3
ygjR	756	658	873	738
alx	27	34	17	20
sstT	2654	2279	5080	4151
uxaA	345	333	423	339
uxaC	488	406	372	318
exuT	402	362	255	194
exuR	558	482	683	573
yqjA	373	303	840	766
yqjG	83	79	100	90
yhaJ	501	477	116	85
yhaK	58	45	101	87
yhaM	81	81	72	38
yhaO	54	47	64	57
tdcG	103	73	64	40
tdcE	490	431	271	190
tdcD	141	103	64	46
tdcC	446	342	278	201
tdcB	225	155	150	98
tdcA	185	128	336	257
garK	131	99	1531	1106
garR	176	146	2095	1466
garL	42	34	1034	875
garP	82	56	1336	1151
garD	482	404	983	711
agaR	528	443	287	231
kbaZ	88	98	48	46
agaS	22	19	18	19
kbaY	26	18	11	17
agaC	18	13	15	10
agaD	30	22	22	23
agaI	15	19	3	6
yraI	15	13	38	45
yraL	346	315	120	79
yraQ	367	301	48	36
yraR	82	75	77	52
yhbU	43	30	15	3
yhbV	30	26	24	20
yhbW	62	57	36	36
mtr	310	245	270	261
deaD	776	734	436	341
nlpI	5728	4807	1924	1911
pnp	12633	11762	1242	1033
truB	995	1009	205	144
infB	12568	12430	956	763
nusA	5342	5182	629	445
argG	4183	4073	233	185
yhbX	74	64	39	33
glmM	1802	1763	692	504
folP	395	406	102	91
ftsH	10765	9667	14581	12435
rrmJ	2357	2069	4422	3998
dacB	156	122	68	51
obgE	1176	1060	900	732
yhbE	457	363	170	131
ispB	978	903	405	252
murA	2315	2330	192	149
yrbC	1229	1153	478	377
yrbE	640	560	175	147
yrbF	950	900	331	258
yrbG	338	282	164	118
kdsD	1037	1013	213	171
lptB	1199	1094	272	183
rpoN	4766	4073	1954	1451
yhbJ	981	818	244	167
yrbL	2651	2484	3764	3178
mtgA	662	608	475	347
elbB	1418	1267	734	566
arcB	1550	1403	1839	1426
yhcC	20	23	4	6
gltB	2349	2495	182	141
gltD	1313	1308	149	85
nanE	132	127	96	64
nanT	293	208	195	170
nanA	211	179	50	55
nanR	573	403	238	190
dcuD	68	42	34	35
sspA	2457	2199	1727	1386
degQ	1057	923	437	328
degS	351	264	142	110
mdh	28976	26620	9981	7526
aaeB	53	51	39	25
aaeA	62	58	41	46
aaeR	93	68	91	67
tldD	944	863	514	363
rng	981	894	201	166
mreC	411	339	26	13
mreB	2280	2270	213	172
csrD	1086	973	346	288
yhdH	1092	1049	366	327
accC	7193	7198	903	714
panF	172	168	21	24
prmA	408	382	49	36
dusB	4212	3724	359	317
yhdJ	81	86	22	13
envR	32	16	3	6
acrE	22	11	8	5
acrF	229	189	196	169
aapQ	64	49	120	86
aapP	106	86	117	83
aroE	475	417	185	113
smf	757	645	842	714
fmt	1003	918	855	634
rsmB	496	449	124	88
trkA	490	456	243	165
rpoA	41803	39530	3632	3080
rpsD	29833	28012	2248	1944
secY	39647	38127	6711	5577
rpsC	24030	24096	1152	942
rplB	24211	24319	755	611
rplD	19199	18662	510	447
rplC	24179	24243	646	552
tufA	96211	89262	7086	5480
fusA	58585	56492	3094	2363
yheO	991	787	222	180
fkpA	8453	7456	1874	1501
kefB	338	301	290	277
yheS	491	446	94	71
yheT	167	141	30	18
prkB	354	325	336	293
crp	4021	3524	2296	2074
yhfK	634	543	96	106
argD	1745	1601	97	69
fic	53	57	93	70
tsgA	58	45	34	26
nirB	77	48	44	49
nirC	24	22	12	3
cysG	634	520	353	256
frlA	17	13	4	10
frlB	11	11	11	6
frlC	28	31	9	6
frlD	34	38	14	12
frlR	145	134	102	91
yhfS	53	38	29	31
yhfT	53	49	13	22
php	21	20	12	8
yhfZ	376	351	608	515
trpS	2175	1973	541	447
gph	665	695	121	73
rpe	837	757	148	114
dam	569	511	137	84
aroB	3256	2996	600	446
hofQ	94	86	15	14
yrfD	119	107	23	20
mrcA	1121	927	82	64
igaA	1078	954	595	497
yrfG	328	289	108	83
hslO	706	679	272	186
pck	30557	27715	23151	19574
envZ	656	510	294	224
ompR	1388	1210	1311	1053
yhgF	1595	1470	69	44
feoB	1216	1113	1146	894
yhgA	51	49	33	30
bioH	209	147	63	49
gntX	218	175	97	83
gntT	2017	1899	77	70
malQ	1255	1203	74	58
malP	1325	1231	94	71
malT	16032	13690	2358	1818
rtcB	62	66	66	58
glpG	405	341	60	41
glpD	81	83	151	124
glgP	7656	6802	4591	3586
glgA	3890	3531	2083	1535
glgC	4335	4263	2755	1988
glgX	3686	3496	2106	1788
glgB	6931	6372	1228	963
asd	4625	4518	1288	1005
gntU	98	69	27	19
gntR	234	225	76	87
yhhW	168	161	168	142
yhhX	709	619	337	309
yhhZ	6	5	4	3
ggt	70	41	14	15
ugpC	160	161	38	15
ugpE	62	72	12	9
ugpA	44	50	15	4
ugpB	895	753	880	642
livF	902	847	235	173
livG	1056	832	246	165
livM	1682	1459	460	319
livH	1850	1687	610	398
livK	4774	4384	1570	1066
livJ	16109	14481	4227	3140
rpoH	4340	3933	2292	1830
ftsX	995	844	722	519
ftsE	553	521	231	175
ftsY	2306	1991	862	650
yhhN	165	167	102	78
yhhQ	71	63	36	58
yhhS	71	73	101	68
yhhT	70	56	55	58
nikA	32	22	3	11
nikB	13	12	7	5
nikC	13	8	2	2
nikD	10	6	2	7
nikE	10	8	5	2
yhhI	889	558	626	453
yhhJ	1294	1173	592	470
rbbA	2006	1796	807	623
yhiI	1899	1743	1208	911
yhiM	62	60	86	66
yhiN	271	214	212	149
pitA	1355	1249	452	337
yhiP	47	34	50	34
yhiQ	73	69	19	14
prlC	1028	1003	810	689
yhiR	122	99	32	28
gor	908	795	229	174
arsB	57	42	25	29
yhiD	33	27	17	11
mdtE	18	7	5	3
mdtF	97	87	54	51
gadW	36	28	24	13
gadX	89	66	62	38
gadA	159	140	98	85
yhjA	81	63	68	56
treF	78	75	113	107
yhjB	59	44	41	31
yhjC	70	68	32	33
yhjD	57	51	69	48
yhjE	2219	2001	632	490
yhjG	48	66	79	65
yhjH	15	20	8	6
kdgK	289	263	141	129
yhjJ	965	795	198	135
dctA	7155	6717	9575	9075
yhjK	394	352	123	98
bcsC	668	597	166	122
bcsZ	227	184	62	50
bcsB	312	310	131	98
bcsA	425	389	255	193
bcsE	338	255	395	282
bcsG	171	157	76	61
yhjV	179	140	58	72
dppF	624	579	45	30
dppD	839	727	49	31
dppC	681	718	36	18
dppB	879	825	40	29
dppA	16999	15663	1905	1560
eptB	883	662	571	438
yhjX	29	23	94	66
yhjY	76	62	132	94
yiaD	116	77	10	10
tiaE	601	518	100	50
yiaF	2103	1932	1019	804
glyS	4552	4214	756	689
glyQ	1891	1721	407	285
yiaH	65	48	80	71
xylB	250	209	171	153
xylA	356	304	267	185
xylF	674	617	481	366
xylG	375	288	158	153
xylH	255	195	180	104
xylR	507	411	208	180
bax	15891	13900	2356	1805
avtA	1216	1063	361	305
yiaJ	236	200	99	82
yiaK	96	102	154	124
yiaN	28	32	49	36
yiaO	94	72	64	51
sgbH	64	61	23	16
sgbU	92	78	28	31
sgbE	77	60	30	23
yiaT	30	36	36	9
yiaU	111	84	131	90
yiaV	30	21	29	20
aldB	428	314	409	263
yiaY	52	59	21	23
selB	943	905	194	151
selA	402	351	78	78
yibF	206	173	54	36
yibH	68	56	61	40
mtlA	1701	1312	1490	1174
mtlD	753	659	758	521
lldP	327	264	225	180
lldR	126	93	76	46
lldD	180	169	99	77
cysE	1137	1031	922	655
gpsA	2357	2234	613	464
gpmI	514	467	156	156
envC	600	453	68	42
yibQ	238	207	46	47
yibD	78	38	19	13
tdh	437	357	455	372
kbl	553	472	594	471
waaD	991	854	673	541
waaF	809	712	172	121
kdtA	591	493	169	121
mutM	190	144	159	139
yicR	813	696	388	292
dfp	414	398	64	58
pyrE	337	300	13	8
yicC	938	865	243	211
yicG	14	5	9	9
ligB	89	73	45	33
gmk	735	637	457	387
spoT	1841	1600	127	112
trmH	285	278	23	16
gltS	335	268	386	289
yicE	605	523	23	18
yicH	1059	888	819	630
yicI	113	93	88	77
yicJ	58	37	29	29
setC	21	11	21	16
yicL	331	259	129	79
nlpA	984	944	195	113
yicM	34	20	10	10
uhpT	115	81	38	40
uhpC	39	39	10	3
uhpB	105	63	10	5
ilvB	2187	2505	263	243
emrD	26	12	26	35
yidJ	128	101	113	95
yidK	46	30	23	12
yidL	120	109	128	117
yidP	26	18	11	9
yidE	1639	1436	958	662
yidR	336	276	194	159
cbrA	32	33	21	17
dgoT	89	51	42	55
dgoD	168	132	132	96
dgoA	59	57	60	48
dgoR	308	319	307	225
yidX	167	92	82	87
yidA	220	170	60	56
gyrB	2625	2513	1461	1256
recF	198	173	14	21
dnaN	854	699	168	141
dnaA	1546	1346	629	523
yidC	4049	3768	318	231
trmE	427	374	178	120
tnaA	1184	993	211	143
tnaB	109	95	71	65
mdtL	21	17	9	6
yidZ	119	77	49	26
yieE	408	330	69	58
yieH	248	186	76	53
yieK	35	32	21	25
yieL	45	37	15	21
bglH	22	26	42	27
bglB	18	17	10	9
bglG	30	19	17	18
phoU	977	886	287	251
pstB	819	682	212	145
pstA	211	169	24	11
pstC	245	185	59	43
pstS	760	667	60	50
glmS	2860	2647	679	538
glmU	2669	2443	493	368
atpD	26002	24286	1997	1563
atpG	15487	14304	854	734
atpA	39671	37096	2373	1768
atpB	15310	14055	1876	1342
gidB	247	214	81	77
gidA	1094	1017	148	146
asnA	786	691	106	97
yieM	244	197	49	38
ravA	225	229	93	85
trkD	332	263	67	61
rbsA	414	358	253	140
rbsC	586	411	384	280
rbsB	9857	7878	3889	3157
rbsK	1659	1493	433	315
rbsR	484	390	56	45
hsrA	119	90	45	42
yieP	170	149	140	121
hdfR	313	289	228	206
yifB	67	54	34	28
ilvE	6079	6109	301	200
ilvD	6268	5972	356	291
ilvA	3408	3150	211	163
ilvY	132	124	93	74
ilvC	8549	8392	152	112
rep	560	463	131	103
gpp	1002	885	167	115
rhlB	2006	1733	589	505
rho	2606	2270	2477	2199
rfe	972	826	332	236
wzzE	786	664	140	116
rffE	430	378	24	20
rffD	475	379	29	17
rffG	409	362	39	12
rffH	282	265	19	16
rffC	141	131	18	13
rffA	348	306	76	53
wzxE	258	225	67	35
rffT	216	185	45	27
wzyE	136	149	35	28
rffM	173	151	55	44
yifK	597	578	118	87
hemY	2186	1892	781	584
hemX	2366	2165	651	508
hemD	632	577	218	177
hemC	820	749	559	429
cyaA	1208	1080	827	666
dapF	705	572	133	103
yigA	462	365	40	25
xerC	452	409	20	17
yigB	249	274	15	14
uvrD	652	557	280	207
yigE	57	44	7	4
corA	1183	1059	485	461
rarD	114	113	68	29
pldA	842	711	163	126
recQ	605	527	39	25
rhtC	453	350	332	268
rhtB	285	240	174	113
pldB	389	311	186	115
yigL	196	179	60	58
yigM	151	110	56	57
metR	592	457	348	196
ysgA	3022	2750	360	264
udp	4260	3815	2242	1861
rmuC	676	567	512	399
ubiE	1179	1119	634	514
yigP	779	649	265	200
ubiB	1075	1007	449	351
tatC	744	646	115	123
tatD	204	141	24	32
ubiD	2652	2179	1555	1257
fre	1476	1271	974	696
fadA	2276	1971	1295	1070
fadB	6971	6022	3211	2435
pepQ	3311	3112	1411	1043
yigZ	388	390	159	126
trkH	544	455	222	143
yihE	924	871	459	353
dsbA	2466	2219	695	519
yihG	91	66	20	21
polA	2405	2134	1485	1213
hemN	977	795	420	299
glnG	312	271	147	109
glnL	206	175	87	74
glnA	4268	4189	863	679
bipA	4874	4531	1436	1180
yihL	107	85	51	47
yihM	187	181	90	70
yihN	94	111	14	18
ompL	3	5	17	14
yihO	24	16	60	56
yihP	53	37	54	46
yihQ	89	80	87	67
yihS	172	161	60	40
yihT	90	106	20	24
yihU	41	34	25	7
yihV	111	86	74	59
yihW	516	416	370	303
rbn	518	459	227	197
yiiD	816	755	182	150
fdhE	611	527	298	239
fdoI	269	269	603	449
fdoH	504	441	1165	974
fdoG	3740	3451	7827	7077
fdhD	298	257	283	240
frvB	11	17	3	3
rhaD	16	18	10	8
rhaA	15	8	6	5
rhaS	257	189	84	59
rhaR	286	200	259	239
sodA	19138	14676	5107	4120
kdgT	126	106	88	65
yiiM	303	254	148	134
cpxA	1603	1405	433	395
cpxR	1636	1375	618	455
fieF	573	525	408	347
pfkA	1569	1384	936	773
sbp	427	473	38	33
cdh	113	117	24	18
tpiA	5094	4892	790	586
fpr	674	517	497	345
glpX	195	159	199	168
glpK	1685	1390	1016	816
glpF	490	355	348	320
menA	303	302	72	59
hslU	1718	1775	1940	1424
ftsN	657	561	294	235
cytR	447	391	170	150
yiiX	127	116	48	28
metB	1344	1168	1053	476
metL	1768	1537	1313	679
metF	3173	2722	1432	740
katG	8468	7404	3760	2688
yijE	96	76	62	65
yijF	19	10	6	5
gldA	348	338	281	163
fsaB	52	63	31	16
ptsA	75	69	60	57
frwC	98	76	30	26
pflD	135	116	79	57
pflC	46	54	20	12
yijO	53	28	18	18
yijP	943	884	106	91
ppc	2301	2123	662	576
argE	802	748	174	137
argC	1225	1076	81	41
argB	876	916	62	31
argH	1744	1617	119	65
oxyR	1288	1168	620	472
sthA	3528	2967	2914	2510
fabR	1808	1534	1262	1098
trmA	554	474	196	140
btuB	1435	1257	396	301
murI	279	269	152	122
murB	1064	964	450	323
birA	550	471	239	202
coaA	990	868	232	201
tufB	98636	91204	7049	5451
rplA	15297	15336	1759	1333
rpoB	34632	31699	5908	4430
rpoC	38008	35815	6843	5345
thiH	2552	2018	355	230
thiG	1904	1456	235	134
thiF	2112	1613	204	171
thiE	1847	1436	219	149
thiC	7550	5897	1146	779
nudC	250	220	79	67
hemE	581	547	180	124
nfi	259	215	40	29
yjaH	762	568	81	79
zraR	340	328	247	170
purD	868	775	77	55
purH	790	677	43	39
metA	3606	3032	2644	1424
aceA	3848	3644	3358	2602
aceK	503	473	1048	936
iclR	269	238	258	232
metH	6322	5731	2551	1862
yjbB	340	246	125	102
pepE	1278	1107	280	306
yjbC	711	601	306	246
lysC	2275	2146	494	510
pgi	3449	3069	1813	1467
yjbF	3	8	1	3
yjbG	9	1	1	1
yjbH	33	22	14	12
xylE	52	32	93	58
malG	839	731	135	119
malF	1919	1700	33	33
malE	12946	11690	86	90
malK	3337	3035	23	19
malM	2134	1824	57	76
ubiA	647	538	1187	882
plsB	2009	1882	1296	951
lexA	863	783	1357	1037
dinF	118	120	73	59
yjbM	6	4	7	11
yjbN	467	477	138	101
qor	587	520	311	286
dnaB	678	620	102	92
alr	301	266	122	89
tyrB	2642	2269	193	157
aphA	1013	879	363	320
uvrA	630	632	353	290
yjcC	61	59	147	107
yjcE	674	619	189	177
actP	7858	6913	970	740
acs	22400	21202	6193	4326
nrfA	64	59	33	29
nrfC	14	10	5	1
nrfD	22	19	8	7
gltP	79	72	60	33
yjcO	874	810	467	498
fdhF	173	136	141	94
yjcQ	40	26	7	10
yjcR	19	10	5	5
phnL	0	1	0	1
phnK	18	20	12	11
phnJ	9	4	2	1
phnI	0	5	1	1
phnF	3	1	0	0
phnD	7	2	3	2
phnC	9	4	1	1
yjcZ	17	12	17	10
proP	284	285	267	209
basS	414	343	56	43
basR	420	340	102	66
eptA	456	436	55	58
adiC	17	12	32	20
adiY	13	12	53	34
adiA	36	31	46	37
melR	306	228	517	377
melA	320	297	129	109
melB	172	123	96	62
yjdF	108	85	57	36
fumB	500	471	453	353
dcuB	61	36	66	47
dcuR	793	689	273	208
dcuS	889	776	375	262
lysU	539	492	170	152
yjdL	33	27	29	26
cadA	97	78	83	72
cadB	15	7	12	8
cadC	58	52	121	110
dipZ	457	417	89	73
dcuA	2483	2175	4978	4483
aspA	20727	16754	24403	19910
yjeH	175	139	136	103
groL	30232	28015	23628	16825
yjeJ	151	134	98	86
yjeK	267	268	78	55
frdB	1205	1085	1334	1072
frdA	3142	2968	3498	2661
poxA	135	124	100	68
yjeP	755	693	112	77
psd	859	726	265	188
rsgA	958	809	269	204
yjeS	110	98	101	87
yjeF	201	201	149	113
amiB	509	464	256	165
mutL	867	769	570	431
miaA	5344	4757	3228	2601
hflX	4244	3358	1483	1136
hflK	4728	4521	1140	800
hflC	4173	3899	1069	796
purA	5639	5159	2047	1548
rnr	4018	3628	3009	2226
rlmB	603	577	280	200
yjfJ	44	38	18	17
yjfK	11	17	5	5
yjfC	69	63	37	38
aidB	136	116	125	79
yjfP	167	156	133	88
ulaR	262	198	332	287
ulaG	58	42	54	43
ulaA	59	53	35	22
ulaD	93	64	32	22
ulaE	79	88	33	22
ulaF	47	36	30	21
ytfB	659	562	569	443
fklB	552	525	58	69
cycA	6804	5754	3096	2424
ytfE	140	93	129	90
ytfF	58	54	37	29
ytfG	48	32	47	25
cpdB	2779	2370	1135	881
cysQ	559	464	978	712
ytfL	245	211	227	183
msrA	211	167	209	167
ytfM	417	358	194	146
ytfQ	971	777	583	417
ytfT	70	48	107	82
yjfF	79	80	129	115
fbp	1108	1080	2090	1959
mpl	1493	1250	461	317
pmbA	726	604	392	297
nrdD	202	183	126	139
treC	112	137	26	14
treB	145	122	62	39
treR	192	186	99	78
mgtA	1980	1696	335	264
pyrB	231	228	12	7
yjgI	20	18	27	14
argI	858	802	51	38
valS	5487	5189	996	725
pepA	3791	3474	776	610
yjgP	986	806	389	323
yjgQ	914	768	415	347
yjgB	48	35	33	20
yjhT	243	167	209	174
yjhA	99	100	43	21
fimB	237	206	27	16
fimC	665	768	316	224
fimH	321	310	103	70
gntP	209	148	174	145
uxuA	509	427	728	562
uxuB	599	525	354	244
uxuR	358	306	419	341
yjiE	133	115	49	26
iadA	365	347	46	45
yjiH	13	10	24	12
yjiK	105	68	73	64
hgdC	73	66	26	26
yjiM	202	229	124	73
yjiN	74	55	35	30
yjiY	814	746	584	430
tsr	107	84	81	63
mdoB	1881	1478	425	321
dnaC	200	184	38	45
yjjP	74	55	55	56
yjjQ	13	15	9	12
bglJ	54	26	44	28
rsmC	312	263	50	52
yjjG	161	144	36	16
prfC	826	770	35	33
osmY	45	39	168	147
yjjU	235	196	59	54
yjjW	20	24	8	6
yjjI	40	25	31	26
deoC	298	289	388	279
deoA	726	595	438	346
deoB	1480	1299	1951	1526
deoD	1316	1206	1973	1809
ytjB	228	206	146	127
serB	688	619	62	46
radA	869	818	123	75
nadR	978	853	200	151
slt	986	833	746	547
ytjC	1138	953	263	214
rob	1283	1066	1069	1044
creB	517	420	130	95
creC	241	231	51	60
arcA	4677	3951	13489	10931
yjtD	138	155	128	102
