	K12_batch1	K12_batch2	K12_starvation1	K12_starvation2
thrA	25950	39824	121	179
thrB	7781	12128	150	162
thrC	13577	20772	160	193
yaaA	619	904	16	15
yaaJ	74	122	26	21
talB	7324	8561	189	186
htpY	29	48	10	11
dnaK	27578	45536	2666	2810
dnaJ	3830	6044	395	466
nhaA	531	738	490	634
nhaR	300	374	28	34
ribF	2406	3446	55	62
ileS	8183	13273	153	193
ispH	1291	1935	15	24
rihC	79	82	7	12
dapB	5836	8153	32	43
carA	6490	9733	11	21
carB	15231	24948	60	65
caiD	12	16	1	1
caiB	77	95	6	3
caiA	126	192	17	22
caiT	6	12	0	1
fixA	12	20	1	0
fixB	13	30	1	0
fixC	34	42	1	1
yaaU	11	28	1	2
kefC	231	387	19	12
apaH	290	497	29	47
ksgA	1092	1595	194	189
surA	4183	6376	511	568
imp	6577	8590	1097	1146
djlA	623	891	13	13
rluA	217	285	28	34
hepA	1015	1318	45	45
polB	151	261	24	31
araD	6	11	12	10
araA	36	46	69	62
araC	362	530	255	324
yabI	200	341	97	101
thiQ	237	350	5	5
tbpA	542	784	6	9
setA	376	528	26	31
leuD	4013	5416	78	80
leuC	5860	8271	85	72
leuB	4498	6431	75	71
leuA	6919	9120	79	65
leuO	68	117	14	18
ilvI	5505	8023	28	35
fruR	1318	1944	219	234
mraW	1538	2350	72	100
ftsI	1499	2070	42	60
murE	1677	2747	41	39
murF	1504	2176	27	23
mraY	893	1317	32	22
murD	1555	2427	24	38
ftsW	1385	2004	25	34
murG	1141	1610	24	20
murC	1692	2468	25	30
ddlB	1666	2380	111	124
ftsQ	1752	2438	175	166
ftsA	4768	6535	193	229
ftsZ	10342	15339	380	406
lpxC	11045	16883	4494	5402
secA	6836	9599	201	219
yacF	561	798	25	21
coaE	490	629	32	39
guaC	1748	2307	15	19
hofC	67	101	5	5
hofB	89	81	3	3
nadC	357	426	11	14
ampE	334	544	53	37
aroP	6091	8732	151	146
pdhR	640	970	35	34
aceE	26955	40157	452	517
aceF	13847	22670	357	434
lpd	24384	34750	613	703
acnB	12501	17826	576	752
speD	3438	4389	49	61
speE	3764	4937	32	38
cueO	568	899	21	20
gcd	982	1327	114	108
can	7860	10483	42	42
yadG	854	1201	27	33
yadH	483	761	36	36
yadD	396	529	12	18
panC	2649	4100	46	59
yadL	19	40	4	4
ecpD	9	9	0	0
pcnB	1859	2560	16	20
yadB	236	323	13	7
sfsA	1660	2021	1564	1589
mrcB	1539	2297	36	52
fhuA	5491	8279	286	339
fhuC	420	725	16	17
fhuD	282	507	1	2
hemL	2194	3327	223	296
clcA	821	1082	128	141
yadS	183	282	6	7
btuF	213	322	2	3
pfs	1858	2568	121	104
dgt	899	1253	11	21
degP	3942	6474	228	214
cdaR	156	232	42	57
dapD	13366	19986	96	108
glnD	922	1215	30	25
map	4040	5359	125	126
rpsB	35188	51824	438	577
tsf	22872	35019	166	218
pyrH	4249	6133	58	77
dxr	736	981	40	63
ispU	3156	4146	44	45
cdsA	1343	1995	83	86
yaeL	5186	6847	142	150
yaeT	14267	19987	202	253
lpxD	7145	10452	144	177
lpxA	2998	4840	102	121
lpxB	1385	2085	12	27
dnaE	3167	4313	62	47
accA	3240	4865	69	76
ldcC	399	587	124	136
nlpE	391	515	46	42
proS	6693	10197	145	146
yaeB	107	141	9	13
metQ	9594	13983	85	69
metI	2289	3293	29	27
metN	2318	3706	14	26
dkgB	418	554	9	13
yafC	340	498	47	40
yafD	799	1166	239	197
mltD	11825	16086	115	148
gloB	638	798	73	55
yafS	380	508	25	29
dnaQ	1056	1407	105	101
yafT	11	16	0	0
yafV	227	291	57	60
fadE	341	498	1954	2153
yafJ	639	891	11	11
yafK	1468	2013	24	22
dinB	138	224	54	60
pepD	5011	6867	142	163
frsA	425	608	52	33
phoE	49	40	1	1
proB	1535	2451	41	49
proA	2284	3574	139	139
yagR	22	38	14	15
yagS	3	8	2	2
yagT	7	8	3	3
yagU	633	938	26	42
yagV	47	44	4	4
yagW	79	112	11	8
yagX	74	101	8	13
yagY	14	16	1	1
insF	1303	1798	45	90
ykgC	93	150	31	35
ykgD	64	88	8	6
ykgE	62	59	13	17
ykgF	125	202	28	18
ykgG	115	169	8	7
betA	327	509	1	4
betT	430	668	105	111
yahB	168	221	18	9
yahD	71	83	9	10
yahG	31	38	2	1
yahI	12	27	0	2
yahJ	194	306	13	9
yahK	677	939	58	57
yahN	10	15	29	21
prpR	39	38	85	133
prpB	2	2	112	282
prpC	8	14	12	59
prpD	15	14	28	52
prpE	32	38	24	67
codB	3317	5340	6	10
codA	5522	8641	22	29
cynT	15	33	4	1
cynX	21	26	1	0
lacY	32	49	13	9
lacI	299	412	119	139
mhpR	274	347	528	602
mhpB	9	26	0	1
mhpC	34	50	1	2
mhpD	29	51	1	1
mhpF	49	53	3	5
mhpE	41	62	6	5
mhpT	48	91	16	22
frmA	548	831	28	27
yaiO	28	31	42	39
yaiP	34	33	12	12
tauA	25	45	2	3
tauB	20	37	0	1
tauD	37	48	7	2
hemB	1667	2225	19	5
yaiV	12	22	0	1
ampH	347	465	9	17
sbmA	340	434	33	60
yaiW	453	647	33	42
ddlA	1017	1537	87	73
phoA	279	335	17	17
yaiC	35	43	7	19
proC	258	322	11	13
aroM	219	340	14	22
rdgC	1598	1972	19	26
mak	351	519	107	117
araJ	114	187	24	18
sbcD	211	329	7	9
phoB	194	254	18	16
phoR	177	215	6	9
brnQ	479	788	275	315
proY	402	570	14	26
malZ	394	561	17	15
queA	445	599	2	2
tgt	4179	5237	47	36
secD	7401	10960	118	127
secF	3362	5028	181	193
tsx	3753	5406	125	110
ribD	785	1175	37	58
thiL	430	629	6	9
yajO	782	1100	1109	1111
dxs	1757	2499	38	52
ispA	789	1030	12	16
thiI	1128	1691	34	45
panE	549	828	118	127
yajR	330	492	10	14
cyoE	6888	10920	147	162
cyoC	5256	7663	61	89
cyoB	24764	36234	252	262
cyoA	16037	24158	193	201
ampG	436	533	2	1
tig	28748	44907	190	208
clpP	3436	4697	243	282
clpX	6742	10769	1280	1398
lon	9078	14444	231	259
ppiD	7020	9927	148	184
queC	1058	1534	28	16
ybaE	94	142	70	82
cof	180	248	36	36
mdlA	268	347	18	19
mdlB	179	256	2	5
amtB	282	422	11	10
tesB	269	493	20	20
ylaB	268	325	57	82
acrB	7739	11652	176	241
acrA	5865	7728	73	80
acrR	578	706	17	25
kefA	1775	2629	30	36
dnaX	1618	2125	33	35
recR	1179	1771	31	38
htpG	6943	11246	309	354
adk	7421	9786	27	36
hemH	249	358	101	117
aes	55	84	24	20
gsk	1048	1342	12	6
ybaL	877	1311	149	144
fsr	176	228	8	8
ushA	1642	2344	193	190
ybaP	217	302	8	5
copA	778	1136	89	114
ybaS	73	97	22	34
ybaT	55	99	20	28
ybbK	354	540	839	801
ybbL	374	490	11	9
ybbM	272	373	10	13
ybbN	1815	2776	53	62
ybbO	298	394	11	13
tesA	324	397	34	40
ybbA	129	227	34	27
ybbP	289	484	27	23
ybbB	169	254	11	9
ybbS	12	18	0	1
allR	1371	2024	1914	2358
gcl	52	66	36	37
hyi	10	27	4	3
glxR	20	29	3	1
ybbW	4	8	14	11
allB	51	65	23	37
ybbY	27	28	6	4
glxK	63	96	10	12
ylbA	289	377	2	6
allC	124	177	6	8
allD	14	16	1	1
ylbE	21	33	2	1
ylbF	13	22	1	1
ybcF	49	75	2	4
purK	2096	3142	3	10
lpxH	718	1101	5	4
cysS	2250	3237	33	35
folD	844	1037	22	15
sfmC	5	10	0	0
sfmH	8	10	2	0
fimZ	8	13	2	0
envY	38	64	3	1
ybcH	44	69	5	3
nfrB	135	131	25	21
cusR	107	184	4	9
cusC	1334	1128	6	8
cusB	18	37	3	0
cusA	53	95	5	9
pheP	392	720	7	10
ybdG	692	1035	17	21
nfnB	1125	1555	12	19
ybdK	57	74	349	332
fepA	2018	2915	30	34
fepC	205	252	2	1
fepG	96	149	3	6
fepD	60	91	8	14
ybdA	242	395	4	8
fepB	242	319	6	13
entC	621	906	13	22
entE	782	1270	32	33
entB	676	1051	18	22
entA	443	633	12	22
cstA	1814	2653	11411	11939
ybdH	631	956	205	230
ybdL	427	641	5	16
ibrB	70	89	3	3
ibrA	35	32	2	3
ybdO	20	32	5	1
dsbG	308	347	26	28
ahpF	3667	5373	73	87
ybdR	105	155	16	21
rna	484	585	77	69
citT	35	50	3	3
citG	15	16	6	1
citF	5	6	1	2
citE	9	12	2	1
citC	27	31	0	1
citA	211	312	7	8
citB	109	165	4	3
dcuC	45	60	9	9
lipA	1572	2400	194	223
ybeF	96	105	5	10
lipB	685	743	2	4
dacA	2046	2855	13	10
rlpA	1707	2318	39	44
mrdB	890	1142	16	19
mrdA	1360	1717	14	10
phpB	64	120	7	5
nadD	227	292	3	9
holA	827	989	14	18
leuS	9928	14017	428	444
ybeQ	102	151	125	162
ybeU	18	15	0	0
hscC	77	113	9	9
rihA	541	654	32	31
gltL	577	832	12	8
gltK	313	431	9	15
gltJ	251	418	8	9
gltI	3044	4216	348	383
ybeX	2843	3910	603	688
ybeZ	2700	3928	810	819
miaB	1941	2938	65	85
asnB	3214	4530	86	70
nagD	781	1019	19	16
nagC	850	1055	44	66
nagA	794	1142	121	123
nagB	451	594	123	130
nagE	1190	1765	501	525
glnS	4965	7319	56	44
ybfM	25	36	7	7
ybfF	234	337	8	8
pgm	4722	6912	159	221
potE	104	125	33	46
kdpE	51	80	46	59
kdpD	273	406	270	312
kdpB	46	84	2	3
ybgH	405	567	9	7
ybgI	2212	3079	129	94
ybgJ	1102	1558	61	61
ybgK	1209	1674	72	71
nei	241	361	2	3
abrB	67	100	6	4
gltA	10494	13211	1028	1155
sdhA	6657	9406	268	337
sdhB	3629	4830	129	165
sucA	12401	18181	389	435
sucB	7042	11045	212	265
sucC	10310	15054	241	370
sucD	8095	12225	248	315
mngR	305	393	10	11
mngA	16	21	2	2
cydA	3558	6420	569	650
cydB	2452	3882	438	494
tolQ	1447	2111	14	15
tolA	2473	3469	103	123
tolB	9312	13620	268	296
ybgF	5962	8379	86	99
nadA	3538	4871	83	77
pnuC	1392	2080	145	143
zitB	338	509	66	61
aroG	10537	13290	41	63
gpmA	15188	22630	1059	1123
galM	1971	3051	53	68
galK	1411	1996	55	79
galT	363	468	45	59
galE	571	750	132	157
modF	1660	2219	27	38
modE	468	579	8	17
modA	1200	1577	33	45
modB	504	710	13	20
modC	834	1182	23	25
ybhA	511	675	8	10
pgl	741	1052	53	70
ybhD	32	51	1	4
ybhH	3	6	0	0
ybhI	999	1006	8	14
ybhJ	101	119	4	5
ybhC	2811	4127	31	27
bioB	1683	2312	25	21
bioC	390	608	4	6
bioD	457	679	3	3
uvrB	1044	1609	236	244
ybhK	491	726	13	8
moaA	1405	1933	90	92
ybhL	627	838	1693	1741
ybhN	36	56	16	12
ybhO	90	117	40	41
ybhP	95	145	42	31
ybhR	63	68	10	15
ybhS	73	93	4	11
ybhF	264	358	21	39
ybhG	252	326	37	38
ybiH	109	146	15	17
rhlE	262	376	3	1
dinG	235	362	44	47
ybiB	716	906	128	134
ybiC	5256	7057	125	132
ybiX	113	154	9	18
fiu	931	1118	9	10
ybiN	328	473	7	7
ybiO	83	156	44	47
glnQ	1059	1808	40	65
glnP	960	1467	95	109
glnH	3935	4937	618	624
rhtA	78	104	10	8
ybiR	340	455	31	36
ybiS	2072	2669	73	99
ybiT	2545	3528	46	54
ybiU	289	427	7	11
ybiV	674	774	16	9
ybiW	82	102	7	15
ybiY	20	25	3	0
fsaA	106	143	10	7
moeB	412	585	10	16
moeA	590	929	36	44
iaaA	2493	3671	123	125
yliA	2086	2977	51	58
yliB	1645	2399	38	46
yliC	496	732	8	8
yliD	403	534	2	10
yliE	936	1286	1	3
yliF	365	480	1	0
yliG	729	964	2	1
yliI	85	122	47	42
yliJ	1756	2456	36	43
dacC	1664	2521	604	578
deoR	575	788	19	16
cmr	266	340	229	218
ybjI	481	670	12	16
ybjJ	191	283	11	10
ybjL	568	840	65	58
nfsA	758	1041	14	16
rimK	466	735	8	17
potF	1400	2120	237	221
potG	520	811	41	49
potH	238	384	19	20
potI	146	289	22	29
rumB	324	438	2	3
artJ	5870	7446	14	17
artM	665	1006	11	25
artQ	471	758	20	27
artI	1426	2203	195	233
artP	920	1154	102	137
ybjR	326	547	334	315
ybjS	257	329	33	37
ybjT	521	750	17	17
ltaE	821	1259	64	57
poxB	637	835	144	132
hcr	19	29	2	2
hcp	28	46	1	1
ybjE	83	94	4	7
aqpZ	66	86	45	49
ybjD	787	1130	103	123
ybjX	2801	3614	63	65
macA	488	674	37	37
macB	419	685	90	188
clpA	14584	21891	3423	3625
aat	127	143	4	10
cydC	766	1131	15	11
cydD	928	1244	10	19
trxB	5607	8278	37	43
lolA	1260	1590	58	75
ycaJ	511	675	13	14
serS	3187	4917	332	383
dmsA	135	252	12	14
dmsB	33	64	5	3
dmsC	60	103	13	15
ycaC	216	254	35	34
ycaD	343	488	15	23
ycaM	38	45	18	18
ycaN	91	148	3	3
pflA	429	547	181	164
pflB	22310	33451	2042	2257
focA	1642	2326	228	234
ycaO	1635	2061	14	24
ycaP	206	225	61	80
serC	15605	22902	75	139
aroA	9402	12319	26	36
ycaL	79	103	5	8
cmk	7922	9224	240	300
rpsA	93139	132026	3885	4060
msbA	2258	3114	35	34
lpxK	324	526	21	21
kdsB	1508	2305	54	55
ycbJ	175	252	104	135
smtA	1001	1344	12	15
mukF	1507	2123	16	18
mukE	1027	1255	7	10
mukB	5609	8273	55	62
ycbB	791	1209	2488	2530
ycbL	1920	2862	48	41
aspC	6162	8045	83	97
ompF	241435	312515	1732	1878
asnS	7553	11296	169	219
pncB	2300	3230	47	31
pepN	3094	4004	375	375
ssuC	14	19	1	0
ssuA	12	23	3	0
ycbR	17	17	2	8
ycbT	74	114	5	12
ycbF	73	107	4	2
pyrD	957	1291	3	4
ycbX	619	808	6	7
ycbY	1448	2158	26	28
uup	2378	3333	109	113
pqiA	437	658	55	64
pqiB	944	1308	70	88
ycbZ	1591	2208	504	552
yccR	300	337	52	56
yccS	701	979	29	30
helD	1459	2155	130	140
yccT	25	24	15	13
yccW	884	1216	318	326
yccA	4108	5564	458	434
hyaA	15	17	10	8
hyaB	22	31	8	9
hyaC	15	30	5	3
hyaF	28	28	3	0
appC	82	131	11	16
appB	53	73	2	3
appA	77	114	6	7
yccC	326	495	39	60
yccZ	77	115	6	3
ymcA	69	100	0	1
ymcB	12	15	0	0
ymcC	17	29	4	3
yccM	33	62	2	3
torR	155	243	6	10
torC	28	39	3	4
torA	80	120	6	14
cbpA	649	994	162	154
agp	509	780	3369	3394
rutG	67	107	21	10
rutD	8	11	0	1
rutB	4	7	1	1
rutA	6	12	5	0
rutR	231	367	39	37
putP	1346	2074	1338	1445
efeO	1308	1919	2	7
efeB	652	1002	5	10
phoH	1257	1597	2120	2519
ycdW	1375	2071	25	27
ycdX	1562	2041	25	35
csgG	242	363	7	13
csgD	402	546	16	11
ymdC	396	554	78	83
mdoC	201	258	13	12
mdoG	3011	3822	82	97
mdoH	2299	3343	74	75
mdtG	40	64	3	6
lpxL	152	194	27	31
yceA	2811	3579	15	8
solA	1128	1459	19	18
pyrC	1297	1596	7	11
grxB	586	728	63	75
mdtH	18	32	3	2
yceH	785	1113	196	174
mviM	588	973	201	185
mviN	334	426	3	15
flgA	4095	5330	44	45
flgD	8892	11956	76	90
flgF	5532	7855	52	72
flgG	6519	8987	47	45
flgH	2265	3066	11	20
flgI	2478	3432	12	20
flgJ	1914	2519	11	12
flgK	13374	17317	194	219
flgL	13802	18309	185	182
rluC	2057	2850	18	28
plsX	3753	5408	92	97
fabH	5493	7779	173	168
fabD	7955	11224	120	162
fabG	13468	18270	765	892
fabF	8084	13271	286	400
pabC	385	538	12	9
yceG	332	423	13	12
tmk	257	384	14	9
holB	308	452	9	4
ycfH	525	672	293	263
ptsG	18444	27338	368	455
fhuE	323	495	9	19
ycfM	854	1256	38	52
ycfN	531	772	24	22
nagZ	1513	2002	127	117
ndh	1816	2707	40	33
ycfQ	423	563	60	59
ycfS	338	411	18	11
mfd	2551	3579	30	38
lolC	691	875	5	7
lolD	386	516	5	7
lolE	1077	1478	169	177
ycfX	731	1044	121	133
cobB	932	1312	41	46
potD	5448	7821	75	69
potC	1097	1352	13	15
potB	513	663	12	7
potA	882	1099	11	14
pepT	1275	1923	273	309
ycfD	1220	1799	212	215
phoQ	1389	1803	45	61
phoP	1757	2369	126	139
purB	1267	1599	14	20
hflD	302	376	8	8
trmU	1180	1555	14	18
ymfC	151	198	4	4
icd	69772	99814	1315	1435
ycgE	845	1083	71	55
ycgF	306	295	20	18
ycgG	30	45	16	8
minD	4003	5884	89	100
minC	1551	2023	47	63
ycgM	809	1317	35	47
umuC	104	130	16	18
nhaB	281	385	9	7
fadR	731	980	125	106
ycgB	404	506	5175	5946
dadA	380	652	1674	1897
dadX	257	405	431	509
cvrA	928	1192	23	28
emtA	873	1319	114	103
ycgR	3366	3842	26	39
treA	99	104	162	164
dhaH	1040	1551	40	43
dhaL	591	817	17	15
dhaK	888	1161	51	35
dhaR	361	526	15	11
ychF	4559	6428	57	58
ychM	141	232	286	382
prsA	2953	3700	31	37
ispE	972	1331	20	17
lolB	726	960	17	16
hemA	973	1317	20	32
prfA	999	1271	10	13
prmC	274	343	1	7
ychA	1348	1922	32	34
kdsA	3567	5170	88	91
chaA	1202	1586	24	27
chaC	363	536	106	105
ychP	322	437	14	20
narL	355	533	5	2
narX	353	533	39	41
narK	17	37	35	29
narG	124	187	17	15
narH	63	142	2	6
narJ	20	47	5	2
narI	18	54	3	9
purU	4670	6088	39	37
rssA	783	1000	170	175
rssB	534	688	393	391
galU	3680	5678	314	427
tdk	956	1173	8	8
adhE	8731	11950	2055	2009
ychE	138	159	3	5
oppA	42043	58259	757	773
oppB	5576	7788	58	66
oppC	5705	7731	73	87
oppD	5577	8451	83	84
oppF	5545	8179	100	92
cls	1383	1989	101	100
kch	362	554	7	7
tonB	1124	1552	35	29
yciC	626	869	108	132
ompW	443	825	41	44
trpA	2004	2985	23	17
trpB	3725	5483	47	47
trpD	1909	2682	16	15
trpE	833	1084	5	6
yciV	842	1046	45	59
yciO	672	868	84	113
rluB	1425	2196	23	24
yciK	558	724	15	21
sohB	2838	4037	103	120
topA	8171	11701	208	226
cysB	1449	1925	61	87
acnA	3051	4144	1720	1940
pgpB	389	544	53	53
yciM	1076	1510	58	61
pyrF	1558	2431	11	9
deoT	372	402	18	18
gmr	486	588	641	662
rnb	6609	9053	31	37
fabI	9584	14235	260	299
sapF	148	182	35	31
sapD	313	389	90	96
sapC	129	173	61	62
sapB	147	208	107	108
sapA	289	412	196	223
puuP	99	142	21	26
puuA	683	924	177	174
puuD	477	662	429	389
puuB	55	99	28	29
puuE	82	106	18	24
pspF	200	261	9	14
pspA	1447	1929	310	284
ycjM	20	25	1	0
ycjN	10	11	0	0
ycjO	6	7	2	1
ycjP	12	9	1	1
ycjQ	15	35	1	3
ycjR	16	30	4	3
ycjS	49	58	0	3
ycjU	1	9	0	0
ompG	5	6	0	0
ycjW	178	205	1	1
ycjX	462	753	30	37
ycjF	397	574	20	26
tyrR	1341	2122	319	312
ycjG	381	471	194	219
mpaA	195	241	59	51
ycjZ	280	389	8	6
mppA	798	1135	138	140
ynaI	403	499	11	15
uspE	3015	4183	4784	4884
fnr	3109	4444	574	635
abgT	46	65	5	4
abgB	50	59	19	19
abgA	34	57	5	1
abgR	96	153	9	11
ydaM	229	328	52	64
ydaN	487	752	152	175
dbpA	200	287	6	5
ydaO	1397	2058	45	55
ompN	1567	2481	23	32
ldhA	836	1276	112	116
feaR	166	221	60	77
feaB	206	290	96	87
maoC	20	32	2	3
paaA	12	23	2	2
paaC	15	24	1	3
paaJ	17	36	1	3
paaF	9	33	2	0
paaG	19	20	0	0
paaH	39	56	2	2
paaE	147	185	116	109
paaK	122	170	65	81
paaX	398	554	115	101
ydbC	108	173	199	199
azoR	366	514	9	7
hrpA	2234	3219	142	156
ydcF	482	579	27	20
aldA	5976	7454	6400	6611
trg	1403	1839	178	165
ydcI	893	1038	216	275
ydcJ	75	114	364	347
mdoD	1625	2291	42	54
ydcK	176	230	206	253
tehA	224	306	12	29
ydcL	1092	1470	796	861
ydcO	40	70	9	3
ydcP	1347	2079	24	24
ydcR	439	623	13	18
ydcS	56	96	1206	1326
ydcT	25	24	172	209
ydcU	23	42	48	58
ydcV	66	105	29	47
ydcW	291	477	111	128
yncB	351	517	94	97
yncC	111	160	28	33
yncD	519	665	10	13
yncE	6407	8709	134	139
ansP	248	340	11	11
yncG	50	76	38	36
nhoA	178	255	22	16
narV	31	37	9	4
narW	31	21	5	2
narY	41	65	9	9
narZ	73	131	18	24
narU	22	21	8	6
yddG	160	266	3	3
fdnG	124	173	59	67
fdnH	31	47	8	12
fdnI	40	63	16	17
adhP	382	560	119	114
sfcA	3401	4678	52	65
ddpD	24	40	5	2
ddpC	25	26	3	4
ddpB	7	15	1	1
ddpA	32	40	13	20
dos	179	217	95	88
yddV	270	346	465	427
yddW	257	348	9	8
gadC	263	399	48	70
gadB	375	618	89	104
ydeM	13	20	1	1
ydeN	78	96	18	21
ydeO	21	27	2	3
ydeP	139	219	5	6
ydeQ	16	28	2	0
lsrK	83	168	89	113
lsrR	229	314	116	87
lsrC	6	28	52	70
lsrD	28	18	57	31
lsrB	57	57	64	58
lsrF	81	125	54	86
tam	136	165	93	88
yneE	139	208	25	24
uxaB	88	104	48	31
yneF	96	116	6	12
yneH	420	602	4	4
yneI	587	774	10	11
ydeA	256	340	3	12
marC	208	266	70	62
eamA	869	1172	50	33
ydeE	150	194	12	16
ydeH	253	403	43	41
dcp	3664	4978	40	54
ydfG	2413	3728	107	126
ydfH	568	786	12	6
ydfT	159	193	9	8
ydfU	10	22	3	2
rspB	84	109	12	8
rspA	65	76	5	3
ynfC	445	613	58	51
ynfF	184	267	10	9
ynfG	37	32	1	4
ynfH	196	301	6	14
dmsD	343	470	5	5
clcB	31	67	4	1
ynfK	209	315	122	115
dgsA	828	1116	36	44
ynfL	77	107	19	17
ynfM	154	169	6	11
ydgD	315	511	684	685
ydgG	179	273	30	29
pntB	25474	38427	485	541
pntA	42379	61030	449	474
ydgH	3530	4700	67	81
ydgI	100	139	10	12
folM	238	309	21	15
rstA	892	1075	15	12
rstB	845	1136	14	22
tus	197	260	64	52
fumC	1974	2515	455	417
fumA	2396	3340	1173	1343
manA	1211	1759	55	49
ydgA	4754	6473	2038	2189
uidC	11	19	7	6
uidB	10	11	3	3
uidA	50	63	25	34
hdhA	1289	1955	139	166
malI	80	158	163	369
malX	176	258	13	18
malY	382	505	12	12
add	193	310	27	14
ydgJ	1478	2029	80	75
rsxD	230	331	0	1
rsxG	161	252	3	2
rsxE	105	149	2	4
nth	118	140	0	2
ydgR	200	319	17	18
gst	704	908	179	169
pdxY	669	1075	16	15
tyrS	5469	8055	74	92
pdxH	1149	1566	8	10
anmK	472	704	49	51
ydhJ	73	114	5	2
ydhF	494	714	207	223
nemA	306	412	20	14
rnt	134	180	6	1
ydhO	297	312	11	17
ydhP	271	370	4	8
purR	2504	3496	22	30
ydhB	157	220	14	26
ydhC	101	131	8	7
cfa	1610	2166	212	213
ribC	2229	3092	42	45
mdtK	404	592	89	117
ydhQ	1548	2222	261	273
ydhS	207	288	276	268
ydhT	57	55	17	18
ydhU	58	89	13	9
ydhX	48	70	0	2
ydhV	35	48	8	7
ydhY	7	10	0	0
pykF	8919	12056	491	487
ynhG	786	1046	4124	3953
sufS	511	630	224	206
sufC	304	423	149	185
sufB	930	1190	687	649
ydiK	411	596	86	94
ydiM	11	14	2	2
ydiN	9	10	1	1
ydiB	84	110	2	4
aroD	430	641	9	10
ydiF	27	28	0	1
ydiO	27	42	0	1
ydiP	101	126	12	11
ydiQ	17	20	1	2
ydiR	27	38	11	4
ydiS	40	44	2	2
ydiD	78	103	5	6
pps	6263	9489	724	778
ydiA	241	276	19	12
aroH	689	899	9	13
ydiV	183	244	4	8
btuD	405	561	14	19
btuC	224	359	18	12
pheT	12702	18312	1820	2195
pheS	5056	6757	27	26
thrS	25147	32844	1108	1119
ydiY	330	354	4	6
pfkB	107	112	61	69
yniA	418	640	1984	2273
yniC	174	217	7	8
ydjN	8661	13446	68	66
katE	561	727	41	47
chbF	191	265	7	8
chbR	168	208	13	20
chbC	69	90	12	11
nadE	3006	4255	40	42
ydjQ	158	216	7	4
astE	22	33	318	384
astB	22	47	518	664
astA	33	43	850	964
astC	51	82	1880	1870
xthA	977	1422	33	25
ydjX	86	112	9	11
ydjZ	54	98	11	13
ynjE	290	446	8	8
ynjF	57	96	8	8
gdhA	23864	36228	108	91
topB	1488	2269	26	33
selD	2405	3602	168	167
sppA	1482	2160	40	56
ansA	425	515	6	7
pncA	433	583	29	29
ydjE	41	43	9	8
ydjF	364	544	48	49
ydjG	85	131	4	5
ydjH	39	85	0	0
ydjI	52	63	0	2
ydjJ	45	49	0	1
ydjK	17	34	1	1
ydjL	48	56	3	1
gapA	72681	99485	606	639
yeaD	1135	1379	11	10
yeaE	351	495	35	30
mipA	3217	4223	82	91
yeaG	1109	1539	11374	11387
yeaH	251	298	3527	3576
yeaI	24	25	22	21
yeaJ	233	280	7	11
yeaM	159	190	16	20
yeaN	71	105	7	7
yeaP	1337	1574	11	15
yeaS	52	72	9	7
yeaT	204	298	65	44
yeaU	97	149	21	19
yeaV	14	24	3	1
yeaW	23	28	1	2
yeaX	65	97	2	4
rnd	473	595	19	21
fadD	486	693	7334	8341
yeaZ	811	1077	6	13
yoaA	503	683	6	6
sdaA	265	373	1052	1073
adrB	103	151	14	15
yoaE	441	679	21	23
manX	7484	10399	236	262
manY	5202	7860	148	193
rrmA	456	555	9	3
kdgR	2102	2993	454	429
yebQ	28	33	7	5
htpX	3495	5526	2015	1915
prc	6818	10036	116	112
yebS	236	295	28	27
yebT	620	906	31	47
yebU	245	332	4	6
pphA	75	118	41	56
yebZ	1208	1558	13	9
yobB	127	197	60	61
exoX	215	312	22	14
ptrB	420	627	133	135
yebE	254	340	110	124
purT	1725	2664	12	11
eda	1312	2152	44	32
edd	1358	1685	19	25
zwf	7329	9929	110	107
yebK	635	809	79	75
pykA	2993	4126	241	230
lpxM	733	980	24	19
yebA	4992	6944	59	70
znuA	27900	39283	77	88
znuC	830	1048	17	12
znuB	621	866	21	22
ruvB	538	842	27	43
ruvA	419	609	34	37
yebB	13	25	2	3
yebC	3772	5296	53	64
aspS	4577	6751	106	130
yecE	160	225	9	16
yecO	441	590	10	12
yecP	552	784	10	16
torY	44	43	2	5
cutC	404	692	48	144
argS	3319	4773	72	81
flhA	1499	2235	25	23
flhB	909	1329	11	11
cheZ	4530	7035	57	68
cheB	4259	5290	42	44
cheR	2204	3132	34	40
tap	10187	14033	176	192
tar	16618	22064	276	290
cheA	14148	20066	171	210
motB	3502	4511	51	63
motA	4248	5905	83	96
otsA	828	1090	345	392
otsB	366	554	240	259
araH	152	169	218	221
araG	115	194	253	297
araF	84	87	336	333
tyrP	328	459	27	35
yecA	1441	1890	119	114
uvrC	1678	2427	41	33
uvrY	1943	2591	45	55
sdiA	346	478	72	84
yecC	577	854	21	48
yecS	381	573	23	32
yedO	1151	1627	134	119
fliY	14583	20634	1354	1437
fliA	9821	12939	130	145
fliD	5223	5758	66	76
amyA	1538	1992	157	174
yedE	691	905	38	43
fliF	3687	4903	33	41
fliG	2742	3950	38	31
fliH	1459	2275	17	22
fliI	1177	1644	8	14
fliM	2189	2928	19	10
fliP	348	506	3	1
fliR	215	264	6	5
rcsA	531	713	8	2
yedP	194	240	508	534
yedQ	291	370	156	176
yedI	541	737	118	158
yedA	36	40	3	3
dcm	913	1324	11	6
yedJ	354	509	17	7
hchA	309	350	410	440
yedW	411	583	9	15
yedZ	78	84	20	24
yodA	25725	34581	18	28
yeeI	697	913	250	225
shiA	1054	1539	30	31
amn	803	876	26	23
yeeN	3693	4980	10	16
yeeO	110	147	41	41
cbl	804	1080	13	13
nac	108	121	14	18
erfK	418	552	615	647
cobS	513	692	24	22
yeeA	260	391	47	45
dacD	287	360	20	19
yeeE	3830	5203	51	41
yeeF	5410	8007	16	23
yeeY	128	241	199	206
yeeZ	931	1338	443	465
hisG	1559	1987	16	20
hisD	1119	1466	19	23
hisC	861	1262	14	22
hisB	1741	2315	20	35
hisA	1259	1907	16	18
hisF	1097	1593	17	17
ugd	323	409	23	39
gnd	30300	44212	455	451
galF	8064	11472	202	227
wcaL	17	45	3	2
wcaK	34	31	0	2
wzxC	24	31	1	1
wcaJ	26	27	0	1
cpsG	35	67	1	2
cpsB	58	64	2	1
fcl	70	58	0	0
gmd	87	126	0	0
wcaE	18	22	0	0
wcaD	37	42	6	2
wcaC	31	67	1	2
wcaA	16	26	1	1
wzc	47	64	2	0
wza	30	20	0	2
yegH	500	706	130	149
asmA	1413	1963	63	72
udk	434	539	2	6
yegL	24	34	0	3
mdtA	85	100	12	6
mdtB	144	211	11	11
mdtC	144	216	7	12
baeS	61	124	5	9
baeR	183	225	15	18
yegQ	659	830	13	20
yegS	154	189	60	61
gatD	981	1399	59	77
gatZ	24870	33291	5940	6121
gatY	23621	32651	7189	6833
fbaB	1782	2482	482	563
yegT	66	99	6	2
yegU	88	124	4	3
yegV	74	105	2	5
yegW	155	201	9	14
yegX	253	337	4	8
thiD	770	1122	17	14
thiM	1542	2049	19	12
rncA	58	63	2	3
yehA	18	27	2	5
yehC	5	3	0	0
mrp	3858	5419	122	133
metG	2238	3022	25	27
yehL	1	3	0	0
yehP	11	10	3	4
yehT	281	389	9	14
yehU	609	661	34	40
mlrA	95	150	19	32
yehW	48	54	6	3
yehX	56	112	10	9
yehY	59	98	8	6
yehZ	143	249	86	105
bglX	1742	2680	56	64
dld	2850	4061	85	115
pbpG	638	835	17	14
yohF	93	113	129	156
dusC	183	251	4	6
yohK	48	69	34	59
cdd	122	213	79	91
sanA	165	226	5	5
yeiT	50	69	20	32
yeiA	79	99	37	40
mglC	253	326	24	44
mglA	613	763	48	68
mglB	1277	1830	333	334
galS	66	116	23	35
yeiB	380	517	3	7
folE	2077	2358	6	6
frmC	1242	1636	38	56
cirA	2852	4167	30	37
lysP	4691	6423	105	109
yeiE	344	422	115	101
yeiH	152	188	34	42
nfo	731	880	11	13
yeiJ	19	37	5	4
rihB	5	7	4	3
yeiL	18	21	4	9
yeiC	13	10	2	0
fruA	908	1593	321	321
fruK	463	703	94	111
fruB	449	732	52	61
setB	36	57	0	3
yeiQ	232	278	64	64
yeiR	267	366	0	1
yeiU	316	411	2	1
rtn	364	426	16	20
yejB	77	125	2	4
yejE	112	147	3	4
yejF	449	622	23	23
bcr	389	515	42	38
rsuA	625	787	9	9
yejH	88	110	3	3
yejK	1814	2569	31	23
yejM	934	1181	31	44
narP	878	1383	47	47
ccmH	145	229	5	3
ccmF	182	289	2	7
ccmC	90	134	0	5
ccmB	56	75	1	4
ccmA	125	132	24	30
napC	149	254	18	28
napH	39	55	1	1
napG	24	42	1	1
napA	177	343	10	13
mqo	1291	1916	10	8
yojI	1350	1803	7	12
alkB	34	25	8	13
ada	95	129	40	46
yojL	130	174	0	3
rcsB	3931	5079	179	228
rcsC	1365	1834	50	40
yfaP	12	18	12	10
yfaQ	31	79	8	6
yfaT	5	11	0	0
gyrA	12108	18568	110	105
ubiG	529	690	7	9
nrdA	2492	3217	29	33
nrdB	1926	2959	44	50
inaA	596	690	31	35
glpQ	3567	5236	2335	2459
glpT	3546	4804	2281	2369
glpA	515	837	2451	2303
glpB	328	463	1481	1352
glpC	209	317	820	843
yfaY	525	798	33	26
ais	17	27	2	3
yfbE	104	117	15	23
yfbF	36	36	1	2
yfbG	113	168	6	7
yfbH	33	64	3	0
arnT	55	64	41	46
menE	345	585	14	6
menC	446	790	17	22
menB	929	1513	22	33
yfbB	329	425	8	6
menD	286	426	21	27
menF	517	677	26	15
elaC	330	453	4	4
nuoN	1201	2153	60	103
nuoM	1414	2265	29	34
nuoL	2740	4413	107	148
nuoH	2528	3724	78	76
nuoG	8174	12737	260	303
nuoF	3729	5934	101	155
nuoC	4949	7006	188	225
nuoB	2357	3295	209	190
lrhA	1112	1785	547	677
yfbQ	775	1179	18	27
yfbS	195	310	62	57
yfbT	1631	2375	164	161
ackA	1766	2341	603	578
pta	2411	3531	189	154
yfcF	167	182	14	12
yfcG	40	63	98	104
yfcH	844	1249	445	515
hisP	924	1298	6	11
hisM	717	908	13	9
hisQ	1325	1746	37	35
hisJ	7200	9659	218	207
purF	3840	5623	22	23
dedD	623	1007	106	125
folC	1465	2166	124	154
accD	5926	8958	126	140
truA	835	1161	86	90
usg	935	1442	23	16
pdxB	1552	2525	28	38
flk	440	614	4	4
yfcJ	101	155	2	1
fabB	3667	5649	235	238
trmC	468	662	15	11
yfcA	525	654	8	5
mepA	483	845	7	7
aroC	2456	3529	30	27
prmB	1828	2611	22	16
yfcY	140	190	399	442
fadL	904	1022	465	468
vacJ	1738	2647	153	205
yfdC	62	95	88	105
dsdA	229	277	15	19
emrY	30	22	2	3
emrK	33	44	22	51
evgA	1016	1464	5	13
yfdE	21	45	77	81
yfdV	12	18	1	4
oxc	34	45	0	0
frc	37	50	0	1
yfdX	21	36	1	6
ddg	117	102	4	4
yfdZ	633	1057	56	70
ypdA	323	420	70	61
ypdB	335	509	83	74
ypdC	76	96	19	21
ypdD	61	85	2	3
ypdE	21	32	0	1
ypdF	17	26	0	3
ypdG	11	15	2	1
glk	930	1358	117	124
yfeO	115	157	49	52
mntH	789	1013	1177	1249
nupC	870	1286	23	24
yfeA	674	868	19	21
gltX	7044	9991	66	79
yfeR	121	171	16	12
yfeH	430	627	38	50
ligA	1112	1669	83	79
zipA	3636	5251	320	419
cysZ	264	361	35	35
cysK	29380	42910	195	252
ptsI	36131	51724	2259	2489
pdxK	732	1140	25	32
cysM	3830	5320	22	28
cysA	2449	3554	35	34
cysW	1307	1880	10	13
cysU	1241	1759	7	17
cysP	2583	4032	18	27
ucpA	815	1085	1814	1651
yfeT	72	148	10	7
yfeU	47	85	32	34
murP	78	104	36	30
murQ	80	121	25	26
yfeX	1556	2243	47	59
amiA	785	1195	48	47
hemF	231	373	4	16
yfeG	91	148	4	8
eutL	118	156	9	7
eutC	127	206	8	10
eutB	628	937	47	52
eutA	8	11	0	3
eutH	14	26	7	12
eutG	11	25	2	0
eutJ	7	8	3	0
eutE	21	22	2	2
eutI	23	28	4	3
eutT	7	17	2	3
eutQ	8	20	1	9
maeB	5605	7960	604	632
talA	940	1345	331	384
tktB	1495	2276	607	699
ypfG	186	234	16	25
aegA	76	142	6	8
narQ	197	274	25	21
acrD	124	224	8	18
dapE	1015	1382	176	235
ypfH	291	435	105	91
ypfJ	1029	1399	701	735
purC	4750	7522	22	35
nlpB	4616	7212	106	129
dapA	7035	10061	128	149
hyfA	0	1	1	0
hyfC	11	13	0	1
hyfD	11	17	3	3
hyfE	10	15	0	1
hyfG	32	48	7	7
hyfI	14	19	1	4
perM	326	435	7	17
yfgC	1526	2035	53	70
hda	996	1422	4	5
uraA	3279	5099	9	14
upp	6661	8778	13	14
purM	2878	4784	31	26
purN	1100	1589	6	9
ppk	1347	1624	105	92
ppx	1097	1541	23	32
yfgF	73	102	7	13
guaA	8514	13991	39	51
guaB	6107	9202	20	16
xseA	813	1013	5	7
der	2589	3569	92	101
yfgL	3439	5264	135	182
yfgM	2204	3269	38	40
hisS	5345	7466	99	104
ispG	2395	3341	367	432
yfgA	1612	2076	400	387
yfgB	1398	1857	43	51
pbpC	83	143	6	5
sseA	578	766	472	459
sseB	749	1197	17	13
pepB	1816	2678	56	61
hscA	2551	3988	36	46
iscS	5579	7794	415	470
yfhQ	968	1575	57	75
suhB	2136	2840	17	18
yfhR	26	37	4	6
hcaT	106	141	65	72
hcaR	474	633	74	82
hcaE	123	186	13	9
hcaB	23	62	3	0
yphB	74	97	11	5
yphC	58	92	3	5
yphD	21	34	6	4
yphE	25	35	8	12
yphF	18	37	11	16
yphH	328	464	28	24
glyA	26485	39053	112	139
hmp	498	925	69	78
yfhA	544	787	5	11
yfhG	295	377	8	10
yfhK	491	659	61	70
yfhD	322	449	6	11
yfhB	328	526	37	41
yfhH	180	269	10	2
pdxJ	1428	2170	33	41
recO	617	917	36	31
era	1913	2607	236	258
rnc	1574	2080	194	286
lepB	1979	2825	101	128
lepA	4172	6390	83	119
rseB	1354	1878	73	81
rseA	3763	5640	1433	1391
yfiC	287	427	4	3
srmB	616	837	16	14
yfiE	147	257	17	21
ung	789	1042	26	18
yfiF	1446	1962	47	50
yfiP	143	150	3	3
yfiQ	619	859	1088	1158
pssA	2818	3655	369	355
kgtP	11109	14316	1881	2027
clpB	7236	11636	985	1052
yfiH	503	712	13	11
rluD	1408	1768	65	81
yfiO	5919	7482	66	66
pheA	3375	4150	34	30
tyrA	3246	4547	81	67
aroF	5827	7532	98	130
yfiN	130	175	2	7
trmD	35920	48359	262	303
ffh	2626	3986	181	193
ypjD	349	455	7	6
yfjD	704	949	15	12
yfjB	331	432	15	23
recN	519	664	104	138
gabT	125	207	310	482
gabP	50	72	32	31
csiR	156	235	46	71
nrdF	114	124	8	5
proV	1399	1691	5	12
proW	366	519	6	9
proX	1020	1279	12	10
ygaZ	714	1035	19	13
emrA	617	861	9	11
emrB	365	557	59	51
gshA	3539	5098	163	173
alaS	17716	25082	151	176
recA	5053	7480	556	496
mltB	159	199	4	5
srlE	22	22	8	9
srlD	104	143	15	19
srlR	299	422	28	23
gutQ	203	334	18	22
norV	64	96	6	8
norW	31	27	1	1
ascG	646	907	9	11
ascF	63	92	18	25
hycG	36	56	4	2
hycE	19	21	1	1
hycD	8	9	0	1
hycC	5	15	0	0
hycB	1	4	0	0
hypB	58	104	4	4
hypD	280	408	23	23
hypE	101	172	25	33
fhlA	103	122	25	23
mutS	981	1535	11	14
ygbI	397	476	41	54
ygbJ	35	46	41	42
ygbK	47	80	22	27
ygbL	28	49	4	6
ygbM	34	49	4	7
ygbN	66	94	8	11
nlpD	26066	35717	2653	2838
pcm	819	1126	57	63
surE	807	1146	40	52
truD	1614	2252	54	55
ispD	582	909	5	12
cysC	2022	2938	6	19
cysN	7554	11395	59	80
cysD	5250	7397	14	29
iap	290	414	7	11
cysH	5027	7259	28	41
cysI	9208	14204	41	68
cysJ	7565	11203	22	27
ygcQ	24	56	2	2
ygcR	18	16	1	0
ygcS	16	18	0	2
ygcU	27	35	2	3
ygcW	2	4	2	1
yqcE	44	48	1	3
ygcF	688	928	501	472
eno	37245	59259	1620	1850
pyrG	8532	12711	1033	1021
mazG	901	1204	84	88
relA	2947	4130	136	152
barA	762	1052	18	21
gudD	130	235	21	24
gudX	65	98	8	22
gudP	12	24	22	14
truC	208	325	4	3
queF	875	1144	14	17
ygdH	739	849	263	268
sdaC	641	856	35	42
sdaB	268	487	16	14
exo	145	211	6	7
fucO	117	142	59	79
fucA	32	51	20	17
fucP	26	30	21	19
fucI	46	82	26	19
fucK	144	181	12	15
fucR	386	469	22	27
ygdE	623	943	47	43
gcvA	399	528	34	32
csdA	384	508	12	17
ygdL	381	616	20	13
mltA	972	1354	46	47
amiC	756	1314	18	15
argA	4819	7010	35	41
recD	687	1125	39	32
ptr	1333	1976	26	23
recC	1049	1368	34	45
thyA	1306	1721	8	12
lgt	827	1133	5	12
ptsP	2443	3425	65	47
mutH	171	224	12	16
ygdQ	163	181	7	10
tas	841	1161	50	60
ygeD	247	292	23	30
aas	902	1255	31	34
galR	337	419	24	32
lysA	1444	2143	14	13
lysR	68	104	4	4
ygeA	453	602	13	22
araE	142	210	36	51
kduD	103	120	11	9
kduI	67	97	14	18
yqeF	740	992	153	188
yqeG	51	85	9	8
yqeH	34	51	3	2
yqeI	56	101	1	1
ygeH	13	32	2	4
ygeR	624	755	29	35
xdhA	49	80	13	12
xdhB	23	39	1	8
ygeV	113	157	551	622
ygeW	14	12	2	2
ygeX	25	28	2	5
ygeY	33	29	0	3
hyuA	44	44	2	3
yqeA	68	109	30	28
yqeB	83	140	156	193
yqeC	15	32	98	84
ssnA	16	18	2	5
ygfM	21	37	1	5
xdhD	101	154	26	23
ygfO	100	110	54	75
guaD	188	227	12	13
ygfT	44	61	10	18
ygfU	8	13	2	3
lysS	6442	9330	86	86
prfB	4958	6533	34	35
recJ	1245	1913	34	22
dsbC	1316	1769	37	42
xerD	1001	1359	75	65
ygfZ	1495	2160	155	156
yqfA	380	440	97	136
bglA	2453	3565	106	103
ygfF	102	135	4	8
gcvP	2840	4698	26	23
gcvT	1878	2782	26	25
visC	982	1366	17	24
serA	35610	51539	126	121
rpiA	3076	4474	94	89
argP	665	945	46	44
yliK	47	80	4	7
argK	21	25	3	2
ygfG	38	37	1	1
ygfH	56	76	5	7
ygfI	73	115	8	11
yggE	1221	1828	144	151
argO	254	308	8	6
mscS	2498	4019	23	22
fbaA	19427	28689	494	543
pgk	17603	25594	861	951
epd	3669	5143	200	238
yggF	42	41	11	16
cmtA	13	18	0	1
tktA	5810	7720	108	111
yggG	801	1069	505	520
speB	1066	1598	75	70
speA	8480	12436	951	921
metK	8253	11750	49	59
galP	593	802	6	4
endA	36	47	10	10
yggJ	443	634	21	12
gshB	1245	1656	47	60
yggS	440	659	12	19
yggW	515	695	1	5
yggM	65	90	3	4
ansB	81	127	13	13
yggN	920	1278	40	36
yggH	2462	3102	58	57
mutY	848	1219	10	14
mltC	777	900	10	10
nupG	221	310	158	184
yqgA	51	89	8	12
yghK	65	102	24	36
glcF	157	231	40	59
glcD	54	62	68	87
glcC	203	291	457	454
ECIAI1_3132	120	139	4	10
yghR	5	14	0	0
yghS	10	18	1	1
yghT	7	10	1	0
pitB	36	58	0	5
gss	2006	2912	27	34
yghU	773	1091	60	55
hybC	391	596	36	31
hybB	67	117	3	2
hybA	53	93	8	7
hybO	71	117	11	23
yghZ	251	360	598	610
yghA	99	124	58	85
exbB	4012	5685	60	56
metC	3015	4178	37	29
yghB	300	439	123	110
yqhC	249	287	42	43
yqhD	536	843	34	44
dkgA	279	360	323	304
yqhG	55	80	17	22
ygiQ	861	1106	16	19
sufI	595	838	34	38
plsC	540	692	30	31
parC	2360	3476	56	45
qseB	57	88	2	3
parE	1727	2748	50	48
cpdA	986	1425	336	366
nudF	910	1095	28	32
tolC	4052	5235	151	162
ygiC	2041	2735	132	125
ygiE	513	752	234	211
ribB	2055	2612	378	376
yqiJ	26	31	11	6
yqiK	33	60	6	3
rfaE	2119	3156	52	78
htrG	362	481	13	11
cca	481	801	32	40
bacA	848	1234	39	41
plsY	268	363	26	26
ygiP	76	87	0	7
ttdA	12	12	0	2
ttdB	9	5	0	0
ygjE	63	98	3	1
gcp	638	855	23	25
dnaG	2434	3273	235	241
rpoD	6541	9813	1965	2001
yqjH	244	382	4	7
yqjI	188	322	26	20
aer	2287	3009	67	67
ygjG	517	805	1082	1167
ebgR	97	119	3	3
ygjI	14	8	2	2
ygjJ	6	9	0	0
ygjK	46	44	6	6
ygjO	242	348	7	7
ygjQ	22	22	1	1
ygjR	317	433	632	746
alx	65	104	1	2
sstT	914	1538	935	1022
uxaA	239	345	52	40
uxaC	247	322	52	38
exuT	55	74	53	50
exuR	936	1219	206	223
yqjA	623	839	148	159
yqjG	304	398	257	265
yhaJ	851	1177	9	16
yhaK	38	60	8	13
yhaM	95	140	6	5
yhaO	50	79	6	8
tdcG	56	84	13	7
tdcE	318	472	30	39
tdcD	33	35	1	2
tdcC	90	141	6	12
tdcB	13	12	0	3
tdcA	6	8	7	6
garK	150	166	139	165
garR	87	143	171	174
garL	21	16	57	79
garP	7	6	57	79
garD	74	109	96	97
agaR	1075	1437	34	37
kbaZ	28	40	10	7
agaS	21	22	3	3
kbaY	14	17	1	1
agaC	13	10	0	0
agaD	7	19	3	2
agaI	20	25	0	0
yraI	10	16	0	0
yraL	537	789	14	20
yraQ	759	1153	48	48
yraR	83	148	206	197
yhbU	61	90	1	0
yhbV	28	71	3	2
yhbW	204	327	10	13
mtr	272	413	108	90
deaD	2393	3284	68	78
nlpI	7190	9228	263	387
pnp	13630	19469	308	494
truB	1656	2491	29	34
infB	19838	28430	202	221
nusA	6907	9729	160	150
argG	15789	23469	99	118
yhbX	118	181	15	25
glmM	3474	5330	93	107
folP	836	1265	11	20
ftsH	12191	18771	1610	1800
rrmJ	3077	4170	599	683
dacB	254	315	2	3
obgE	1721	2480	765	804
yhbE	1246	1639	158	168
ispB	1713	2326	64	97
murA	3814	5074	26	21
yrbC	1824	2855	131	117
yrbE	1088	1589	56	80
yrbF	2145	3002	101	109
yrbG	415	552	21	22
kdsD	1748	2269	18	38
lptB	1554	2246	89	93
rpoN	5556	7343	167	212
yhbJ	1503	1901	31	35
yrbL	3322	4844	757	762
mtgA	650	900	63	55
elbB	722	1205	77	75
arcB	1445	1841	251	230
yhcC	22	46	2	3
gltB	29527	44479	98	100
gltD	16077	24852	38	69
nanE	26	48	21	19
nanT	39	51	37	39
nanA	86	137	15	16
nanR	675	911	31	18
dcuD	36	41	1	7
sspA	2752	4417	131	155
degQ	1242	1782	61	68
degS	525	722	12	18
mdh	18029	25462	593	697
aaeB	76	91	8	13
aaeA	162	204	4	10
aaeR	161	220	13	15
tldD	1601	2572	180	236
rng	1977	2884	56	58
mreC	868	1348	14	16
mreB	2843	4132	43	35
csrD	746	1058	90	98
yhdH	658	1012	233	204
accC	7848	12026	92	114
panF	261	359	13	23
prmA	703	1022	40	36
dusB	7192	10040	71	72
yhdJ	60	82	5	3
envR	16	42	0	0
acrE	9	29	0	0
acrF	211	277	25	33
aapQ	30	67	13	12
aapP	125	127	4	5
aroE	1010	1338	78	80
smf	694	962	231	249
fmt	1999	2669	700	610
rsmB	1032	1544	49	73
trkA	1023	1369	159	148
rpoA	63750	99111	700	830
rpsD	56084	79228	436	537
secY	62194	94262	1656	2023
rpsC	43710	65367	364	444
rplB	43190	65015	312	383
rplD	27394	44924	263	259
rplC	43073	66164	282	319
tufA	159018	235885	1962	2226
fusA	134798	196610	2041	2350
yheO	1315	1806	29	27
fkpA	6371	8509	171	215
kefB	487	707	73	73
yheS	885	1163	22	33
yheT	221	347	25	23
prkB	520	636	62	47
crp	5196	7214	195	234
yhfK	943	1463	11	13
argD	6085	9503	33	36
fic	185	219	725	664
tsgA	228	310	10	9
nirB	99	184	5	7
nirC	67	134	4	0
cysG	650	939	24	37
frlA	20	23	5	1
frlB	12	24	5	3
frlC	35	50	2	3
frlD	34	69	5	11
frlR	141	210	17	9
yhfS	38	53	8	4
yhfT	29	43	1	0
php	28	30	2	5
yhfZ	207	287	61	77
trpS	4400	6398	85	86
gph	1427	2014	16	12
rpe	1177	1640	12	16
dam	913	1203	8	15
aroB	5148	7190	70	99
hofQ	53	90	4	2
yrfD	66	84	3	4
mrcA	1347	1906	22	21
igaA	695	1017	42	31
yrfG	526	839	37	35
hslO	976	1573	81	83
pck	1424	2140	1851	1789
envZ	508	770	60	63
ompR	840	1082	198	190
yhgF	2486	3912	12	21
feoB	1106	1915	38	53
yhgA	105	166	2	2
bioH	261	393	9	15
gntX	191	219	8	11
gntT	232	440	43	59
malQ	1363	1856	43	56
malP	2117	2646	44	44
malT	4672	6637	1502	1437
rtcB	133	195	113	112
glpG	1090	1398	24	19
glpD	17703	25954	21419	20731
glgP	4766	7505	348	386
glgA	2495	3903	194	232
glgC	3777	5434	291	338
glgX	3035	4569	300	348
glgB	5762	8874	142	202
asd	18393	27357	180	217
gntU	86	185	8	10
gntR	382	491	39	35
yhhW	212	314	25	23
yhhX	818	1191	127	137
yhhZ	6	12	1	0
ggt	182	300	6	7
ugpC	162	226	27	49
ugpE	41	52	8	10
ugpA	21	24	9	9
ugpB	514	664	1493	1657
livF	3635	5092	24	23
livG	2942	4135	9	22
livM	3577	5841	34	30
livH	3000	4862	27	30
livK	10480	14682	97	103
livJ	30391	41741	279	258
rpoH	2459	3999	449	455
ftsX	978	1568	150	149
ftsE	701	1027	61	64
ftsY	3505	4730	106	127
yhhN	112	195	39	40
yhhQ	101	136	8	5
yhhS	188	258	12	10
yhhT	103	139	89	116
nikA	22	35	1	1
nikB	13	28	0	0
nikC	12	18	1	0
nikD	23	29	0	0
nikE	13	31	2	6
yhhI	65	125	3	5
yhhJ	491	681	45	40
rbbA	1150	1933	56	65
yhiI	1397	2342	199	237
yhiM	54	60	12	10
yhiN	616	856	71	63
pitA	2525	3542	157	180
yhiP	117	146	144	169
yhiQ	224	366	21	40
prlC	1908	3084	251	309
yhiR	201	279	4	6
gor	1486	2257	57	55
arsB	59	71	13	17
yhiD	36	56	4	5
mdtE	17	25	4	2
mdtF	175	229	19	10
gadW	291	403	15	24
gadX	498	801	108	133
gadA	312	492	86	98
yhjA	79	99	10	12
treF	241	341	174	175
yhjB	77	118	10	14
yhjC	146	221	8	7
yhjD	153	238	267	245
yhjE	3702	5614	33	41
yhjG	1603	2188	186	209
yhjH	3962	5340	36	49
kdgK	683	1032	24	21
yhjJ	724	1023	10	21
dctA	317	415	270	321
yhjK	460	618	39	31
bcsC	352	481	79	83
bcsZ	53	66	0	1
bcsB	66	93	3	2
bcsA	73	109	2	3
bcsE	1039	1347	57	66
bcsG	261	341	13	12
yhjV	307	401	2	8
dppF	1111	1765	20	13
dppD	1028	1491	18	21
dppC	825	1349	25	27
dppB	944	1440	21	27
dppA	12379	16311	628	789
eptB	233	296	3	14
yhjX	25	27	6	8
yhjY	261	363	190	175
yiaD	264	375	4	7
tiaE	1607	2251	17	19
yiaF	2806	4111	215	264
glyS	8261	12842	128	120
glyQ	4284	6655	67	75
yiaH	108	126	8	10
xylB	227	298	110	115
xylA	162	201	130	156
xylF	23	29	14	19
xylG	101	153	10	19
xylH	71	73	27	23
xylR	211	307	12	13
bax	2949	3801	197	201
avtA	1581	1919	49	46
yiaJ	306	484	17	8
yiaK	9	13	7	6
yiaN	11	5	0	2
yiaO	4	8	0	0
sgbH	10	12	1	2
sgbU	25	17	1	1
sgbE	13	28	2	3
yiaT	54	47	46	42
yiaU	87	138	27	28
yiaV	32	40	11	12
aldB	47	69	979	1074
yiaY	7	15	2	3
selB	1567	2378	17	19
selA	642	917	8	18
yibF	178	253	16	33
yibH	54	69	52	44
mtlA	1041	1786	1429	1479
mtlD	921	1294	526	640
lldP	148	186	49	51
lldR	120	168	14	23
lldD	161	274	7	19
cysE	784	953	118	98
gpsA	1857	2752	133	192
gpmI	4611	6532	84	103
envC	1075	1601	10	9
yibQ	316	455	2	2
yibD	37	35	1	0
tdh	404	540	123	164
kbl	369	646	157	207
waaD	2520	3405	105	108
waaF	1482	2109	22	31
kdtA	406	624	21	19
mutM	296	399	8	9
yicR	940	1327	79	62
dfp	754	816	11	7
pyrE	132	185	8	7
yicC	1685	2311	30	36
yicG	32	32	1	2
ligB	71	124	12	9
gmk	2644	3414	185	246
spoT	2913	4275	44	40
trmH	484	631	0	4
gltS	182	288	87	113
yicE	949	1271	22	14
yicH	1016	1426	273	271
yicI	101	177	11	10
yicJ	40	41	4	8
setC	11	15	0	3
yicL	500	605	32	27
nlpA	3002	4060	49	51
yicM	114	170	3	2
uhpT	895	1796	820	1111
uhpC	94	140	2	1
uhpB	166	311	2	4
ilvB	3058	4252	46	58
emrD	6	9	5	4
yidJ	33	39	1	3
yidK	13	18	4	0
yidL	49	62	9	9
yidP	14	30	0	2
yidE	543	759	116	125
yidR	326	431	11	15
cbrA	16	28	2	2
dgoT	25	35	3	9
dgoD	31	52	17	28
dgoA	18	25	6	8
dgoR	184	301	57	55
yidX	163	248	19	21
yidA	580	761	12	7
gyrB	4943	7133	193	231
recF	643	832	2	7
dnaN	1302	1826	43	50
dnaA	2022	2946	47	67
yidC	5730	8032	58	71
trmE	646	904	14	17
tnaA	82	91	25	30
tnaB	27	25	10	7
mdtL	27	44	2	4
yidZ	193	216	33	29
yieE	186	266	10	9
yieH	211	251	5	7
yieK	40	95	6	12
yieL	24	37	1	4
bglH	20	35	4	1
bglB	23	52	2	0
bglG	15	15	0	0
phoU	696	1106	12	15
pstB	898	1037	16	12
pstA	219	341	11	6
pstC	336	489	21	15
pstS	1027	1300	25	16
glmS	9530	15498	519	528
glmU	6436	9892	376	393
atpD	17790	27349	264	297
atpG	14162	18495	109	159
atpA	31168	47074	288	360
atpB	16653	21903	148	155
gidB	425	570	11	9
gidA	2031	2883	25	33
asnA	608	907	21	22
yieM	309	414	13	13
ravA	260	378	42	58
trkD	651	833	35	26
rbsA	593	904	91	120
rbsC	412	610	69	92
rbsB	2861	3898	258	383
rbsK	784	1030	25	41
rbsR	199	247	7	5
hsrA	182	237	9	8
yieP	700	1002	40	43
hdfR	502	708	20	27
yifB	210	277	5	3
ilvE	2340	3412	17	13
ilvD	2200	3304	43	25
ilvA	1039	1654	22	32
ilvY	156	217	39	47
ilvC	50213	75232	195	233
rep	856	1155	14	11
gpp	979	1160	36	36
rhlB	2842	3538	152	182
rho	3366	3879	106	136
rfe	1540	2236	38	40
wzzE	958	1465	18	10
rffE	1020	1543	10	4
rffD	1004	1412	12	8
rffG	735	1026	9	9
rffH	414	574	11	16
rffC	295	406	1	2
rffA	566	790	20	23
wzxE	469	694	21	27
rffT	306	446	13	9
wzyE	265	347	14	13
rffM	397	527	12	18
yifK	1410	2055	169	209
hemY	1329	1975	43	59
hemX	1606	2255	66	77
hemD	626	708	28	27
hemC	577	826	138	130
cyaA	4550	5944	282	290
dapF	1111	1696	25	26
yigA	680	1012	4	5
xerC	1069	1450	3	5
yigB	593	794	9	7
uvrD	838	1244	27	26
yigE	47	72	1	1
corA	960	1391	47	39
rarD	158	201	4	5
pldA	995	1425	20	13
recQ	666	977	3	7
rhtC	403	580	7	4
rhtB	287	397	6	5
pldB	779	1103	30	32
yigL	454	633	7	8
yigM	124	150	2	2
metR	344	510	7	14
ysgA	726	1071	62	58
udp	806	1280	71	101
rmuC	328	429	57	49
ubiE	1497	2070	41	51
yigP	341	538	19	22
ubiB	1246	1776	34	37
tatC	853	1264	6	11
tatD	278	417	8	6
ubiD	1945	2855	233	280
fre	1350	2032	166	211
fadA	108	157	251	258
fadB	220	275	772	844
pepQ	3657	5104	158	147
yigZ	405	628	24	28
trkH	706	982	51	63
yihE	1533	2007	17	16
dsbA	3608	5027	71	50
yihG	127	171	0	0
polA	3180	4311	266	269
hemN	976	1399	39	34
glnG	635	968	61	60
glnL	538	737	40	40
glnA	6752	8620	40	51
bipA	13873	21448	119	136
yihL	108	156	2	4
yihM	152	194	2	6
yihN	47	68	2	1
ompL	13	9	0	0
yihO	32	32	2	8
yihP	28	43	2	4
yihQ	28	26	1	5
yihS	64	92	5	13
yihT	30	44	2	5
yihU	16	12	2	1
yihV	47	58	22	23
yihW	291	398	34	36
rbn	412	578	64	65
yiiD	1211	1762	36	38
fdhE	338	500	31	47
fdoI	135	154	66	106
fdoH	135	212	153	185
fdoG	1626	2231	1232	1487
fdhD	325	539	91	80
frvB	15	29	3	1
rhaD	13	27	0	2
rhaA	14	28	2	1
rhaS	29	41	30	23
rhaR	37	49	7	13
sodA	32206	37809	336	345
kdgT	95	121	14	20
yiiM	402	523	90	99
cpxA	1537	2257	51	39
cpxR	1681	2433	44	47
fieF	1321	1750	78	84
pfkA	4770	7143	479	516
sbp	1225	1595	8	16
cdh	232	327	2	1
tpiA	8947	13466	123	139
fpr	1012	1357	29	27
glpX	604	868	161	176
glpK	10067	14086	8580	9119
glpF	2347	2677	6492	6722
menA	477	668	6	4
hslU	3096	4503	234	233
ftsN	766	1072	67	59
cytR	693	859	17	18
yiiX	235	351	5	6
metB	1863	2135	20	13
metL	1833	2988	34	50
metF	5735	8489	37	43
katG	4861	7665	315	358
yijE	90	117	6	4
yijF	12	19	0	0
gldA	103	191	43	43
fsaB	33	44	10	6
ptsA	25	42	15	20
frwC	12	17	11	2
pflD	74	126	15	9
pflC	24	53	4	0
yijO	60	53	1	3
yijP	1020	1237	24	38
ppc	9389	13235	104	113
argE	2380	3492	60	81
argC	3400	4794	27	23
argB	2756	4113	17	19
argH	4691	7738	49	53
oxyR	1280	1887	41	39
sthA	1071	1366	125	138
fabR	1629	2173	63	66
trmA	813	1097	148	174
btuB	2290	3049	55	39
murI	230	362	10	9
murB	2073	2802	19	34
birA	766	1033	24	20
coaA	1132	1500	9	18
tufB	149249	226426	1930	2154
rplA	26843	40361	327	367
rpoB	36343	53371	757	862
rpoC	36523	59020	875	1011
thiH	3028	4179	20	22
thiG	1439	2048	6	19
thiF	1557	2284	13	18
thiE	1332	2005	18	18
thiC	5570	7354	65	54
nudC	547	767	54	44
hemE	726	1051	29	26
nfi	279	461	3	2
yjaH	438	581	7	7
zraR	240	364	45	29
purD	1663	2648	18	15
purH	1839	2800	14	18
metA	3174	4665	55	71
aceA	14563	22214	1230	1198
aceK	2420	3354	575	632
iclR	973	1201	41	23
metH	7792	10602	171	192
yjbB	318	489	70	65
pepE	84	157	12	13
yjbC	644	854	24	23
lysC	5476	7951	22	30
pgi	10170	14411	213	254
yjbF	8	12	0	0
yjbG	8	11	1	0
yjbH	57	74	13	6
xylE	73	106	13	28
malG	41	58	37	50
malF	122	143	14	16
malE	1274	1617	140	131
malK	243	271	30	18
malM	159	186	55	75
ubiA	550	769	181	176
plsB	2437	3502	150	169
lexA	1183	1737	514	560
dinF	122	180	6	10
yjbM	7	18	2	2
yjbN	678	938	7	10
qor	757	1110	270	382
dnaB	1450	2046	14	13
alr	544	811	4	11
tyrB	3219	4768	37	49
aphA	148	207	8	17
uvrA	852	1169	80	97
yjcC	131	166	182	201
yjcE	573	866	22	45
actP	134	193	250	318
acs	899	1224	2796	3309
nrfA	60	99	4	3
nrfC	7	6	0	2
nrfD	9	10	0	0
gltP	854	1338	12	15
yjcO	357	440	31	41
fdhF	241	386	37	22
yjcQ	38	35	5	5
yjcR	13	20	2	3
phnL	20	22	9	9
phnK	6	19	5	2
phnJ	2	1	0	0
phnI	1	3	0	0
phnF	3	5	0	0
phnD	3	10	0	1
phnC	0	6	0	0
yjcZ	1487	2231	47	48
proP	3017	4384	58	77
basS	169	198	28	32
basR	99	165	65	88
eptA	63	103	61	51
adiC	13	23	8	8
adiY	12	17	4	8
adiA	50	51	5	4
melR	85	129	160	154
melA	55	92	116	105
melB	86	113	47	48
yjdF	174	235	8	7
fumB	80	110	24	26
dcuB	21	30	14	12
dcuR	308	443	12	19
dcuS	584	729	25	32
lysU	879	1218	23	29
yjdL	95	136	6	3
cadA	95	95	4	3
cadB	3	11	1	2
cadC	50	89	23	14
dipZ	588	798	7	5
dcuA	1836	2532	492	523
aspA	977	1374	5076	5050
yjeH	267	423	12	18
groL	40410	61987	807	877
yjeJ	351	466	7	6
yjeK	671	879	20	17
frdB	166	262	331	376
frdA	441	797	1145	1249
poxA	254	385	26	28
yjeP	575	868	12	13
psd	874	1221	20	21
rsgA	1725	2285	35	42
yjeS	330	438	82	65
yjeF	413	561	112	121
amiB	714	1096	33	40
mutL	954	1293	33	47
miaA	5985	8590	620	633
hflX	5662	7978	216	232
hflK	5095	7364	144	137
hflC	4236	6143	111	123
purA	9093	13210	401	435
rnr	3533	5435	828	945
rlmB	425	706	50	55
yjfJ	14	17	2	3
yjfK	6	13	1	0
yjfC	23	42	2	3
aidB	177	262	275	304
yjfP	187	261	29	28
ulaR	369	488	25	34
ulaG	63	106	18	28
ulaA	20	20	5	11
ulaD	47	86	4	8
ulaE	51	84	12	6
ulaF	44	52	5	7
ytfB	783	1017	189	201
fklB	613	715	38	31
cycA	1383	2226	656	724
ytfE	56	84	11	10
ytfF	42	72	3	9
ytfG	106	135	12	6
cpdB	1021	1367	56	54
cysQ	703	1101	1412	1342
ytfL	166	259	33	27
msrA	274	352	60	37
ytfM	861	1295	19	37
ytfQ	113	142	1168	1185
ytfT	16	36	115	165
yjfF	41	55	131	200
fbp	832	1130	128	122
mpl	1903	2772	35	36
pmbA	1357	1943	136	124
nrdD	247	376	972	1261
treC	54	91	5	3
treB	56	98	10	13
treR	165	214	17	13
mgtA	5191	6762	82	97
pyrB	9665	13557	35	44
yjgI	40	39	0	4
argI	3997	6088	41	49
valS	8826	13520	229	261
pepA	4109	6436	297	302
yjgP	1340	1925	194	224
yjgQ	817	1234	143	159
yjgB	135	203	115	123
yjhT	168	241	83	88
yjhA	26	45	13	12
fimB	676	861	1	1
fimC	366	472	3	4
fimH	135	176	11	13
gntP	56	90	27	32
uxuA	159	290	64	53
uxuB	186	310	26	30
uxuR	396	622	129	133
yjiE	217	287	8	13
iadA	629	910	37	51
yjiH	23	28	0	0
yjiK	67	81	6	4
hgdC	7	20	2	7
yjiM	40	43	22	28
yjiN	98	140	45	44
yjiY	70	71	8	19
tsr	16027	23175	171	179
mdoB	1527	2089	84	120
dnaC	207	309	20	21
yjjP	39	52	1	6
yjjQ	4	5	1	1
bglJ	196	252	12	10
rsmC	530	743	10	19
yjjG	189	326	36	41
prfC	2587	3758	22	19
osmY	1804	2477	732	757
yjjU	543	849	23	38
yjjW	27	62	1	3
yjjI	67	87	72	72
deoC	240	384	131	157
deoA	326	520	139	185
deoB	1045	1561	335	372
deoD	2084	2904	145	202
ytjB	264	351	13	19
serB	870	1260	8	14
radA	1140	1690	21	19
nadR	1097	1553	276	307
slt	868	1336	98	100
ytjC	575	863	28	43
rob	1125	1544	624	659
creB	569	837	20	18
creC	276	384	9	2
arcA	4094	5336	4573	4272
yjtD	240	290	23	19
