	IAI1_batch1	IAI1_batch2	IAI1_chemostat1	IAI1_chemostat2
thrA	18353	12023	7733	7707
thrB	5999	3822	2660	2674
thrC	10508	6982	4664	4889
yaaA	471	329	373	299
yaaJ	56	39	63	51
talB	4437	2099	3420	3203
htpY	20	14	23	22
dnaK	12813	8992	11029	10408
dnaJ	2247	1567	1931	1802
nhaA	722	584	509	446
nhaR	237	195	190	155
ribF	1870	1221	1544	1257
ileS	7749	5378	5972	5433
ispH	1065	728	917	796
rihC	87	49	325	285
dapB	4138	2461	912	940
carA	4552	3110	2259	1927
carB	10986	7394	5096	4789
caiD	38	28	39	37
caiB	29	27	29	21
caiA	63	77	90	45
caiT	11	4	9	6
fixA	14	10	34	31
fixB	12	10	26	27
fixC	18	10	25	18
yaaU	3	10	13	12
kefC	178	136	243	207
apaH	313	206	286	212
ksgA	727	455	692	611
surA	3526	2423	4656	4226
imp	4285	3011	5115	4536
djlA	320	195	282	200
rluA	140	94	72	73
hepA	669	469	285	279
polB	109	59	96	82
araD	3	7	29	29
araA	42	20	166	149
araC	377	280	1380	1103
yabI	180	165	473	392
thiQ	148	117	105	95
tbpA	638	373	406	338
setA	319	241	659	538
leuD	2902	1727	2258	2037
leuC	4807	2764	3221	2907
leuB	4326	2441	2973	2688
leuA	4087	2444	3664	4258
leuO	60	44	395	344
ilvI	4607	3074	4333	3966
fruR	1377	977	3405	3152
mraW	1384	945	1224	1032
ftsI	1107	803	1102	858
murE	1888	1208	1364	1164
murF	1392	953	1043	823
mraY	1063	734	948	818
murD	1637	1142	1451	1295
ftsW	1354	1051	1367	1084
murG	1078	726	957	890
murC	1757	1199	1494	1327
ddlB	1198	863	1459	1257
ftsQ	1193	905	1356	1156
ftsA	2939	2166	3017	2681
ftsZ	6742	4875	6873	6163
lpxC	7305	5220	9956	8076
secA	5050	3546	5438	5031
yacF	334	249	298	255
coaE	371	222	353	359
guaC	1930	1171	908	844
hofC	43	39	50	40
hofB	35	31	58	50
nadC	190	122	156	164
ampE	294	216	583	495
aroP	5176	3644	5059	4688
pdhR	666	472	522	434
aceE	24203	17878	19329	17814
aceF	13275	9644	10550	9699
lpd	21510	15182	40564	37410
acnB	13397	7948	51359	46513
speD	2722	1998	918	985
speE	3324	2378	1317	1319
cueO	395	308	350	299
gcd	483	286	140	102
can	3720	2504	2397	2106
yadG	403	306	460	427
yadH	294	223	326	320
yadD	202	184	529	404
panC	1640	1135	1359	1278
yadL	21	20	46	48
ecpD	3	9	3	6
pcnB	2068	1417	1401	1277
yadB	221	162	273	216
sfsA	569	397	1647	1403
mrcB	1524	1019	1877	1679
fhuA	8264	5069	7427	6129
fhuC	770	465	609	470
fhuD	423	291	268	176
hemL	3072	2222	1906	1718
clcA	506	353	651	567
yadS	165	140	191	187
btuF	228	177	227	179
pfs	1218	859	1091	1009
dgt	476	298	639	572
degP	2492	2133	5958	5536
cdaR	211	122	591	493
dapD	11706	7523	4065	4168
glnD	571	342	484	429
map	1552	1034	1286	1091
rpsB	32406	24349	20815	19475
tsf	20441	15345	12513	12785
pyrH	2583	2044	1701	1753
dxr	675	451	619	514
ispU	2338	1714	2978	2516
cdsA	1124	759	1216	1005
yaeL	3532	2657	4575	4034
yaeT	10457	7571	13083	12086
lpxD	4944	3536	4387	4059
lpxA	3099	2327	2564	2419
lpxB	1306	909	1377	1148
dnaE	2631	1795	2143	1935
accA	3811	2583	3429	3271
ldcC	190	115	209	171
nlpE	249	156	320	317
proS	4696	3265	3524	3307
yaeB	105	73	59	54
metQ	9968	7020	11363	10305
metI	2125	1584	2168	1948
metN	2781	2152	2330	2032
dkgB	168	161	337	264
yafC	217	156	294	274
yafD	612	471	852	757
mltD	8918	6809	11777	10698
gloB	255	213	390	308
yafS	235	159	281	254
dnaQ	530	422	587	487
yafT	9	9	17	15
yafV	149	103	165	140
fadE	198	154	1180	943
yafJ	395	297	379	308
yafK	799	614	739	624
dinB	103	68	79	64
pepD	2633	1786	3004	2770
frsA	347	235	368	293
phoE	57	49	106	82
proB	1388	869	856	731
proA	1734	1202	1435	1276
yagR	11	4	15	13
yagS	4	0	6	1
yagT	4	2	7	3
yagU	414	337	252	222
yagV	159	109	305	620
yagW	468	359	921	1960
yagX	1006	677	1336	2834
yagY	503	331	545	1316
insF	32	25	44	45
ykgC	40	29	66	39
ykgD	62	62	90	77
ykgE	92	67	1456	1206
ykgF	160	138	2370	2116
ykgG	131	95	1193	1037
betA	353	244	173	166
betT	336	268	346	292
yahB	85	58	144	123
yahD	26	15	35	25
yahG	3	7	4	8
yahI	15	13	19	17
yahJ	68	42	82	68
yahK	108	92	283	289
yahN	12	13	47	39
prpR	22	14	131	95
prpB	3	1	58	55
prpC	9	6	103	74
prpD	14	7	154	106
prpE	30	16	272	194
codB	798	600	368	404
codA	1021	792	479	479
cynT	14	5	17	16
cynX	12	6	18	8
lacY	14	12	32	31
lacI	264	173	737	594
mhpR	100	72	1601	1421
mhpB	3	4	15	13
mhpC	12	15	38	33
mhpD	12	7	31	26
mhpF	25	9	39	44
mhpE	28	19	57	51
mhpT	32	21	53	54
frmA	376	251	398	395
yaiO	16	13	55	52
yaiP	19	8	17	12
tauA	58	47	32	39
tauB	38	16	20	21
tauD	36	23	30	25
hemB	1068	828	962	882
yaiV	10	8	13	11
ampH	233	134	285	239
sbmA	139	88	212	182
yaiW	273	183	341	313
ddlA	1133	862	2134	1798
phoA	140	90	224	182
yaiC	14	13	23	21
proC	272	143	178	170
aroM	144	120	82	79
rdgC	1382	932	1013	991
mak	200	144	504	434
araJ	112	96	127	95
sbcD	225	168	284	241
phoB	148	119	189	179
phoR	134	92	154	169
brnQ	358	289	208	179
proY	350	286	246	217
malZ	296	208	309	313
queA	304	184	100	84
tgt	2566	1841	2801	2474
secD	7142	5128	7061	6604
secF	4078	2730	3694	3517
tsx	2930	2218	5387	4529
ribD	642	395	625	576
thiL	307	244	256	196
yajO	199	155	1319	1105
dxs	896	680	1110	1009
ispA	560	335	657	600
thiI	863	638	393	372
panE	264	199	247	217
yajR	293	207	295	243
cyoE	5930	4337	4450	4195
cyoC	4300	2849	3149	2924
cyoB	17776	13265	14175	13076
cyoA	11468	8536	10111	9355
ampG	279	145	199	163
tig	23876	16964	16101	15870
clpP	1845	1336	1534	1412
clpX	5310	3766	5279	4755
lon	7562	5168	5722	5384
ppiD	6413	4667	7845	7258
queC	477	371	477	468
ybaE	70	48	340	300
cof	141	62	163	155
mdlA	217	115	255	207
mdlB	166	103	173	157
amtB	131	120	92	75
tesB	147	123	167	163
ylaB	138	108	222	205
acrB	8391	5750	6312	5874
acrA	4291	3151	3166	3001
acrR	368	276	403	334
kefA	1331	1065	1403	1367
dnaX	1146	754	969	819
recR	802	574	599	537
htpG	3901	2838	4626	4260
adk	4242	3369	3774	3686
hemH	256	177	207	193
aes	70	46	279	227
gsk	921	663	514	413
ybaL	795	525	599	489
fsr	112	88	159	114
ushA	993	695	1683	1453
ybaP	188	122	91	70
copA	624	448	537	476
ybaS	166	161	23	32
ybaT	132	108	47	41
ybbK	256	225	651	532
ybbL	191	138	211	178
ybbM	197	141	223	209
ybbN	999	597	735	728
ybbO	214	117	134	129
tesA	212	114	246	221
ybbA	126	80	177	136
ybbP	282	179	393	314
ybbB	91	53	68	61
ybbS	14	9	13	16
allR	1110	752	894	693
gcl	36	16	34	41
hyi	12	6	14	12
glxR	12	18	16	17
ybbW	6	6	23	21
allB	46	38	120	127
ybbY	22	9	13	16
glxK	57	57	92	89
ylbA	118	86	228	210
allC	49	38	181	129
allD	16	17	72	65
ylbE	11	13	49	28
ylbF	10	6	14	18
ybcF	39	18	38	21
purK	1930	1281	886	717
lpxH	340	296	281	242
cysS	1580	1169	956	920
folD	781	534	551	512
sfmC	10	8	17	14
sfmH	5	12	10	8
fimZ	1	1	6	7
envY	47	32	36	38
ybcH	29	15	27	33
nfrB	61	38	69	63
cusR	94	75	82	80
cusC	7	6	7	7
cusB	11	4	13	15
cusA	42	28	63	63
pheP	854	699	402	349
ybdG	643	537	498	468
nfnB	968	658	730	735
ybdK	18	8	22	17
fepA	8388	2866	2257	2096
fepC	266	102	178	133
fepG	158	55	118	83
fepD	100	51	78	64
ybdA	381	147	140	112
fepB	365	141	197	190
entC	1002	296	280	205
entE	1613	476	421	364
entB	1693	505	533	515
entA	1201	373	353	344
cstA	3522	2438	55920	48127
ybdH	593	434	1630	1336
ybdL	203	141	178	148
ibrB	37	29	47	38
ibrA	19	10	22	14
ybdO	7	12	24	12
dsbG	272	166	182	187
ahpF	2862	2053	2669	2552
ybdR	40	26	75	52
rna	189	130	199	171
citT	19	13	37	24
citG	6	5	8	6
citF	3	1	4	3
citE	4	5	7	7
citC	9	7	13	10
citA	156	92	167	174
citB	52	47	59	64
dcuC	17	15	49	37
lipA	945	701	1701	1412
ybeF	47	48	105	89
lipB	241	138	112	116
dacA	1361	946	1078	936
rlpA	1170	750	969	883
mrdB	510	351	480	390
mrdA	739	547	555	534
phpB	75	49	62	71
nadD	171	121	152	117
holA	585	399	497	418
leuS	7709	5412	6364	5826
ybeQ	64	48	186	167
ybeU	7	11	15	9
hscC	62	43	227	179
rihA	499	361	2423	2137
gltL	680	508	2822	2592
gltK	446	315	2036	1731
gltJ	515	372	2500	2328
gltI	4413	3067	30500	26909
ybeX	1711	1158	1574	1355
ybeZ	1309	915	1188	1059
miaB	1355	966	696	574
asnB	2387	1490	983	979
nagD	497	294	426	391
nagC	550	374	546	452
nagA	990	709	999	856
nagB	554	404	717	623
nagE	1345	981	5721	5140
glnS	3616	2528	2770	2556
ybfM	28	22	281	190
ybfF	289	181	248	219
pgm	4898	3386	8374	7844
potE	78	60	151	125
kdpE	60	37	57	39
kdpD	161	91	205	175
kdpB	33	20	74	96
ybgH	403	307	251	240
ybgI	1190	885	1049	1005
ybgJ	825	528	781	697
ybgK	966	730	957	870
nei	245	192	166	140
abrB	58	37	20	23
gltA	9599	6088	13613	13498
sdhA	9641	6753	23844	22192
sdhB	3931	2942	11231	10027
sucA	18838	12552	39832	37801
sucB	12045	7925	28326	25864
sucC	13132	8836	46950	44087
sucD	10225	6606	37599	34805
mngR	109	82	168	123
mngA	15	2	24	33
cydA	4231	3587	12265	11184
cydB	2581	2160	7694	7219
tolQ	1298	927	1022	891
tolA	2152	1428	1935	1734
tolB	8869	6433	9056	8126
ybgF	3869	2686	3364	3014
nadA	1475	863	928	839
pnuC	782	488	585	564
zitB	211	130	200	192
aroG	8700	6027	2604	2485
gpmA	8103	5576	7614	7320
galM	3012	2282	3530	3329
galK	684	559	1099	1193
galT	349	213	500	479
galE	379	242	376	392
modF	1791	1253	1250	1117
modE	286	182	336	309
modA	270	202	629	466
modB	148	107	274	240
modC	262	178	533	415
ybhA	298	226	271	225
pgl	644	450	560	477
ybhD	26	9	45	37
ybhH	4	1	18	9
ybhI	1169	845	914	805
ybhJ	67	67	102	85
ybhC	2704	2226	1938	1807
bioB	1635	1034	1312	1154
bioC	458	278	326	252
bioD	455	308	366	292
uvrB	742	529	944	829
ybhK	377	237	540	456
moaA	963	588	950	700
ybhL	493	294	615	554
ybhN	8	4	24	10
ybhO	13	8	26	12
ybhP	14	13	29	19
ybhR	46	37	114	78
ybhS	74	60	136	104
ybhF	252	185	382	261
ybhG	160	100	246	241
ybiH	58	40	77	58
rhlE	188	111	37	25
dinG	205	136	186	179
ybiB	313	226	269	238
ybiC	2642	1885	2114	2055
ybiX	50	41	85	98
fiu	378	123	84	62
ybiN	282	201	148	156
ybiO	53	27	65	47
glnQ	785	571	2476	2320
glnP	540	440	2172	2091
glnH	2287	1675	14207	12784
rhtA	66	46	82	50
ybiR	264	192	308	282
ybiS	1606	1102	1049	983
ybiT	2162	1539	1836	1668
ybiU	108	79	71	59
ybiV	283	220	153	135
ybiW	65	39	95	98
ybiY	11	5	22	16
fsaA	49	32	49	43
moeB	274	194	250	196
moeA	446	291	449	364
iaaA	1526	1027	1476	1289
yliA	1244	848	1290	1151
yliB	1149	822	1576	1446
yliC	414	262	506	437
yliD	330	234	352	280
yliE	417	421	180	149
yliF	167	181	58	50
yliG	656	412	323	276
yliI	23	25	40	36
yliJ	877	643	1277	1144
dacC	928	730	1052	945
deoR	472	363	474	383
cmr	224	173	158	148
ybjI	225	137	223	202
ybjJ	107	77	88	87
ybjL	422	264	356	340
nfsA	429	263	458	383
rimK	370	247	394	349
potF	1473	1053	1608	1499
potG	608	439	727	605
potH	313	208	340	263
potI	273	177	315	221
rumB	279	190	117	130
artJ	3931	2815	2133	2033
artM	730	544	786	697
artQ	656	525	904	820
artI	1543	1202	2171	1876
artP	937	636	1015	898
ybjR	231	162	307	248
ybjS	263	149	290	257
ybjT	561	344	614	583
ltaE	893	540	919	800
poxB	47	23	52	48
hcr	27	8	23	27
hcp	15	16	21	16
ybjE	155	76	61	72
aqpZ	100	54	89	59
ybjD	448	325	632	549
ybjX	2316	1691	1461	1208
macA	351	228	467	396
macB	377	248	505	446
clpA	6294	4321	13342	11653
aat	116	54	73	45
cydC	484	311	390	361
cydD	566	374	417	355
trxB	5468	3746	4145	4012
lolA	723	542	896	787
ycaJ	507	405	591	548
serS	5551	4025	5071	4538
dmsA	80	92	74	99
dmsB	26	33	35	33
dmsC	71	68	115	118
ycaC	40	25	94	73
ycaD	239	200	169	148
ycaM	22	11	59	38
ycaN	91	70	118	89
pflA	300	214	357	395
pflB	11469	10594	19681	17258
focA	966	945	2107	1744
ycaO	1743	1174	418	432
ycaP	333	237	644	465
serC	12366	8189	5372	5303
aroA	5723	3980	1782	1764
ycaL	77	53	80	72
cmk	2884	2112	2078	1847
rpsA	85900	63854	55787	53439
msbA	1873	1250	1660	1495
lpxK	431	272	341	320
kdsB	1218	849	976	874
ycbJ	80	66	259	265
smtA	549	426	775	641
mukF	1113	789	1457	1356
mukE	664	531	894	742
mukB	4496	3148	5726	5319
ycbB	559	360	513	432
ycbL	1247	895	2414	1974
aspC	6452	3976	7375	6954
ompF	25326	18016	85427	73426
asnS	4933	3386	3005	2842
pncB	1338	812	952	889
pepN	2360	1523	7058	6535
ssuC	13	8	14	13
ssuA	15	16	24	28
ycbR	19	8	20	16
ycbT	64	36	85	52
ycbF	30	24	44	36
pyrD	811	523	319	287
ycbX	475	252	555	449
ycbY	1224	883	1081	902
uup	1396	970	1369	1161
pqiA	317	229	270	216
pqiB	714	567	635	575
ycbZ	1034	748	973	812
yccR	144	105	413	377
yccS	411	326	355	341
helD	820	608	770	694
yccT	12	6	16	14
yccW	587	424	426	382
yccA	2525	1723	3579	2945
hyaA	7	2	5	4
hyaB	9	4	10	15
hyaC	6	8	14	13
hyaF	12	8	17	11
appC	78	72	194	169
appB	33	24	41	36
appA	62	43	77	65
yccC	7462	5813	3151	2545
yccZ	3544	2552	1667	1369
ymcA	2988	2143	1520	1136
ymcB	705	472	357	297
ymcC	1470	1103	1125	691
yccM	56	30	47	48
torR	102	71	165	141
torC	15	13	42	35
torA	31	30	74	78
cbpA	264	227	310	311
agp	269	212	5207	4513
rutG	34	14	31	37
rutD	4	4	3	5
rutB	0	2	0	0
rutA	2	4	5	7
rutR	123	87	152	123
putP	2727	1796	7141	6119
efeO	3026	1636	2481	2200
efeB	1599	904	1393	1175
phoH	361	243	1323	1098
ycdW	788	523	800	658
ycdX	937	667	957	890
csgG	47	39	105	76
csgD	25	22	45	42
ymdC	101	77	194	159
mdoC	72	54	89	61
mdoG	2007	1350	2598	2249
mdoH	1694	1138	1727	1574
mdtG	20	11	26	20
lpxL	114	71	140	105
yceA	1678	1103	972	753
solA	1233	739	1084	1033
pyrC	648	344	444	465
grxB	316	171	433	465
mdtH	41	23	106	92
yceH	460	323	505	501
mviM	542	387	648	562
mviN	265	196	152	147
flgA	21	11	33	34
flgD	11	4	14	12
flgF	6	4	7	3
flgG	11	5	9	6
flgH	3	5	9	8
flgI	9	7	12	11
flgJ	8	4	13	8
flgK	43	33	51	65
flgL	40	30	92	71
rluC	1035	820	960	808
plsX	2944	2198	2706	2278
fabH	4207	3027	3742	3417
fabD	4953	3258	4737	4609
fabG	7863	5253	8908	8562
fabF	8161	5678	6542	6277
pabC	331	254	401	262
yceG	328	245	308	240
tmk	299	188	244	223
holB	319	192	276	261
ycfH	443	300	465	353
ptsG	12883	9249	32078	28405
fhuE	325	127	312	254
ycfM	823	574	1044	966
ycfN	411	256	379	363
nagZ	921	643	926	903
ndh	959	651	263	262
ycfQ	116	69	247	213
ycfS	155	113	255	233
mfd	1646	996	1383	1331
lolC	485	268	437	356
lolD	395	232	285	213
lolE	803	597	1138	1015
ycfX	584	414	1010	875
cobB	760	526	1073	960
potD	4785	3519	4800	4627
potC	573	402	468	435
potB	373	243	199	182
potA	728	420	336	316
pepT	363	307	651	528
ycfD	1081	780	1099	915
phoQ	1704	1327	1480	1361
phoP	1371	1090	1329	1250
purB	1521	848	878	835
hflD	274	138	176	177
trmU	1009	674	841	702
ymfC	100	71	68	74
icd	39514	27458	84266	77839
ycgE	497	328	607	555
ycgF	192	119	373	332
ycgG	13	10	27	18
minD	3298	2523	5475	5239
minC	1154	745	1498	1383
ycgM	975	677	1284	1156
umuC	68	51	82	74
nhaB	360	226	359	307
fadR	497	360	1097	842
ycgB	31	29	62	44
dadA	244	163	1053	1027
dadX	133	93	637	506
cvrA	360	275	311	300
emtA	553	409	538	501
ycgR	92	54	80	54
treA	30	24	82	57
dhaH	1048	733	636	588
dhaL	474	322	386	329
dhaK	871	562	692	665
dhaR	268	161	236	203
ychF	3004	2322	2367	2233
ychM	215	138	469	377
prsA	3780	2211	4219	4111
ispE	1008	568	1113	1021
lolB	440	291	395	398
hemA	824	636	889	779
prfA	717	594	595	606
prmC	289	206	190	188
ychA	654	533	723	629
kdsA	2216	1715	1906	1879
chaA	1646	1167	1044	849
chaC	320	249	194	193
ychP	146	106	113	93
narL	355	232	303	226
narX	272	185	215	141
narK	14	11	26	15
narG	63	48	84	82
narH	56	33	74	82
narJ	16	17	27	16
narI	20	13	46	26
purU	2111	1607	1079	1046
rssA	321	243	433	387
rssB	232	172	290	244
galU	2097	1583	2175	2140
tdk	514	415	407	341
adhE	8423	5824	3884	3538
ychE	75	61	66	68
oppA	1658	1115	3402	3119
oppB	321	223	508	457
oppC	422	311	658	620
oppD	559	383	815	810
oppF	610	393	841	699
cls	952	665	1048	869
kch	342	245	234	211
tonB	731	377	733	631
yciC	574	443	769	729
ompW	525	927	6992	8263
trpA	2496	1633	1370	1271
trpB	4600	2742	2366	2125
trpD	2482	1274	1247	1106
trpE	1305	743	511	482
yciV	418	317	495	472
yciO	356	234	372	381
rluB	1206	860	686	692
yciK	626	439	888	834
sohB	1637	1123	1794	1558
topA	5958	4136	6384	5966
cysB	568	434	526	440
acnA	1476	1105	5041	4858
pgpB	225	154	349	300
yciM	814	612	1251	922
pyrF	1329	959	758	723
deoT	314	201	424	352
gmr	644	481	488	414
rnb	5397	3536	2439	2403
fabI	6623	4837	4804	4613
sapF	188	133	195	154
sapD	301	196	267	242
sapC	107	71	105	85
sapB	122	93	125	104
sapA	276	186	247	225
puuP	47	31	389	301
puuA	134	66	2011	1424
puuD	180	108	2766	2023
puuB	14	6	256	225
puuE	20	12	293	203
pspF	137	82	190	161
pspA	524	425	700	595
ycjM	9	7	67	37
ycjN	2	4	28	23
ycjO	3	4	21	10
ycjP	3	3	11	12
ycjQ	13	13	26	25
ycjR	8	8	24	16
ycjS	18	10	38	28
ycjU	2	1	7	4
ompG	6	11	19	18
ycjW	161	100	274	229
ycjX	243	160	282	229
ycjF	245	151	312	277
tyrR	957	723	1121	986
ycjG	172	119	776	643
mpaA	111	68	225	187
ycjZ	159	123	216	166
mppA	959	777	2438	2044
ynaI	220	171	376	333
uspE	1375	1043	5007	4381
fnr	2207	1453	2988	2736
abgT	17	10	28	18
abgB	19	11	54	45
abgA	28	20	90	90
abgR	91	67	283	249
ydaM	55	45	93	58
ydaN	391	264	499	406
dbpA	155	107	137	95
ydaO	866	688	546	488
ompN	77	51	124	100
ldhA	607	424	685	615
feaR	155	108	2564	1735
feaB	131	95	406	328
maoC	37	30	190	144
paaA	26	14	231	171
paaC	26	21	159	134
paaJ	29	19	127	113
paaF	17	16	52	56
paaG	27	11	65	52
paaH	50	38	131	110
paaE	87	64	907	882
paaK	81	58	1352	1145
paaX	205	137	558	418
ydbC	66	47	1310	1147
azoR	340	261	370	306
hrpA	1394	931	806	770
ydcF	144	101	216	209
aldA	580	374	11735	10493
trg	68	63	190	145
ydcI	491	332	3027	2597
ydcJ	56	27	175	135
mdoD	1437	994	2242	1858
ydcK	41	28	72	68
tehA	100	60	145	103
ydcL	417	283	926	846
ydcO	75	41	110	75
ydcP	1475	1097	1035	973
ydcR	269	169	240	209
ydcS	28	20	53	51
ydcT	9	15	12	9
ydcU	13	9	18	14
ydcV	19	12	13	23
ydcW	97	71	135	122
yncB	137	113	966	812
yncC	62	51	133	102
yncD	337	211	218	160
yncE	8137	3875	7371	6550
ansP	444	325	190	161
yncG	7	9	24	13
nhoA	90	71	125	135
narV	36	13	42	40
narW	11	7	20	13
narY	25	27	57	41
narZ	55	38	68	63
narU	9	10	9	13
yddG	149	115	108	108
fdnG	112	82	197	188
fdnH	29	30	62	64
fdnI	47	39	75	69
adhP	85	40	91	87
sfcA	1784	1315	1903	1868
ddpD	24	7	84	73
ddpC	19	11	50	60
ddpB	9	4	31	39
ddpA	16	14	124	99
dos	286	206	322	234
yddV	355	230	351	239
yddW	255	195	377	352
gadC	76	59	119	103
gadB	162	115	172	154
ydeM	21	11	274	240
ydeN	120	68	2786	2577
ydeO	8	5	6	6
ydeP	211	168	231	203
ydeQ	70	70	15	15
lsrK	79	57	552	462
lsrR	130	110	1077	936
lsrC	17	13	240	161
lsrD	12	11	175	127
lsrB	28	30	666	569
lsrF	70	39	751	693
tam	35	28	201	163
yneE	66	49	62	51
uxaB	164	108	275	239
yneF	215	177	253	205
yneH	283	207	227	206
yneI	147	138	143	110
ydeA	128	107	64	46
marC	108	85	95	83
eamA	422	264	721	574
ydeE	66	48	109	83
ydeH	230	194	656	527
dcp	2048	1488	2441	2236
ydfG	1567	1097	1971	1654
ydfH	357	285	419	352
ydfT	32	33	70	41
ydfU	6	3	13	12
rspB	105	77	242	168
rspA	243	159	738	572
ynfC	235	166	370	299
ynfF	50	46	85	64
ynfG	19	12	19	23
ynfH	127	81	123	122
dmsD	185	137	150	127
clcB	39	30	33	24
ynfK	132	121	745	632
dgsA	996	689	4282	3311
ynfL	61	37	55	43
ynfM	176	96	56	48
ydgD	175	125	231	198
ydgG	138	120	90	102
pntB	26422	18184	13964	13573
pntA	35926	23832	18161	17493
ydgH	3349	2354	6688	5705
ydgI	152	113	178	149
folM	207	148	355	331
rstA	661	499	742	762
rstB	738	532	882	685
tus	117	62	281	240
fumC	814	421	4777	3900
fumA	3208	2383	26011	24513
manA	657	491	1017	988
ydgA	2375	1778	2036	1908
uidC	13	12	46	28
uidB	7	8	63	43
uidA	21	18	273	234
hdhA	675	540	724	700
malI	81	64	137	144
malX	112	108	306	305
malY	393	300	601	557
add	183	114	428	351
ydgJ	1395	938	1561	1313
rsxD	272	153	183	156
rsxG	214	105	146	107
rsxE	135	91	99	65
nth	151	79	108	84
ydgR	210	123	216	163
gst	644	441	1874	1653
pdxY	490	327	557	541
tyrS	6087	4221	4328	4031
pdxH	663	472	718	696
anmK	378	257	848	753
ydhJ	39	29	29	39
ydhF	233	161	508	446
nemA	222	142	236	250
rnt	138	77	95	88
ydhO	282	190	721	623
ydhP	361	256	91	75
purR	2158	1563	2180	1977
ydhB	118	85	125	89
ydhC	66	51	56	45
cfa	585	305	416	323
ribC	887	639	985	892
mdtK	152	102	211	150
ydhQ	587	415	938	760
ydhS	19	17	35	30
ydhT	17	17	50	40
ydhU	42	32	98	68
ydhX	25	16	43	56
ydhV	26	16	108	69
ydhY	4	2	11	6
pykF	5250	3691	1771	1740
ynhG	252	200	343	281
sufS	805	297	550	380
sufC	603	219	337	223
sufB	1221	457	621	462
ydiK	464	299	453	380
ydiM	5	6	36	18
ydiN	3	5	52	41
ydiB	53	34	82	77
aroD	382	221	421	368
ydiF	25	9	20	26
ydiO	27	14	38	21
ydiP	75	47	138	137
ydiQ	7	9	21	13
ydiR	13	17	32	30
ydiS	18	11	23	19
ydiD	32	36	142	82
pps	7622	5474	25294	23474
ydiA	179	108	275	223
aroH	476	300	164	157
ydiV	253	197	433	312
btuD	246	164	337	288
btuC	262	184	317	235
pheT	15295	10576	9569	8861
pheS	5466	3745	2910	2611
thrS	19354	14094	24342	21660
ydiY	91	58	48	43
pfkB	241	90	187	174
yniA	145	108	1406	1235
yniC	338	240	324	312
ydjN	7611	5672	2626	2410
katE	82	54	180	198
chbF	107	77	202	241
chbR	80	80	249	226
chbC	36	40	217	187
nadE	1778	1244	1256	1169
ydjQ	92	51	63	56
astE	6	12	69	73
astB	12	9	102	68
astA	12	6	85	68
astC	11	11	144	101
xthA	645	427	584	546
ydjX	45	29	92	66
ydjZ	37	26	47	50
ynjE	343	270	912	871
ynjF	57	45	62	53
gdhA	12043	7309	10066	10826
topB	1081	740	1775	1512
selD	1449	961	2674	2390
sppA	1164	819	1109	943
ansA	391	257	393	347
pncA	466	292	582	481
ydjE	35	25	84	68
ydjF	241	227	525	400
ydjG	89	66	167	149
ydjH	43	28	69	88
ydjI	53	36	75	118
ydjJ	43	41	109	85
ydjK	27	24	78	86
ydjL	32	35	87	78
gapA	42272	29884	18990	17862
yeaD	595	325	297	281
yeaE	257	165	330	327
mipA	4362	3193	2640	2369
yeaG	284	188	327	286
yeaH	45	32	93	56
yeaI	2	3	10	5
yeaJ	155	113	165	115
yeaM	70	37	93	57
yeaN	50	40	58	37
yeaP	940	695	815	623
yeaS	26	25	52	42
yeaT	70	62	236	182
yeaU	67	44	90	57
yeaV	21	15	444	353
yeaW	56	34	1665	1601
yeaX	55	33	1104	1051
rnd	235	156	420	363
fadD	429	319	5864	5214
yeaZ	581	395	471	399
yoaA	515	332	476	421
sdaA	151	112	205	151
adrB	31	41	69	61
yoaE	335	233	507	469
manX	5828	3975	44991	40214
manY	4750	3406	33046	30451
rrmA	228	185	185	151
kdgR	1301	1050	2177	1910
yebQ	16	19	43	38
htpX	4203	3013	5256	4539
prc	5880	4217	5361	4981
yebS	180	115	200	137
yebT	466	341	439	358
yebU	340	239	231	199
pphA	37	26	73	54
yebZ	864	636	223	171
yobB	124	69	164	169
exoX	210	131	274	248
ptrB	208	111	194	185
yebE	238	150	471	439
purT	1577	1101	1003	819
eda	1079	752	545	502
edd	684	421	305	288
zwf	4412	2853	2229	2050
yebK	368	234	1147	996
pykA	1852	1175	2861	2940
lpxM	616	421	580	527
yebA	3632	2652	3733	3229
znuA	19263	13534	8837	8091
znuC	892	656	744	653
znuB	767	571	609	555
ruvB	576	377	713	585
ruvA	367	223	443	389
yebB	24	14	21	15
yebC	3200	2356	2404	2336
aspS	5329	3743	4289	4011
yecE	61	35	106	94
yecO	293	185	174	137
yecP	467	364	334	289
torY	4	6	55	40
cutC	641	459	696	600
argS	2985	2213	2313	2034
flhA	125	95	159	149
flhB	6	5	11	12
cheZ	31	34	55	38
cheB	12	11	16	14
cheR	10	9	10	5
tap	16	7	24	19
tar	15	7	13	11
cheA	56	36	67	55
motB	19	12	18	20
motA	16	8	14	6
otsA	111	85	165	129
otsB	24	20	40	35
araH	29	22	407	384
araG	54	31	794	739
araF	34	19	1714	1451
tyrP	331	264	301	218
yecA	795	606	1809	1467
uvrC	968	704	728	599
uvrY	1302	1077	1238	968
sdiA	260	180	296	230
yecC	381	264	261	204
yecS	283	182	185	152
yedO	771	435	461	432
fliY	6432	4397	4945	4854
fliA	3	3	7	9
fliD	22	12	25	18
amyA	132	85	257	222
yedE	1487	1062	6468	5953
fliF	9	3	7	4
fliG	13	8	7	10
fliH	6	3	9	3
fliI	7	3	6	4
fliM	13	5	14	16
fliP	6	4	4	12
fliR	14	10	45	25
rcsA	63	38	334	245
yedP	19	23	42	44
yedQ	177	101	280	232
yedI	312	230	425	387
yedA	24	14	44	30
dcm	818	520	729	593
yedJ	213	128	192	151
hchA	158	124	232	195
yedW	435	357	371	287
yedZ	65	43	77	63
yodA	17212	16450	4414	4222
yeeI	583	414	4103	3400
shiA	897	519	422	363
amn	411	240	414	402
yeeN	1937	1594	1432	1248
yeeO	96	94	152	99
cbl	1621	1199	1054	991
nac	31	16	53	54
erfK	353	243	501	385
cobS	231	165	280	241
yeeA	90	48	148	145
dacD	54	50	71	62
yeeE	944	659	2655	2125
yeeF	4880	3739	1691	1694
yeeY	137	89	175	130
yeeZ	745	458	692	622
hisG	2065	1238	1919	1789
hisD	1898	1023	1651	1630
hisC	1694	957	1585	1448
hisB	2688	1460	2607	2498
hisA	2081	1266	2129	2085
hisF	2135	1326	2123	2086
ugd	437	313	752	654
gnd	8306	6421	4246	4073
galF	3653	2728	4608	4046
wcaL	24	17	32	35
wcaK	15	8	16	11
wzxC	7	4	11	9
wcaJ	9	1	6	16
cpsG	2178	1433	1249	1209
cpsB	1332	926	743	742
fcl	17	9	22	26
gmd	17	9	33	20
wcaE	3	3	8	2
wcaD	6	3	17	13
wcaC	15	10	18	17
wcaA	6	2	11	7
wzc	22	16	31	27
wza	8	4	6	3
yegH	500	399	427	370
asmA	1142	758	1601	1229
udk	424	321	365	313
yegL	10	4	18	12
mdtA	36	34	35	32
mdtB	111	82	105	79
mdtC	82	78	100	84
baeS	69	55	60	62
baeR	146	95	132	111
yegQ	621	445	241	243
yegS	23	24	51	41
gatD	19	13	34	28
gatZ	3	10	42	50
gatY	5	5	34	28
fbaB	405	306	1360	1181
yegT	59	35	130	101
yegU	63	53	116	91
yegV	62	33	89	82
yegW	128	82	194	146
yegX	142	85	109	86
thiD	1423	844	1606	1374
thiM	1568	986	1869	1531
rncA	46	39	63	61
yehA	12	8	28	28
yehC	0	1	0	0
mrp	2349	1812	2013	1975
metG	3024	1825	2138	2146
yehL	23	15	24	10
yehP	24	28	37	37
yehT	262	201	793	636
yehU	490	347	1551	1260
mlrA	38	19	54	51
yehW	17	15	27	14
yehX	26	19	34	26
yehY	18	5	28	18
yehZ	26	17	44	27
bglX	1898	1294	2015	1940
dld	1770	1129	5144	4611
pbpG	453	315	443	427
yohF	33	15	35	27
dusC	392	239	291	217
yohK	35	18	32	24
cdd	69	49	444	393
sanA	160	87	131	87
yeiT	38	37	674	650
yeiA	70	67	790	649
mglC	337	263	3127	2770
mglA	561	465	6085	5389
mglB	1455	1112	24056	21562
galS	100	78	968	742
yeiB	348	188	164	143
folE	2469	1301	800	835
frmC	383	182	612	514
cirA	8202	2689	1873	1567
lysP	5929	3858	1854	1686
yeiE	182	109	285	229
yeiH	200	107	260	206
nfo	304	206	308	273
yeiJ	59	35	131	113
rihB	13	4	64	56
yeiL	19	18	112	57
yeiC	4	1	53	37
fruA	859	604	1209	1032
fruK	476	286	557	463
fruB	473	293	489	468
setB	36	21	50	52
yeiQ	229	135	200	167
yeiR	237	208	182	165
yeiU	386	323	141	100
rtn	310	189	375	300
yejB	89	69	150	149
yejE	123	105	169	130
yejF	314	199	392	384
bcr	298	189	259	195
rsuA	449	301	274	251
yejH	63	39	45	40
yejK	1479	1099	1134	1066
yejM	780	509	870	674
narP	241	196	323	328
ccmH	174	179	307	322
ccmF	283	293	374	363
ccmC	93	99	139	129
ccmB	68	57	64	82
ccmA	66	80	146	141
napC	95	121	220	215
napH	43	59	128	115
napG	44	64	126	117
napA	305	404	684	736
mqo	1095	694	128	116
yojI	953	624	703	603
alkB	23	20	28	24
ada	69	44	132	105
yojL	49	38	80	71
rcsB	1923	1343	2425	2217
rcsC	915	671	952	814
yfaP	13	3	17	15
yfaQ	29	22	59	48
yfaT	1	2	4	2
gyrA	8946	6396	8148	7428
ubiG	443	277	485	416
nrdA	2307	1368	1833	1639
nrdB	1607	1123	1635	1512
inaA	301	187	283	236
glpQ	331	247	3210	2701
glpT	100	59	1575	1240
glpA	20	13	21	22
glpB	14	10	18	12
glpC	23	14	46	31
yfaY	333	223	297	246
ais	146	85	143	146
yfbE	547	374	1415	1130
yfbF	144	76	259	247
yfbG	360	251	717	623
yfbH	123	84	326	303
arnT	146	103	406	335
menE	341	266	278	235
menC	437	291	368	370
menB	780	557	666	651
yfbB	160	142	168	146
menD	252	199	311	286
menF	325	237	353	326
elaC	145	91	171	135
nuoN	2334	1580	2747	2429
nuoM	2164	1484	2474	2212
nuoL	3941	2699	4454	3970
nuoH	2602	1883	2765	2530
nuoG	8739	6362	9240	8690
nuoF	3788	2804	4013	3693
nuoC	4672	3515	5491	5075
nuoB	2457	1674	3580	3292
lrhA	636	565	3181	2811
yfbQ	690	464	1434	1392
yfbS	205	139	442	395
yfbT	1907	1345	1081	885
ackA	2302	1554	3601	3501
pta	3849	2537	5469	5214
yfcF	111	58	108	88
yfcG	13	11	24	19
yfcH	691	437	702	662
hisP	1338	909	1140	1099
hisM	1094	758	954	866
hisQ	2094	1634	2443	2162
hisJ	10536	7580	11776	10555
purF	4608	3337	2409	2228
dedD	569	370	634	512
folC	1061	762	943	868
accD	5631	4128	5512	4702
truA	625	456	557	517
usg	1225	873	997	968
pdxB	1379	1008	1029	998
flk	289	199	279	205
yfcJ	153	92	57	59
fabB	7074	4692	9821	9027
trmC	369	260	382	306
yfcA	380	290	328	345
mepA	537	354	425	376
aroC	1742	1084	1327	1119
prmB	1284	842	1277	1135
yfcY	85	51	853	796
fadL	1106	682	1081	1006
vacJ	1243	984	1645	1404
yfdC	23	31	68	40
dsdA	131	90	98	98
emrY	18	14	13	8
emrK	19	14	11	10
evgA	460	361	143	139
yfdE	25	23	41	26
yfdV	11	14	14	24
oxc	45	25	51	64
frc	60	31	43	62
yfdX	18	17	29	37
ddg	34	39	43	32
yfdZ	855	536	866	788
ypdA	140	99	137	89
ypdB	165	124	196	164
ypdC	54	40	69	41
ypdD	56	53	103	90
ypdE	13	3	28	30
ypdF	16	15	53	38
ypdG	17	9	47	38
glk	937	614	984	828
yfeO	70	50	116	103
mntH	451	302	416	382
nupC	2371	1823	2472	2140
yfeA	399	356	563	448
gltX	3307	2523	2310	2143
yfeR	91	66	116	100
yfeH	725	454	515	410
ligA	884	591	916	802
zipA	2879	1965	3328	3112
cysZ	168	150	387	303
cysK	20013	15004	18922	18332
ptsI	32290	22767	25773	23771
pdxK	687	492	558	577
cysM	2579	1704	1398	1433
cysA	2950	1875	1940	1963
cysW	1682	1064	1217	1095
cysU	1347	915	854	823
cysP	3181	2024	2337	2011
ucpA	816	517	7036	6406
yfeT	53	53	139	128
yfeU	108	54	269	218
murP	51	56	230	198
murQ	87	74	402	370
yfeX	924	687	864	780
amiA	461	302	397	299
hemF	195	127	176	134
yfeG	46	15	61	59
eutL	36	31	59	45
eutC	17	19	53	52
eutB	38	30	86	93
eutA	6	7	28	28
eutH	21	10	54	40
eutG	7	6	25	23
eutJ	5	2	7	10
eutE	10	5	17	25
eutI	9	10	137	116
eutT	11	7	86	84
eutQ	7	9	121	115
maeB	3700	2499	18584	18886
talA	150	106	375	298
tktB	174	116	275	235
ypfG	27	24	135	137
aegA	54	45	102	100
narQ	136	115	212	200
acrD	123	88	193	188
dapE	983	738	707	721
ypfH	178	158	234	237
ypfJ	669	494	671	531
purC	3831	2825	3751	3274
nlpB	4939	3500	5250	4800
dapA	5699	4011	6314	5828
hyfA	4	3	4	5
hyfC	3	6	5	10
hyfD	6	3	9	9
hyfE	6	2	7	0
hyfG	13	13	19	20
hyfI	6	6	14	8
perM	263	196	320	245
yfgC	855	606	1642	1487
hda	558	414	436	356
uraA	1187	918	576	554
upp	3026	2098	2141	2143
purM	4147	2809	2791	2517
purN	1075	751	499	460
ppk	847	600	915	784
ppx	713	474	659	605
yfgF	68	56	110	89
guaA	4792	3023	2036	1880
guaB	3819	2538	1433	1247
xseA	516	294	253	215
der	1867	1396	1605	1421
yfgL	4077	2966	4217	3794
yfgM	1867	1365	1800	1712
hisS	4259	2941	3265	2891
ispG	1636	1213	1607	1445
yfgA	1253	822	1339	1118
yfgB	1216	841	1031	948
pbpC	131	80	229	195
sseA	591	336	2619	2158
sseB	571	349	592	489
pepB	1247	683	1578	1384
hscA	2196	1199	1698	1661
iscS	6003	3204	7660	8281
yfhQ	574	341	488	388
suhB	1684	1323	878	721
yfhR	22	13	25	26
hcaT	136	77	299	216
hcaR	506	357	5498	4341
hcaE	21	13	43	37
hcaB	13	7	29	29
yphB	29	24	69	65
yphC	27	19	82	56
yphD	9	2	35	31
yphE	26	22	114	98
yphF	13	10	112	93
yphH	126	93	187	160
glyA	22427	15714	16726	15274
hmp	386	296	963	832
yfhA	424	326	444	335
yfhG	317	238	286	262
yfhK	395	241	477	374
yfhD	241	194	184	168
yfhB	212	187	242	200
yfhH	143	123	272	217
pdxJ	1201	850	1408	1266
recO	474	341	339	352
era	1511	1018	1106	949
rnc	1018	691	691	590
lepB	1660	1136	1490	1339
lepA	4341	3036	3573	3253
rseB	873	647	1648	1264
rseA	2194	1616	7225	5984
yfiC	192	135	218	200
srmB	506	280	327	287
yfiE	93	70	125	120
ung	340	274	391	341
yfiF	970	675	737	683
yfiP	70	62	74	49
yfiQ	405	335	3946	3295
pssA	2042	1401	4029	3503
kgtP	795	563	4746	4081
clpB	3454	2614	5540	5135
yfiH	328	257	179	159
rluD	671	483	561	498
yfiO	2593	1901	3585	3271
pheA	1982	1349	883	849
tyrA	4932	3013	1470	1481
aroF	5935	4057	2007	1884
yfiN	87	54	107	78
trmD	24226	17483	16382	15633
ffh	1920	1287	1428	1321
ypjD	361	225	348	278
yfjD	495	366	582	470
yfjB	226	168	315	279
recN	255	167	309	271
gabT	82	57	1048	820
gabP	28	18	262	229
csiR	166	109	338	227
nrdF	164	68	106	71
proV	793	461	283	225
proW	295	161	76	92
proX	412	201	248	223
ygaZ	780	478	597	490
emrA	405	304	141	123
emrB	321	261	135	139
gshA	2460	1838	2255	2150
alaS	14322	9894	11708	11123
recA	3395	2377	3726	3311
mltB	184	103	106	91
srlE	15	4	31	34
srlD	82	57	92	93
srlR	201	116	412	347
gutQ	205	153	420	347
norV	13	3	24	17
norW	22	11	17	17
ascG	338	238	419	359
ascF	16	13	35	41
hycG	37	17	64	56
hycE	17	4	21	22
hycD	6	7	8	5
hycC	7	12	12	11
hycB	5	1	2	2
hypB	54	36	126	105
hypD	65	60	121	107
hypE	79	65	100	99
fhlA	74	52	87	84
mutS	692	471	656	589
ygbI	233	166	701	596
ygbJ	16	14	62	35
ygbK	39	27	83	56
ygbL	21	12	28	27
ygbM	31	25	48	34
ygbN	30	20	64	35
nlpD	11162	8193	40216	35415
pcm	670	415	632	533
surE	720	461	570	503
truD	1282	847	1164	1052
ispD	624	423	468	424
cysC	2209	1373	1011	867
cysN	8430	5542	3931	3748
cysD	4831	3141	1964	1837
iap	199	152	230	202
cysH	4612	3377	2368	2318
cysI	9685	6504	4546	4707
cysJ	6920	4520	2541	2493
ygcQ	37	24	38	30
ygcR	8	11	21	22
ygcS	9	6	10	9
ygcU	31	21	99	111
ygcW	13	9	71	59
yqcE	26	28	66	64
ygcF	498	411	473	429
eno	33637	26255	13729	12550
pyrG	6889	5208	3528	3354
mazG	609	520	818	662
relA	2610	1868	3245	2915
barA	532	443	605	521
gudD	112	77	174	153
gudX	48	45	94	81
gudP	11	16	40	45
truC	202	116	181	123
queF	693	493	673	534
ygdH	736	439	1449	1239
sdaC	412	283	117	100
sdaB	210	175	112	96
exo	148	112	272	231
fucO	96	69	4493	3809
fucA	19	13	887	756
fucP	10	13	153	110
fucI	74	35	418	400
fucK	92	63	277	269
fucR	354	241	2031	1791
ygdE	540	422	549	490
gcvA	274	182	284	243
csdA	309	202	237	195
ygdL	356	219	295	279
mltA	1331	959	2118	1791
amiC	856	709	560	467
argA	7972	5541	2756	2681
recD	700	490	569	517
ptr	961	719	1278	1115
recC	732	485	758	617
thyA	1011	665	699	658
lgt	599	350	470	386
ptsP	1445	962	1402	1164
mutH	150	108	257	201
ygdQ	111	68	128	92
tas	582	359	457	477
ygeD	283	185	345	333
aas	872	543	1065	940
galR	257	175	281	243
lysA	1853	1221	933	865
lysR	92	49	91	68
ygeA	205	125	284	202
araE	349	284	380	333
kduD	60	50	118	90
kduI	45	37	99	78
yqeF	1173	817	6353	5556
yqeG	70	58	106	79
yqeH	14	15	47	22
yqeI	33	30	42	21
ygeH	5	6	10	6
ygeR	460	290	657	611
xdhA	61	36	355	347
xdhB	17	14	122	111
ygeV	148	118	2790	2293
ygeW	12	4	49	40
ygeX	17	16	58	31
ygeY	9	9	47	41
hyuA	14	10	24	22
yqeA	32	31	99	65
yqeB	36	23	336	297
yqeC	5	3	217	177
ssnA	13	4	33	16
ygfM	13	8	12	28
xdhD	61	55	122	118
ygfO	27	20	36	46
guaD	127	121	201	167
ygfT	56	36	147	170
ygfU	3	8	111	75
lysS	5423	3784	3967	3484
prfB	4244	2911	2960	2705
recJ	1209	879	739	633
dsbC	783	571	651	591
xerD	653	450	589	519
ygfZ	909	570	1066	919
yqfA	116	90	204	179
bglA	1198	827	926	885
ygfF	33	29	19	24
gcvP	2529	1899	1126	986
gcvT	2242	1700	907	787
visC	525	365	469	406
serA	22724	15304	5919	5939
rpiA	1453	1058	1560	1498
argP	565	401	514	448
yliK	48	33	58	39
argK	10	13	10	16
ygfG	11	5	19	16
ygfH	30	28	48	49
ygfI	47	44	118	76
yggE	430	334	548	507
argO	124	78	140	122
mscS	2076	1593	771	688
fbaA	13947	10631	10477	10134
pgk	11509	8717	8986	8268
epd	2469	1738	1618	1544
yggF	13	7	17	13
cmtA	16	10	40	31
tktA	7882	4872	9907	8983
yggG	1100	875	2400	2113
speB	875	569	471	377
speA	8625	5938	6825	6755
metK	9908	6580	4886	4353
galP	161	121	65	63
endA	76	60	19	22
yggJ	372	246	309	293
gshB	804	496	794	748
yggS	417	304	381	356
yggW	477	363	359	327
yggM	29	21	101	90
ansB	67	47	143	151
yggN	469	360	534	540
yggH	1216	908	743	621
mutY	414	296	174	164
mltC	456	277	343	278
nupG	164	134	3086	2437
yqgA	30	23	40	34
yghK	29	25	492	401
glcF	52	30	1500	1322
glcD	32	23	1253	1135
glcC	153	96	2282	1797
ECIAI1_3132	11	9	22	21
yghR	10	8	18	8
yghS	9	11	16	17
yghT	3	6	9	9
pitB	38	28	45	27
gss	1035	771	642	577
yghU	595	390	1587	1348
hybC	342	252	611	628
hybB	39	52	147	156
hybA	31	18	129	146
hybO	65	51	192	188
yghZ	213	123	1932	1691
yghA	15	5	21	18
exbB	2937	1655	2103	1708
metC	1476	1052	1378	1250
yghB	256	181	286	246
yqhC	116	70	137	108
yqhD	343	191	462	424
dkgA	84	58	212	170
yqhG	48	25	69	39
ygiQ	831	532	341	309
sufI	761	512	628	496
plsC	394	285	370	263
parC	1750	1254	1330	1241
qseB	126	110	145	128
parE	1969	1455	1529	1477
cpdA	869	603	1837	1479
nudF	423	296	451	382
tolC	2906	1609	2151	2089
ygiC	2218	1640	2848	2715
ygiE	393	272	613	526
ribB	570	431	592	554
yqiJ	18	13	43	42
yqiK	36	18	113	75
rfaE	1730	1170	1489	1356
htrG	246	164	815	753
cca	414	284	630	522
bacA	573	524	492	417
plsY	212	126	205	155
ygiP	34	33	33	30
ttdA	10	6	7	6
ttdB	8	5	9	5
ygjE	27	31	24	19
gcp	556	394	417	360
dnaG	2041	1460	1768	1577
rpoD	4349	2783	5243	4819
yqjH	277	102	135	101
yqjI	194	135	112	120
aer	115	106	174	123
ygjG	65	45	107	90
ebgR	83	46	101	76
ygjI	5	4	15	19
ygjJ	7	4	7	3
ygjK	24	18	40	27
ygjO	264	182	125	102
ygjQ	19	18	30	26
ygjR	161	108	756	658
alx	63	48	27	34
sstT	1857	1274	2654	2279
uxaA	326	187	345	333
uxaC	347	178	488	406
exuT	141	87	402	362
exuR	487	346	558	482
yqjA	371	263	373	303
yqjG	85	52	83	79
yhaJ	536	352	501	477
yhaK	32	25	58	45
yhaM	76	57	81	81
yhaO	31	26	54	47
tdcG	45	37	103	73
tdcE	207	140	490	431
tdcD	13	18	141	103
tdcC	89	72	446	342
tdcB	9	8	225	155
tdcA	8	9	185	128
garK	73	55	131	99
garR	53	49	176	146
garL	12	12	42	34
garP	44	23	82	56
garD	63	45	482	404
agaR	383	352	528	443
kbaZ	27	13	88	98
agaS	18	9	22	19
kbaY	10	11	26	18
agaC	8	12	18	13
agaD	14	9	30	22
agaI	19	17	15	19
yraI	6	7	15	13
yraL	383	230	346	315
yraQ	321	234	367	301
yraR	66	38	82	75
yhbU	22	29	43	30
yhbV	29	32	30	26
yhbW	118	76	62	57
mtr	347	210	310	245
deaD	1747	1297	776	734
nlpI	3871	3012	5728	4807
pnp	11016	7951	12633	11762
truB	1389	1104	995	1009
infB	16318	12137	12568	12430
nusA	6532	4770	5342	5182
argG	15664	11641	4183	4073
yhbX	69	47	74	64
glmM	2130	1454	1802	1763
folP	513	304	395	406
ftsH	11824	8288	10765	9667
rrmJ	1755	1199	2357	2069
dacB	243	132	156	122
obgE	1345	933	1176	1060
yhbE	636	453	457	363
ispB	1209	880	978	903
murA	3253	2099	2315	2330
yrbC	1273	898	1229	1153
yrbE	938	701	640	560
yrbF	1269	965	950	900
yrbG	382	227	338	282
kdsD	1112	793	1037	1013
lptB	1135	809	1199	1094
rpoN	3074	2171	4766	4073
yhbJ	936	655	981	818
yrbL	2288	1497	2651	2484
mtgA	437	298	662	608
elbB	870	656	1418	1267
arcB	829	611	1550	1403
yhcC	24	16	20	23
gltB	16360	9971	2349	2495
gltD	8058	5349	1313	1308
nanE	32	11	132	127
nanT	32	25	293	208
nanA	67	43	211	179
nanR	484	387	573	403
dcuD	31	20	68	42
sspA	2879	2108	2457	2199
degQ	730	541	1057	923
degS	373	256	351	264
mdh	16193	11565	28976	26620
aaeB	37	34	53	51
aaeA	56	41	62	58
aaeR	121	82	93	68
tldD	1236	865	944	863
rng	1244	852	981	894
mreC	620	425	411	339
mreB	2562	1622	2280	2270
csrD	507	385	1086	973
yhdH	548	356	1092	1049
accC	7404	5309	7193	7198
panF	255	184	172	168
prmA	575	393	408	382
dusB	5549	4377	4212	3724
yhdJ	51	48	81	86
envR	19	13	32	16
acrE	9	13	22	11
acrF	198	144	229	189
aapQ	35	26	64	49
aapP	38	28	106	86
aroE	613	474	475	417
smf	377	279	757	645
fmt	1236	825	1003	918
rsmB	563	420	496	449
trkA	524	423	490	456
rpoA	72728	52971	41803	39530
rpsD	47661	35056	29833	28012
secY	63778	48810	39647	38127
rpsC	41711	30497	24030	24096
rplB	44418	33293	24211	24319
rplD	36653	27363	19199	18662
rplC	46335	34264	24179	24243
tufA	128693	94285	96211	89262
fusA	100410	75567	58585	56492
yheO	920	721	991	787
fkpA	5998	4603	8453	7456
kefB	288	176	338	301
yheS	695	499	491	446
yheT	237	148	167	141
prkB	275	190	354	325
crp	2706	1764	4021	3524
yhfK	763	449	634	543
argD	4534	3085	1745	1601
fic	47	39	53	57
tsgA	203	124	58	45
nirB	94	152	77	48
nirC	32	20	24	22
cysG	663	434	634	520
frlA	12	7	17	13
frlB	15	7	11	11
frlC	25	16	28	31
frlD	19	20	34	38
frlR	135	68	145	134
yhfS	32	24	53	38
yhfT	21	15	53	49
php	13	11	21	20
yhfZ	187	168	376	351
trpS	3029	2008	2175	1973
gph	933	621	665	695
rpe	821	620	837	757
dam	682	500	569	511
aroB	4198	3254	3256	2996
hofQ	27	19	94	86
yrfD	36	33	119	107
mrcA	1835	1319	1121	927
igaA	660	458	1078	954
yrfG	427	293	328	289
hslO	1079	687	706	679
pck	2084	1547	30557	27715
envZ	341	200	656	510
ompR	595	365	1388	1210
yhgF	2625	1679	1595	1470
feoB	1245	759	1216	1113
yhgA	48	46	51	49
bioH	262	183	209	147
gntX	217	143	218	175
gntT	1089	857	2017	1899
malQ	718	523	1255	1203
malP	1050	782	1325	1231
malT	3693	2658	16032	13690
rtcB	83	51	62	66
glpG	582	442	405	341
glpD	43	47	81	83
glgP	4562	3088	7656	6802
glgA	2465	1644	3890	3531
glgC	2791	1781	4335	4263
glgX	2978	2053	3686	3496
glgB	6267	4361	6931	6372
asd	11939	7537	4625	4518
gntU	110	88	98	69
gntR	266	154	234	225
yhhW	130	94	168	161
yhhX	717	483	709	619
yhhZ	3	0	6	5
ggt	48	32	70	41
ugpC	63	28	160	161
ugpE	11	10	62	72
ugpA	16	9	44	50
ugpB	126	85	895	753
livF	989	691	902	847
livG	1179	805	1056	832
livM	1933	1313	1682	1459
livH	1792	1263	1850	1687
livK	3550	2507	4774	4384
livJ	12210	7523	16109	14481
rpoH	2145	1510	4340	3933
ftsX	936	659	995	844
ftsE	681	452	553	521
ftsY	2230	1622	2306	1991
yhhN	238	124	165	167
yhhQ	67	52	71	63
yhhS	151	108	71	73
yhhT	52	33	70	56
nikA	28	12	32	22
nikB	9	7	13	12
nikC	8	6	13	8
nikD	8	3	10	6
nikE	11	8	10	8
yhhI	406	388	889	558
yhhJ	507	434	1294	1173
rbbA	1030	773	2006	1796
yhiI	948	662	1899	1743
yhiM	57	55	62	60
yhiN	489	352	271	214
pitA	1999	1364	1355	1249
yhiP	32	29	47	34
yhiQ	116	67	73	69
prlC	1306	733	1028	1003
yhiR	170	94	122	99
gor	1092	716	908	795
arsB	44	32	57	42
yhiD	27	15	33	27
mdtE	21	19	18	7
mdtF	120	63	97	87
gadW	184	118	36	28
gadX	271	290	89	66
gadA	149	109	159	140
yhjA	65	43	81	63
treF	83	48	78	75
yhjB	49	40	59	44
yhjC	114	80	70	68
yhjD	68	57	57	51
yhjE	3927	2299	2219	2001
yhjG	62	40	48	66
yhjH	9	10	15	20
kdgK	240	156	289	263
yhjJ	584	418	965	795
dctA	425	284	7155	6717
yhjK	410	266	394	352
bcsC	659	407	668	597
bcsZ	151	116	227	184
bcsB	330	173	312	310
bcsA	440	305	425	389
bcsE	292	184	338	255
bcsG	135	93	171	157
yhjV	164	119	179	140
dppF	425	319	624	579
dppD	470	363	839	727
dppC	434	358	681	718
dppB	485	407	879	825
dppA	5704	4310	16999	15663
eptB	118	100	883	662
yhjX	18	12	29	23
yhjY	61	38	76	62
yiaD	151	113	116	77
tiaE	1031	566	601	518
yiaF	1781	1420	2103	1932
glyS	5689	4037	4552	4214
glyQ	2547	1891	1891	1721
yiaH	79	58	65	48
xylB	118	69	250	209
xylA	83	49	356	304
xylF	32	22	674	617
xylG	36	29	375	288
xylH	61	45	255	195
xylR	211	146	507	411
bax	2277	1573	15891	13900
avtA	1443	1001	1216	1063
yiaJ	408	308	236	200
yiaK	13	8	96	102
yiaN	5	4	28	32
yiaO	2	1	94	72
sgbH	2	4	64	61
sgbU	7	3	92	78
sgbE	12	6	77	60
yiaT	18	16	30	36
yiaU	84	46	111	84
yiaV	19	20	30	21
aldB	37	27	428	314
yiaY	25	21	52	59
selB	1256	886	943	905
selA	586	404	402	351
yibF	188	121	206	173
yibH	26	24	68	56
mtlA	574	384	1701	1312
mtlD	539	413	753	659
lldP	128	84	327	264
lldR	76	57	126	93
lldD	149	78	180	169
cysE	848	529	1137	1031
gpsA	1742	1169	2357	2234
gpmI	2250	1665	514	467
envC	842	587	600	453
yibQ	313	234	238	207
yibD	32	14	78	38
tdh	211	141	437	357
kbl	233	192	553	472
waaD	1239	810	991	854
waaF	990	724	809	712
kdtA	543	334	591	493
mutM	192	156	190	144
yicR	839	640	813	696
dfp	507	277	414	398
pyrE	952	747	337	300
yicC	1143	780	938	865
yicG	5	4	14	5
ligB	41	31	89	73
gmk	1005	652	735	637
spoT	3072	2074	1841	1600
trmH	513	342	285	278
gltS	556	439	335	268
yicE	1309	769	605	523
yicH	720	511	1059	888
yicI	89	53	113	93
yicJ	22	20	58	37
setC	16	11	21	11
yicL	305	226	331	259
nlpA	1815	1282	984	944
yicM	102	81	34	20
uhpT	12	11	115	81
uhpC	93	54	39	39
uhpB	174	128	105	63
ilvB	1855	1159	2187	2505
emrD	6	7	26	12
yidJ	39	25	128	101
yidK	8	3	46	30
yidL	39	26	120	109
yidP	25	16	26	18
yidE	501	389	1639	1436
yidR	214	147	336	276
cbrA	20	6	32	33
dgoT	27	13	89	51
dgoD	43	31	168	132
dgoA	17	15	59	57
dgoR	130	116	308	319
yidX	95	99	167	92
yidA	422	233	220	170
gyrB	3642	2529	2625	2513
recF	443	348	198	173
dnaN	1049	786	854	699
dnaA	1771	1215	1546	1346
yidC	5152	3553	4049	3768
trmE	497	351	427	374
tnaA	71	44	1184	993
tnaB	16	9	109	95
mdtL	33	20	21	17
yidZ	125	78	119	77
yieE	139	81	408	330
yieH	250	193	248	186
yieK	40	28	35	32
yieL	23	29	45	37
bglH	17	8	22	26
bglB	16	9	18	17
bglG	5	4	30	19
phoU	437	351	977	886
pstB	441	325	819	682
pstA	145	106	211	169
pstC	165	131	245	185
pstS	405	288	760	667
glmS	7380	5414	2860	2647
glmU	5782	4129	2669	2443
atpD	27211	18697	26002	24286
atpG	16672	11309	15487	14304
atpA	41597	29737	39671	37096
atpB	13608	9902	15310	14055
gidB	326	264	247	214
gidA	1981	1387	1094	1017
asnA	2223	1312	786	691
yieM	244	195	244	197
ravA	259	196	225	229
trkD	426	268	332	263
rbsA	212	145	414	358
rbsC	142	88	586	411
rbsB	789	867	9857	7878
rbsK	415	289	1659	1493
rbsR	181	138	484	390
hsrA	98	90	119	90
yieP	251	209	170	149
hdfR	310	228	313	289
yifB	36	38	67	54
ilvE	9807	6367	6079	6109
ilvD	10524	6609	6268	5972
ilvA	6150	3840	3408	3150
ilvY	184	99	132	124
ilvC	22146	16004	8549	8392
rep	748	519	560	463
gpp	1195	702	1002	885
rhlB	2450	1589	2006	1733
rho	3096	1809	2606	2270
rfe	1117	864	972	826
wzzE	947	658	786	664
rffE	805	588	430	378
rffD	828	554	475	379
rffG	678	375	409	362
rffH	434	305	282	265
rffC	208	171	141	131
rffA	435	297	348	306
wzxE	383	232	258	225
rffT	306	225	216	185
wzyE	197	174	136	149
rffM	216	155	173	151
yifK	1049	729	597	578
hemY	1491	965	2186	1892
hemX	1544	1008	2366	2165
hemD	507	293	632	577
hemC	766	487	820	749
cyaA	2857	1891	1208	1080
dapF	814	535	705	572
yigA	470	310	462	365
xerC	563	371	452	409
yigB	318	210	249	274
uvrD	702	453	652	557
yigE	60	38	57	44
corA	981	689	1183	1059
rarD	154	106	114	113
pldA	887	643	842	711
recQ	807	511	605	527
rhtC	393	294	453	350
rhtB	216	153	285	240
pldB	385	283	389	311
yigL	260	165	196	179
yigM	171	121	151	110
metR	486	355	592	457
ysgA	838	530	3022	2750
udp	920	562	4260	3815
rmuC	189	159	676	567
ubiE	1144	818	1179	1119
yigP	714	452	779	649
ubiB	1104	741	1075	1007
tatC	1136	836	744	646
tatD	265	193	204	141
ubiD	1677	1148	2652	2179
fre	1010	728	1476	1271
fadA	118	73	2276	1971
fadB	269	171	6971	6022
pepQ	2141	1448	3311	3112
yigZ	290	214	388	390
trkH	559	380	544	455
yihE	1016	766	924	871
dsbA	2169	1615	2466	2219
yihG	111	89	91	66
polA	1535	1066	2405	2134
hemN	1031	695	977	795
glnG	818	555	312	271
glnL	676	427	206	175
glnA	8991	6186	4268	4189
bipA	11721	8297	4874	4531
yihL	82	56	107	85
yihM	106	89	187	181
yihN	55	48	94	111
ompL	7	6	3	5
yihO	6	8	24	16
yihP	12	15	53	37
yihQ	35	17	89	80
yihS	69	36	172	161
yihT	29	20	90	106
yihU	14	12	41	34
yihV	30	25	111	86
yihW	257	164	516	416
rbn	203	171	518	459
yiiD	658	431	816	755
fdhE	385	224	611	527
fdoI	107	73	269	269
fdoH	180	128	504	441
fdoG	1371	957	3740	3451
fdhD	213	191	298	257
frvB	11	6	11	17
rhaD	19	6	16	18
rhaA	5	5	15	8
rhaS	22	22	257	189
rhaR	31	22	286	200
sodA	16891	8516	19138	14676
kdgT	31	25	126	106
yiiM	272	187	303	254
cpxA	1515	1085	1603	1405
cpxR	1327	972	1636	1375
fieF	708	510	573	525
pfkA	3175	2168	1569	1384
sbp	846	642	427	473
cdh	263	176	113	117
tpiA	6248	4380	5094	4892
fpr	597	325	674	517
glpX	182	116	195	159
glpK	139	116	1685	1390
glpF	20	17	490	355
menA	412	286	303	302
hslU	1943	1312	1718	1775
ftsN	673	488	657	561
cytR	496	319	447	391
yiiX	57	50	127	116
metB	1493	954	1344	1168
metL	2673	1705	1768	1537
metF	7118	5254	3173	2722
katG	3493	2505	8468	7404
yijE	55	47	96	76
yijF	8	5	19	10
gldA	102	81	348	338
fsaB	23	13	52	63
ptsA	27	26	75	69
frwC	19	8	98	76
pflD	58	35	135	116
pflC	27	9	46	54
yijO	31	20	53	28
yijP	1544	942	943	884
ppc	7041	4003	2301	2123
argE	2180	1392	802	748
argC	3930	2741	1225	1076
argB	2768	1832	876	916
argH	5937	3977	1744	1617
oxyR	1281	847	1288	1168
sthA	1007	738	3528	2967
fabR	857	661	1808	1534
trmA	570	362	554	474
btuB	1492	1072	1435	1257
murI	248	154	279	269
murB	881	693	1064	964
birA	494	325	550	471
coaA	724	550	990	868
tufB	129863	95058	98636	91204
rplA	30120	21880	15297	15336
rpoB	39413	27910	34632	31699
rpoC	41848	29584	38008	35815
thiH	3502	1929	2552	2018
thiG	2501	1272	1904	1456
thiF	3127	1647	2112	1613
thiE	2597	1340	1847	1436
thiC	10766	6125	7550	5897
nudC	375	241	250	220
hemE	815	484	581	547
nfi	276	200	259	215
yjaH	427	310	762	568
zraR	212	148	340	328
purD	1842	1258	868	775
purH	1836	1186	790	677
metA	4367	3113	3606	3032
aceA	471	325	3848	3644
aceK	88	52	503	473
iclR	314	214	269	238
metH	8389	5344	6322	5731
yjbB	285	237	340	246
pepE	142	111	1278	1107
yjbC	739	453	711	601
lysC	7796	4633	2275	2146
pgi	5636	4168	3449	3069
yjbF	7	9	3	8
yjbG	14	4	9	1
yjbH	37	16	33	22
xylE	30	15	52	32
malG	67	49	839	731
malF	154	130	1919	1700
malE	878	625	12946	11690
malK	201	135	3337	3035
malM	170	116	2134	1824
ubiA	451	323	647	538
plsB	1696	1129	2009	1882
lexA	904	615	863	783
dinF	164	88	118	120
yjbM	2	4	6	4
yjbN	538	395	467	477
qor	434	275	587	520
dnaB	1091	732	678	620
alr	500	339	301	266
tyrB	2562	1605	2642	2269
aphA	67	65	1013	879
uvrA	682	483	630	632
yjcC	40	32	61	59
yjcE	791	573	674	619
actP	174	115	7858	6913
acs	1024	665	22400	21202
nrfA	37	22	64	59
nrfC	7	3	14	10
nrfD	12	5	22	19
gltP	601	543	79	72
yjcO	394	281	874	810
fdhF	94	63	173	136
yjcQ	14	10	40	26
yjcR	12	2	19	10
phnL	5	1	0	1
phnK	7	2	18	20
phnJ	2	2	9	4
phnI	1	4	0	5
phnF	5	1	3	1
phnD	5	5	7	2
phnC	2	2	9	4
yjcZ	20	14	17	12
proP	1481	1059	284	285
basS	338	234	414	343
basR	298	201	420	340
eptA	384	259	456	436
adiC	13	3	17	12
adiY	4	2	13	12
adiA	19	11	36	31
melR	69	59	306	228
melA	55	41	320	297
melB	43	34	172	123
yjdF	134	99	108	85
fumB	65	60	500	471
dcuB	19	17	61	36
dcuR	196	159	793	689
dcuS	378	308	889	776
lysU	608	480	539	492
yjdL	17	13	33	27
cadA	57	50	97	78
cadB	5	1	15	7
cadC	45	28	58	52
dipZ	453	284	457	417
dcuA	2007	1442	2483	2175
aspA	993	807	20727	16754
yjeH	281	191	175	139
groL	25091	18140	30232	28015
yjeJ	76	72	151	134
yjeK	354	237	267	268
frdB	134	111	1205	1085
frdA	327	251	3142	2968
poxA	238	192	135	124
yjeP	533	377	755	693
psd	638	417	859	726
rsgA	934	598	958	809
yjeS	158	104	110	98
yjeF	217	136	201	201
amiB	542	382	509	464
mutL	889	575	867	769
miaA	4400	3029	5344	4757
hflX	4460	2985	4244	3358
hflK	4763	3238	4728	4521
hflC	4300	2958	4173	3899
purA	8359	5490	5639	5159
rnr	3350	2369	4018	3628
rlmB	759	487	603	577
yjfJ	16	21	44	38
yjfK	10	4	11	17
yjfC	32	27	69	63
aidB	131	73	136	116
yjfP	163	105	167	156
ulaR	226	143	262	198
ulaG	52	33	58	42
ulaA	20	20	59	53
ulaD	42	33	93	64
ulaE	58	32	79	88
ulaF	33	17	47	36
ytfB	495	301	659	562
fklB	808	385	552	525
cycA	1326	952	6804	5754
ytfE	41	19	140	93
ytfF	76	32	58	54
ytfG	59	29	48	32
cpdB	610	437	2779	2370
cysQ	422	306	559	464
ytfL	229	155	245	211
msrA	233	149	211	167
ytfM	644	523	417	358
ytfQ	45	22	971	777
ytfT	12	7	70	48
yjfF	20	15	79	80
fbp	1065	657	1108	1080
mpl	1757	1247	1493	1250
pmbA	916	603	726	604
nrdD	102	100	202	183
treC	34	25	112	137
treB	42	25	145	122
treR	220	138	192	186
mgtA	1924	1514	1980	1696
pyrB	321	226	231	228
yjgI	36	22	20	18
argI	1548	1104	858	802
valS	8002	5626	5487	5189
pepA	4392	2914	3791	3474
yjgP	1005	701	986	806
yjgQ	891	603	914	768
yjgB	19	24	48	35
yjhT	56	69	243	167
yjhA	18	10	99	100
fimB	491	450	237	206
fimC	1331	887	665	768
fimH	533	358	321	310
gntP	36	33	209	148
uxuA	231	146	509	427
uxuB	252	156	599	525
uxuR	343	258	358	306
yjiE	139	90	133	115
iadA	524	405	365	347
yjiH	8	9	13	10
yjiK	52	50	105	68
hgdC	8	8	73	66
yjiM	16	24	202	229
yjiN	79	45	74	55
yjiY	92	57	814	746
tsr	73	38	107	84
mdoB	1513	1097	1881	1478
dnaC	222	150	200	184
yjjP	32	31	74	55
yjjQ	9	5	13	15
bglJ	44	22	54	26
rsmC	477	309	312	263
yjjG	234	155	161	144
prfC	1580	1081	826	770
osmY	83	69	45	39
yjjU	184	134	235	196
yjjW	14	20	20	24
yjjI	37	27	40	25
deoC	170	89	298	289
deoA	220	170	726	595
deoB	790	558	1480	1299
deoD	1033	611	1316	1206
ytjB	262	222	228	206
serB	1333	815	688	619
radA	1506	962	869	818
nadR	1037	742	978	853
slt	620	475	986	833
ytjC	706	461	1138	953
rob	834	628	1283	1066
creB	529	360	517	420
creC	221	168	241	231
arcA	2235	1730	4677	3951
yjtD	104	89	138	155
