	CMCP6_HS1	CMCP6_HS2	CMCP6_YJ016ref_HS1	CMCP6_YJ016ref_HS2
VV1_RS00065	1701	1361	1297	1148
VV1_RS00070	653	693	653	691
VV1_RS00085	8540	11160	8537	11184
VV1_RS00095	20380	110337	20191	108641
VV1_RS00120	309	668	303	616
VV1_RS00130	54	139	54	136
VV1_RS00135	71	37	71	35
VV1_RS00140	104	45	272	271
VV1_RS00145	379	327	200	131
VV1_RS00150	39	47	39	47
VV1_RS00155	15	36	13	36
VV1_RS00160	131	498	131	498
VV1_RS00165	350	927	347	916
VV1_RS00170	94	690	93	684
VV1_RS00180	749	701	738	688
VV1_RS00190	836	12066	829	11953
VV1_RS00195	651	4140	651	4133
VV1_RS00205	588	1554	589	1553
VV1_RS00210	7558	4616	7574	4621
VV1_RS00230	786	491	784	489
VV1_RS00240	648	656	648	655
VV1_RS00245	556	572	527	541
VV1_RS00255	471	430	466	424
VV1_RS00265	520	804	522	802
VV1_RS00270	726	960	713	951
VV1_RS00285	920	757	930	756
VV1_RS00575	991	601	989	596
VV1_RS00580	373	362	373	362
VV1_RS00590	80	119	80	111
VV1_RS00595	249	323	250	319
VV1_RS00600	4295	2345	4269	2336
VV1_RS00625	2020	2282	1976	2194
VV1_RS00630	3260	9244	3155	8724
VV1_RS00635	149	436	147	431
VV1_RS00650	1184	410	1180	408
VV1_RS00690	60865	67243	60516	66722
VV1_RS00705	1709	1200	1575	1119
ZNUC	2374	2558	2359	2521
VV1_RS00715	286	735	285	735
VV1_RS00720	4394	9839	4381	9791
VV1_RS00730	3529	18066	3524	18035
VV1_RS00765	1454	1166	1466	1174
VV1_RS00770	189	403	187	400
VV1_RS00775	663	2009	659	2000
VV1_RS00780	769	2468	765	2450
VV1_RS00790	756	2929	756	2929
VV1_RS00795	4461	3426	4444	3412
VV1_RS00805	638	442	638	442
VV1_RS00830	19768	2868	19762	2870
VV1_RS00835	8456	24505	8448	24466
VV1_RS00845	3222	5188	3220	5180
VV1_RS00850	5495	3192	5463	3127
VV1_RS00865	195	365	187	341
VV1_RS00885	13800	233553	13471	222450
VV1_RS00890	5083	3998	5022	3894
VV1_RS00925	144	5417	144	5397
VV1_RS00930	132	5794	130	5714
VV1_RS00935	894	1899	895	1892
VV1_RS00945	7736	32701	7630	32001
VV1_RS00950	14051	5915	13901	5836
VV1_RS00975	3358	3764	3353	3762
VV1_RS00985	11194	3570	11162	3572
VV1_RS00995	34710	8862	34674	8845
VV1_RS01005	2403	4876	2400	4849
VV1_RS01020	19228	6325	19257	6324
VV1_RS01080	2619	5913	2485	5554
VV1_RS01085	20632	17648	20640	17646
VV1_RS01110	3945	1172	3667	1058
VV1_RS01115	8109	2845	8367	2683
VV1_RS01155	770	811	734	791
VV1_RS01180	266	302	265	301
VV1_RS01195	4310	3469	4319	3467
VV1_RS01200	2324	2376	2319	2365
VV1_RS01210	302	617	303	616
VV1_RS01235	1179	2451	1174	2437
UBIF	457	314	446	342
VV1_RS01330	2247	2687	2233	2673
VV1_RS01335	2482	1981	2477	1978
VV1_RS01345	2491	3181	2885	3416
VV1_RS01390	291	427	292	427
VV1_RS01395	465	739	465	733
VV1_RS01400	2073	2746	2071	2740
VV1_RS01415	3200	3415	3194	3409
VV1_RS01435	346	1868	344	1850
VV1_RS01440	304	3824	313	3797
VV1_RS01460	550	1235	547	1229
VV1_RS01470	666	363	550	305
VV1_RS01485	1681	1153	1673	1150
VV1_RS01490	3643	5589	3621	5557
VV1_RS01495	12720	25439	12061	25094
VV1_RS01505	20	32	20	32
VV1_RS01510	3248	2768	3238	2767
VV1_RS01520	1646	1965	1638	1954
VV1_RS01525	1879	2040	1874	2036
VV1_RS01530	1762	1686	1672	1566
VV1_RS01540	2177	3009	2171	3007
VV1_RS01550	1520	6570	1521	6537
VV1_RS01555	1236	5775	1224	5707
VV1_RS01565	210	253	208	246
VV1_RS01580	5134	6675	5680	6852
VV1_RS01585	764	804	742	754
VV1_RS01625	577	220	339	79
VV1_RS01630	6166	5362	6164	5359
VV1_RS01640	16641	5729	16631	5712
VV1_RS01655	12253	3727	11961	3653
VV1_RS01660	1033	3262	990	3031
VV1_RS01670	543	442	539	445
VV1_RS01675	1004	2365	865	1927
VV1_RS01685	1076	2213	1094	2221
VV1_RS01715	17437	111994	16930	108871
VV1_RS01730	255	223	254	216
VV1_RS01745	205	246	198	235
VV1_RS01760	5645	8319	3869	5840
VV1_RS01955	5335	2949	5339	2951
VV1_RS01975	79	67	74	65
VV1_RS01985	133	101	134	107
VV1_RS01990	51	86	47	73
VV1_RS01995	1309	559	1299	544
VV1_RS02000	117	226	113	185
VV1_RS02005	500	284	499	283
VV1_RS02010	437	708	437	706
VV1_RS02015	2023	1523	2012	1494
VV1_RS02020	6502	297	6466	292
VV1_RS02025	672	617	672	615
VV1_RS02035	719	355	719	355
VV1_RS02045	1614	2775	1605	2755
VV1_RS02060	1047	3723	1038	3689
VV1_RS02065	414	338	403	328
VV1_RS02075	4836	2997	4770	2886
VV1_RS02080	1462	1723	1472	1723
VV1_RS02095	11642	10534	11631	10521
VV1_RS02100	214	323	206	320
VV1_RS02110	6314	3316	6312	3308
VV1_RS02145	1953	926	1755	890
VV1_RS02155	840	1213	691	994
VV1_RS02160	158	428	166	472
VV1_RS02190	371	653	370	646
VV1_RS02200	4968	4468	6670	4672
VV1_RS02205	15374	4552	16041	4700
VV1_RS02210	2050	2117	1830	1832
VV1_RS02215	16500	19707	16498	19699
VV1_RS02225	2333	3451	2243	3259
VV1_RS02240	104	152	104	152
VV1_RS02250	2701	1728	2682	1713
VV1_RS02255	1837	2898	1836	2893
VV1_RS02265	3035	6218	2986	6092
VV1_RS02270	1378	4811	1344	4572
VV1_RS02275	1465	4552	1462	4549
VV1_RS02280	208	688	208	684
VV1_RS02290	2881	2928	2877	2926
VV1_RS02300	534	690	521	682
VV1_RS02345	31773	447021	30671	430806
VV1_RS02360	6757	7931	6756	7886
PHEA	2882	1409	2866	1386
VV1_RS02385	8965	8034	8925	8005
VV1_RS02390	9601	6579	9558	6546
VV1_RS02400	270	1239	268	1237
VV1_RS02410	18801	3311	18822	3310
VV1_RS02415	6457	1260	6436	1252
VV1_RS02425	2737	2989	2552	2689
VV1_RS02440	1566	59987	1546	57434
VV1_RS02445	464	1608	463	1601
VV1_RS02450	172	388	167	384
VV1_RS02480	1648	922	1608	895
VV1_RS02500	57	73	81	77
VV1_RS02505	992	1053	991	1051
VV1_RS02515	296	1083	296	1082
VV1_RS02520	380	1402	380	1402
VV1_RS02525	7244	8491	7240	8487
VV1_RS02535	1079	410	1050	399
VV1_RS02545	7714	2044	7716	2042
VV1_RS02555	22845	10192	22848	10192
VV1_RS02565	6874	1660	6866	1652
VV1_RS02570	1090	861	1085	849
VV1_RS02575	2347	1149	2304	1111
VV1_RS02590	81	145	77	133
VV1_RS02595	466	307	449	251
VV1_RS02600	1011	813	922	761
VV1_RS02605	9010	3593	9001	3585
VV1_RS02610	388	408	395	452
VV1_RS02625	45759	835	45531	837
VV1_RS02630	7565	626	7546	629
VV1_RS02640	22685	4088	22444	4007
VV1_RS02645	20332	4262	20328	4258
VV1_RS02670	15973	11411	15916	11396
VV1_RS02680	12380	23257	12355	23183
VV1_RS02685	1940	1328	1940	1324
VV1_RS02690	2526	1950	2441	1929
VV1_RS02720	678	1949	675	1899
VV1_RS02730	188	533	180	525
VV1_RS02735	31	186	28	137
VV1_RS02740	144	590	133	548
VV1_RS02745	110	308	99	254
VV1_RS02760	336	517	336	521
VV1_RS02765	3810	1531	3793	1527
VV1_RS02790	47277	26049	47245	26029
VV1_RS02800	4905	6286	4906	6286
VV1_RS02815	704	1437	667	1289
MURF	490	617	489	611
VV1_RS02840	121	347	119	339
VV1_RS02855	5202	4243	5094	4190
VV1_RS02860	9815	3617	9792	3610
VV1_RS02890	9538	7914	9524	7900
VV1_RS02895	6708	9326	6520	8973
VV1_RS02915	1915	1934	1915	1939
VV1_RS02925	5312	90230	5168	87407
VV1_RS02930	1334	914	1319	894
VV1_RS02935	2228	1326	2212	1301
VV1_RS02940	1323	1106	1301	1083
VV1_RS02950	2817	1748	2815	1747
NUDF	2404	2158	2433	2173
VV1_RS02970	7542	5584	7480	5604
VV1_RS02975	6966	5987	6782	5833
VV1_RS02980	11574	25377	11229	23685
VV1_RS02985	1567	6708	1004	1045
VV1_RS02990	12360	5836	12329	5801
VV1_RS02995	1549	5890	1495	5840
VV1_RS03000	333	1202	333	1202
VV1_RS03005	754	1033	749	1026
VV1_RS03035	3206	2827	3094	2711
VV1_RS03045	465	1066	453	1025
VV1_RS03065	17144	42373	17228	43258
VV1_RS03075	2922	4659	2932	4668
VV1_RS03080	227	329	223	320
VV1_RS03085	1732	3161	1714	3129
VV1_RS03090	562	8075	570	8083
VV1_RS03095	722	5442	709	5270
VV1_RS03105	64934	1445	64645	1437
VV1_RS03110	16175	470	16149	469
VV1_RS03115	22077	14064	22997	16688
VV1_RS03120	592	947	588	942
VV1_RS03130	3006	4535	2992	4516
VV1_RS03140	34735	14323	34551	14213
VV1_RS03145	4142	3219	4105	3167
VV1_RS03155	56	92	56	92
VV1_RS03165	600	196	637	218
VV1_RS03170	10588	10975	10559	10947
VV1_RS03175	6726	9471	6718	9450
VV1_RS03180	3386	4904	3361	4817
VV1_RS03190	334	271	313	241
VV1_RS03200	4920	5014	4850	4872
VV1_RS03205	1180	1293	1178	1271
VV1_RS03260	5641	1967	5627	1961
VV1_RS03265	3222	10056	3209	9941
VV1_RS03275	8121	3904	7587	3686
VV1_RS03280	3345	1817	3373	1821
VV1_RS03290	171	192	167	189
VV1_RS03295	2265	2299	2264	2293
VV1_RS03310	2481	1920	2479	1901
VV1_RS03320	617	1214	614	1211
VV1_RS03325	1107	2644	1105	2630
VV1_RS03330	267	538	290	548
VV1_RS03335	2862	2799	2848	2789
VV1_RS03355	1187	3171	1180	3112
VV1_RS03360	13113	17184	13080	17158
VV1_RS03375	361	632	338	568
VV1_RS03385	2237	1052	2222	1045
VV1_RS03400	172	52	172	52
VV1_RS03415	1626	1541	1510	1432
VV1_RS03420	7543	4696	8172	5036
VV1_RS03425	1160	2144	1152	2144
VV1_RS03450	1342	1952	1340	1952
VV1_RS03455	1589	715	1574	709
VV1_RS03475	281	254	155	108
VV1_RS03480	91	86	91	86
VV1_RS03485	381	174	366	172
VV1_RS03495	16012	11229	15826	10947
VV1_RS03500	1199	266	1197	266
VV1_RS03505	594	598	594	600
VV1_RS03515	1073	358	1062	358
VV1_RS03520	145	141	141	131
VV1_RS03540	367	227	328	161
VV1_RS03565	13245	5991	13235	5993
VV1_RS03775	3524	2392	1243	1005
VV1_RS03850	401	390	405	380
VV1_RS03915	12303	13473	12033	13079
VV1_RS03930	813	427	799	405
VV1_RS03945	2264	1657	2248	1644
VV1_RS03950	3789	2283	2965	1807
VV1_RS03965	2930	1013	2887	947
VV1_RS03990	3696	38557	3690	38421
VV1_RS03995	2926	1060	2936	1058
VV1_RS04020	2031	566	2000	556
VV1_RS04025	29	40	30	40
VV1_RS04045	4041	798	2868	591
VV1_RS04050	6235	1982	4397	1301
VV1_RS04055	2697	688	2487	611
VV1_RS04060	851	286	848	284
VV1_RS04070	94	38	97	39
VV1_RS04075	235	60	234	60
VV1_RS04090	219	98	219	98
VV1_RS04095	701	393	691	393
VV1_RS04110	2346	1984	2254	1882
VV1_RS04115	18	25	18	23
VV1_RS04120	3258	2897	3210	2828
VV1_RS04125	87	296	87	296
VV1_RS04155	624	393	465	269
VV1_RS04175	3302	1746	3103	1590
VV1_RS04180	721	551	716	539
VV1_RS04190	623	448	616	433
VV1_RS04195	629	1122	620	1110
VV1_RS04200	468	656	466	650
VV1_RS04210	586	1237	575	1038
VV1_RS04220	860	742	830	679
VV1_RS04225	1553	1470	1544	1452
VV1_RS04235	2952	2265	2818	2024
VV1_RS04250	7726	290278	7718	288240
VV1_RS04260	1844	1600	1838	1592
VV1_RS04275	6528	2583	6522	2570
VV1_RS04285	1923	487	1920	486
GLNG	24263	564	23892	508
VV1_RS04310	3959	651	3727	599
VV1_RS04315	595	1804	593	1795
VV1_RS04330	735	1483	733	1480
VV1_RS04335	2449	5901	2449	5899
VV1_RS04345	6647	2712	6680	2740
VV1_RS04350	4457	3965	4458	3956
VV1_RS04355	451	448	429	430
VV1_RS04360	929	1501	927	1494
VV1_RS04380	4220	1803	4211	1790
VV1_RS04395	1353	492	1349	470
VV1_RS04400	2005	1430	2001	1426
VV1_RS04495	1531	514	1527	515
VV1_RS04510	5505	7154	5448	7112
VV1_RS04515	4898	3497	4892	3485
VV1_RS04520	118	201	118	201
VV1_RS04530	187	282	180	282
VV1_RS04535	154	341	144	318
VV1_RS04540	579	341	579	341
VV1_RS04545	50	132	35	121
VV1_RS04560	58	71	47	54
VV1_RS04565	17	20	17	20
VV1_RS04580	40	83	53	83
VV1_RS04585	307	96	286	91
VV1_RS04590	5011	1614	5002	1611
VV1_RS04610	22	104	22	104
VV1_RS04620	1241	1756	1232	1753
VV1_RS04680	468	586	391	467
VV1_RS04685	308	372	291	365
VV1_RS04700	10370	1319	10355	1317
VV1_RS04705	3569	2171	3548	2151
VV1_RS04770	3144	1649	3092	1624
VV1_RS04780	182	365	142	328
VV1_RS04785	237	190	214	183
VV1_RS04790	95	236	90	234
VV1_RS04805	2209	1870	2160	1839
VV1_RS04830	4840	11927	4838	11924
VV1_RS04835	8788	10346	8780	10326
VV1_RS04845	6874	13881	6873	13876
VV1_RS04865	38050	24115	38198	24636
VV1_RS04870	5334	7585	5320	7531
VV1_RS04875	13068	22472	13068	22475
VV1_RS04890	200	334	167	297
VV1_RS04895	1550	2557	1543	2549
VV1_RS04900	482	446	479	445
VV1_RS04905	263	221	263	222
VV1_RS04910	947	1941	922	1893
VV1_RS04915	8601	10194	8524	10090
VV1_RS04920	4016	6317	3979	6176
VV1_RS04930	3599	5382	3551	5263
VV1_RS04945	1478	488	1466	470
VV1_RS04950	807	939	782	886
VV1_RS04955	829	812	824	810
VV1_RS04960	667	4494	673	4500
VV1_RS04970	6532	28656	6504	28459
VV1_RS04975	2846	3643	2429	3313
VV1_RS04980	427	476	415	488
VV1_RS04990	970	1144	957	1131
VV1_RS05005	430	388	428	388
VV1_RS05010	748	1405	741	1388
VV1_RS05025	6112	2035	5798	1892
VV1_RS05040	3424	2197	3408	2159
VV1_RS05105	523	502	509	499
VV1_RS05110	75180	8021	75063	7995
VV1_RS05120	7557	8691	7535	8619
VV1_RS05125	5983	5045	5759	4844
VV1_RS05135	1583	979	1479	903
VV1_RS05170	34856	2989	33086	2827
VV1_RS05175	30284	2321	30243	2318
VV1_RS05180	2846	497	2845	497
VV1_RS05185	3831	824	3721	812
VV1_RS05200	51	124	51	124
VV1_RS05220	280	498	280	498
VV1_RS05225	170	245	169	231
VV1_RS05230	497	510	492	502
VV1_RS05235	417	566	378	503
VV1_RS05240	120	882	114	853
VV1_RS05250	325	1448	327	1446
VV1_RS05255	233	430	245	508
VV1_RS05275	4052	18958	4033	18805
VV1_RS05280	1767	1412	1564	1262
VV1_RS05285	6275	4294	6194	4246
VV1_RS05295	1261	1818	1250	1802
VV1_RS05300	127	280	123	275
VV1_RS05310	563	10618	566	10433
VV1_RS05330	96	144	95	148
VV1_RS05335	1160	2725	1157	2685
VV1_RS05340	1501	2371	1156	2095
VV1_RS05370	15908	7462	15919	7459
VV1_RS05380	679	670	571	600
VV1_RS05390	114	189	94	160
VV1_RS05400	250	1021	249	1020
VV1_RS05415	5733	11142	5732	11136
VV1_RS05420	906	1508	906	1507
VV1_RS05430	328	669	328	668
VV1_RS05440	2791	2023	2787	2010
VV1_RS05450	337	945	334	937
VV1_RS05470	127	607	124	607
VV1_RS05495	2362	2484	2419	2584
VV1_RS05500	325	282	326	282
VV1_RS05505	2246	1673	2228	1659
VV1_RS05510	9931	8600	9825	8542
VV1_RS05520	739	716	738	712
VV1_RS05540	2288	956	2253	937
VV1_RS05545	6875	3422	6873	3419
VV1_RS05550	11956	5604	11799	5586
VV1_RS05555	1792	1821	1743	1731
VV1_RS05560	1504	2208	1502	2207
VV1_RS05570	1323	1129	1292	1090
VV1_RS05580	51	75	43	71
VV1_RS05585	240	798	240	798
VV1_RS05655	1235	2235	1234	2232
VV1_RS05660	1191	1217	1189	1214
VV1_RS05725	25810	9056	25483	8856
VV1_RS05745	318	228	318	227
VV1_RS05760	730	679	722	653
VV1_RS05770	995	17280	993	17265
VV1_RS05780	1293	4613	1293	4620
VV1_RS05785	2052	536	2040	533
VV1_RS05800	309	271	300	263
VV1_RS05810	1113	1257	1113	1257
VV1_RS05820	599	404	601	403
VV1_RS05835	480	546	473	540
VV1_RS05840	69	67	69	67
VV1_RS05845	101	128	99	123
VV1_RS05850	91	852	91	849
VV1_RS05855	1584	2563	1582	2553
VV1_RS05875	246	261	244	261
VV1_RS05885	35	74	34	74
VV1_RS05890	646	2453	634	2394
VV1_RS05900	184	15155	175	13823
VV1_RS05930	2788	9159	2780	9158
VV1_RS05950	67	142	64	133
VV1_RS05975	608	244	605	244
VV1_RS05985	2601	934	2199	755
VV1_RS06000	1999	15849	2122	15860
VV1_RS06005	33062	106812	30205	101684
VV1_RS06010	308	384	276	368
VV1_RS06020	1406	2937	1400	2924
VV1_RS06025	5620	2027	5341	1884
VV1_RS06030	1705	4382	1733	4278
VV1_RS06035	878	1461	672	1216
VV1_RS06060	68197	14215	67192	13663
VV1_RS06065	250	898	245	870
VV1_RS06070	650	6140	647	6079
VV1_RS06080	3108	3597	3101	3594
VV1_RS06135	247	485	235	469
VV1_RS06145	2202	3051	2196	3049
VV1_RS06165	5864	7524	5835	7469
VV1_RS06170	6855	9049	6829	9012
VV1_RS06175	8122	7101	8113	7086
VV1_RS06185	8618	4435	8609	4428
VV1_RS06190	4893	5620	4894	5637
VV1_RS06195	734	447	730	439
VV1_RS06205	236	1009	233	991
VV1_RS06210	12983	13064	12889	12964
VV1_RS06215	1093	1448	1082	1439
VV1_RS06220	176	287	168	283
VV1_RS06225	8565	1790	8555	1789
VV1_RS06230	384	806	403	913
VV1_RS06250	5489	709	5515	707
VV1_RS06260	3625	758	3712	775
VV1_RS06265	38225	10855	38207	10842
VV1_RS06270	1125	1092	1080	1051
VV1_RS06280	242	805	237	786
VV1_RS06290	948	2152	947	2152
VV1_RS06300	1447	1760	1420	1674
VV1_RS06315	2525	1437	2520	1413
VV1_RS06325	519	1453	518	1436
VV1_RS06330	5082	5314	5079	5313
VV1_RS06335	8917	2714	8881	2702
VV1_RS06385	4799	995	4704	971
VV1_RS06410	575	899	562	892
VV1_RS06430	646	516	607	477
VV1_RS06450	2793	12135	2784	12082
VV1_RS06465	2341	2088	2327	2074
VV1_RS06475	3308	1298	2814	1042
VV1_RS06490	346	2286	346	2281
VV1_RS06495	57569	2577	57445	2567
VV1_RS06500	9048	1748	9000	1740
VV1_RS06510	8584	408	8053	365
VV1_RS06515	18401	912	18427	925
VV1_RS06520	21463	1317	21265	1294
VV1_RS06530	2606	2627	2670	2744
VV1_RS06535	7332	5369	7309	5336
VV1_RS06540	283	411	279	408
VV1_RS06560	719	967	691	953
VV1_RS06575	10121	4983	10118	4978
VV1_RS06580	276	820	274	816
VV1_RS06585	138	725	131	708
VV1_RS06610	336	468	319	447
VV1_RS06615	5732	7841	5743	7844
VV1_RS06625	614	1161	614	1161
VV1_RS06650	436	333	435	331
VV1_RS06660	795	1362	795	1354
CYSJ	577	469	579	473
VV1_RS06675	1656	1198	1480	1083
VV1_RS06680	4460	2434	5105	2652
VV1_RS06715	3728	6890	3716	6810
VV1_RS06720	910	1190	899	1137
VV1_RS06725	1591	1778	1673	1809
VV1_RS06735	1637	1453	1632	1449
VV1_RS06740	5965	4908	5962	4897
VV1_RS06745	1018	869	1014	860
VV1_RS06755	7178	4398	7171	4391
VV1_RS06760	704	670	704	670
VV1_RS06770	2039	7770	1811	6417
VV1_RS06780	280	1661	280	1655
VV1_RS06790	1391	5449	1351	5258
VV1_RS06795	761	2597	740	2540
VV1_RS06800	840	2066	838	2049
VV1_RS06805	1722	2879	1709	2832
VV1_RS06810	487	1898	479	1873
VV1_RS06855	4761	3871	4748	3859
VV1_RS06860	179	217	178	217
VV1_RS06875	935	2478	938	2522
VV1_RS06880	1628	2075	1588	2054
VV1_RS06885	1239	1921	1250	1924
TLDD	4984	3599	4943	3499
VV1_RS06895	20228	17955	20177	17864
VV1_RS06905	560	337	559	335
VV1_RS06930	2913	125	2884	123
VV1_RS06935	255	801	255	795
VV1_RS06945	241	393	241	393
VV1_RS06960	838	5000	814	4992
VV1_RS06965	1035	3824	1032	3788
VV1_RS06980	3577	2753	3560	2738
VV1_RS06985	4703	2371	4665	2342
VV1_RS06990	1773	918	1760	904
VV1_RS07005	848	2969	862	2983
VV1_RS07015	515	3564	509	3379
VV1_RS07025	3548	9396	3542	9325
VV1_RS07030	1430	3299	1437	3334
VV1_RS07035	2407	6170	2156	5917
VV1_RS07045	445	859	445	859
VV1_RS07090	221	489	219	487
VV1_RS07095	277	796	273	794
VV1_RS07150	1041	970	1021	944
VV1_RS07160	1574	1246	1508	1064
VV1_RS07170	232	1043	228	1042
VV1_RS07175	418	603	418	604
VV1_RS07180	670	866	660	860
VV1_RS07185	347	811	346	805
VV1_RS07205	1540	5275	1477	5195
VV1_RS07210	1451	5739	1208	5551
VV1_RS07215	8605	4582	8466	4465
VV1_RS07220	3225	2339	3221	2336
VV1_RS07235	2510	7721	2507	7738
VV1_RS07240	969	5795	966	5775
VV1_RS07250	1896	904	1944	914
VV1_RS07260	582	461	581	459
VV1_RS07265	2853	1218	2848	1216
GAPA	3570	2308	3191	2069
VV1_RS07290	43669	11494	43680	11488
VV1_RS07295	7008	7913	7028	7948
VV1_RS07300	756	228	747	223
VV1_RS07305	152	178	152	179
VV1_RS07310	6229	1374	6205	1359
VV1_RS07320	851	1203	840	1160
VV1_RS07340	765	1898	765	1894
VV1_RS07345	965	1672	964	1660
VV1_RS07375	15230	4832	18437	5714
VV1_RS07385	2580	5462	2576	5448
VV1_RS07400	1168	2142	1166	2135
VV1_RS07405	373	418	308	301
VV1_RS07425	4288	2217	4270	2198
VV1_RS07435	2358	5651	2335	5596
VV1_RS07445	1062	4768	1060	4760
RELA	16152	7561	16009	7418
VV1_RS07510	7242	10527	6264	8874
VV1_RS07515	25420	8864	20705	8058
VV1_RS07520	2384	1674	2356	1630
VV1_RS07600	24537	30674	24109	30084
VV1_RS07605	11079	14695	11075	14689
VV1_RS07610	4730	3433	4686	3377
VV1_RS07620	15691	7886	15692	7886
VV1_RS07630	1447	4706	1440	4673
VV1_RS07640	607	735	595	722
VV1_RS07645	1819	3200	1858	3275
VV1_RS07650	1735	8470	1697	8354
VV1_RS07680	5637	7396	5598	7357
VV1_RS07690	638	474	681	515
VV1_RS07695	89	174	89	156
VV1_RS07735	7337	16133	7307	16041
VV1_RS07740	16590	5264	17291	5795
VV1_RS07750	3842	2328	2188	1254
VV1_RS07755	593	400	529	388
VV1_RS07760	422	22805	414	22368
VV1_RS07765	231	6514	228	6454
VV1_RS07785	3619	2658	3588	2669
VV1_RS07790	120	253	105	237
VV1_RS07800	343	4329	345	4328
VV1_RS07810	805	613	790	610
VV1_RS07820	11452	10908	10955	10167
VV1_RS07830	62	103	62	103
VV1_RS07835	779	1083	772	1076
VV1_RS07850	200165	3522	87341	3038
VV1_RS07855	92420	55555	88873	50857
VV1_RS07860	1962	3308	1960	3298
VV1_RS07865	869	765	868	763
VV1_RS07870	390	348	403	361
VV1_RS07875	823	505	803	476
VV1_RS07880	288	261	286	257
VV1_RS07885	50	62	49	62
VV1_RS07895	498	243	498	239
VV1_RS07900	260	128	260	128
VV1_RS07905	66	62	66	62
VV1_RS07910	112	118	112	118
VV1_RS07915	1165	1708	1163	1707
VV1_RS07920	1900	5536	1882	5364
VV1_RS07930	2058	2124	2024	2087
VV1_RS07935	1014	1237	780	1035
VV1_RS07945	1168	3264	1156	3219
VV1_RS07950	2089	7198	2049	7072
VV1_RS07955	752	3139	738	3054
VV1_RS07960	4113	3208	4109	3200
VV1_RS07970	3674	2967	3643	2939
HFLB	29756	35712	29750	35655
FOLP	233	1021	230	1011
VV1_RS08070	293	248	291	208
VV1_RS08090	25022	24894	24952	24818
VV1_RS08095	9115	1591	8866	1540
VV1_RS08110	460	132	474	134
VV1_RS08115	659	102	618	96
VV1_RS08120	2339	1677	2333	1676
VV1_RS08145	1030	2164	1030	2146
VV1_RS08150	886	4247	882	4239
VV1_RS08160	1431	5513	1075	3563
VV1_RS08165	4933	28184	4051	24259
VV1_RS08170	2559	13207	2555	13205
VV1_RS08180	1769	4542	1749	4492
VV1_RS08190	1464	1642	1459	1623
VV1_RS08200	3402	9025	3323	8913
VV1_RS08205	2885	1124	2863	1090
VV1_RS08210	1020	6769	1007	6601
VV1_RS08215	376	2997	375	2993
VV1_RS08220	345	1160	343	1159
VV1_RS08240	1018	727	1004	730
VV1_RS08245	564	366	555	356
VV1_RS08270	29	38	26	37
VV1_RS08275	223	150	223	150
VV1_RS08285	58	174	42	154
VV1_RS08300	423	490	419	489
VV1_RS08305	191	219	189	211
VV1_RS08310	226	221	223	219
VV1_RS08315	76	301	73	295
VV1_RS08320	1004	669	744	504
VV1_RS08325	212	897	204	885
VV1_RS08330	563	954	562	953
VV1_RS08335	164	317	164	315
VV1_RS08345	32	293	32	291
VV1_RS08350	78	1860	78	2011
VV1_RS08375	106	1987	93	1825
VV1_RS08380	510	3678	423	3241
VV1_RS08385	162	789	147	714
VV1_RS08395	1342	2064	1329	2036
VV1_RS08400	970	2201	960	2079
VV1_RS08425	5988	2028	5969	2023
VV1_RS08430	31679	12340	31631	12317
VV1_RS08435	1972	1188	1962	1154
VV1_RS08445	4431	6017	4383	5955
VV1_RS08455	1309	40382	1289	39723
VV1_RS08460	10926	6539	10319	6096
VV1_RS08470	153	141	153	140
VV1_RS08475	617	1800	612	1780
VV1_RS08480	1410	810	1411	814
VV1_RS08505	5976	569	5943	552
VV1_RS08520	562	197	558	189
VV1_RS08575	4853	9768	4565	9117
VV1_RS08580	314	552	260	414
VV1_RS08595	1424	1901	1342	1795
VV1_RS08605	8184	22558	8279	22897
VV1_RS08610	2770	9114	2725	8924
VV1_RS08615	1081	3302	1088	3313
VV1_RS08620	3277	5216	3277	5219
VV1_RS08630	4963	11492	4967	11481
VV1_RS08635	849	361	848	356
VV1_RS08645	1530	1233	1522	1221
VV1_RS08650	1146	848	1139	840
VV1_RS08655	5134	2199	5206	2304
VV1_RS08660	1984	906	1934	848
VV1_RS08665	154	223	154	222
VV1_RS08670	370	735	363	724
VV1_RS08685	40858	28187	40280	27469
VV1_RS08690	4408	2291	4335	2271
VV1_RS08695	956	246	944	241
VV1_RS08705	39	131	24	96
VV1_RS08760	361	10651	460	11724
VV1_RS08770	169	428	164	418
VV1_RS08780	13505	4814	13464	4780
VV1_RS08785	1834	2112	1832	2108
VV1_RS08810	1436	3218	1397	3179
VV1_RS08815	121	453	120	447
VV1_RS08820	498	282	497	279
VV1_RS08825	16501	10079	16469	10025
VV1_RS08830	7590	8450	6844	7892
VV1_RS08850	1459	1547	1461	1547
VV1_RS08870	3585	6365	3574	6352
VV1_RS08875	4998	1885	4607	1541
VV1_RS08890	473	536	471	536
VV1_RS08895	1298	1017	1285	1012
VV1_RS08900	271	373	264	363
VV1_RS08905	3402	1029	3397	1019
VV1_RS08910	2166	3149	2134	3066
VV1_RS08920	1871	1412	1865	1405
VV1_RS08925	2822	2206	2835	2206
VV1_RS08930	1104	897	1103	896
VV1_RS08935	1586	2056	1570	2048
VV1_RS08940	108	231	105	239
VV1_RS08970	3273	3468	3320	3566
VV1_RS08980	6502	2571	6490	2563
VV1_RS08990	549	629	550	623
VV1_RS08995	6162	2254	6144	2233
VV1_RS09015	6136	6388	5750	5763
VV1_RS09025	1772	1273	1861	1417
VV1_RS09045	9887	13544	9821	13485
VV1_RS09055	836	475	818	459
VV1_RS09060	10014	2115	9999	2113
VV1_RS09095	6399	2150	6372	2144
VV1_RS09100	4688	4014	4654	3981
VV1_RS09105	88004	61144	88268	61017
VV1_RS09110	31717	61925	31683	61850
VV1_RS09135	3905	9998	3868	9875
VV1_RS09140	2222	1760	2215	1752
VV1_RS09145	1102	783	1092	754
VV1_RS09235	7102	7782	7206	7786
VV1_RS09250	10599	14687	12469	18203
VV1_RS09255	27341	37358	27120	36552
VV1_RS09260	2293	5276	2214	5050
VV1_RS09265	2454	5032	2452	5021
VV1_RS09270	4992	11963	4983	11944
VV1_RS09285	1151	2967	1149	2957
VV1_RS09290	648	1106	644	1103
VV1_RS09295	292	596	292	596
VV1_RS09310	874	1078	868	1067
VV1_RS09325	425	606	417	596
VV1_RS09330	2796	1558	2710	1507
VV1_RS09335	304	444	275	394
VV1_RS09340	478	1705	475	1682
VV1_RS09345	1958	3253	1956	3242
VV1_RS09365	12219	13838	12012	13579
VV1_RS09380	4242	1841	4242	1832
VV1_RS09385	7138	2567	7136	2568
VV1_RS09390	63	229	63	229
VV1_RS09410	3651	2010	3646	1992
VV1_RS09420	1575	1728	1565	1715
VV1_RS09435	1567	8483	1396	6759
VV1_RS09440	2307	1192	2306	1191
VV1_RS09455	2758	1350	2752	1326
VV1_RS09460	61845	9855	61726	9913
VV1_RS09465	7157	4350	7096	4315
VV1_RS09500	292	142	308	154
VV1_RS09505	1182	1146	1181	1142
VV1_RS09510	339	772	338	750
VV1_RS09515	226	202	220	202
VV1_RS09545	131	139	125	125
VV1_RS09565	707	356	700	355
VV1_RS09695	1888	1673	1882	1672
VV1_RS09705	8916	2061	8843	2016
VV1_RS09720	176	242	176	229
VV1_RS09725	188	574	184	565
VV1_RS09740	27009	19194	26189	18230
VV1_RS09745	8195	43294	8186	43184
VV1_RS09750	3972	13927	3902	13678
VV1_RS09760	4327	1555	4145	1428
VV1_RS09775	4517	2194	4501	2158
VV1_RS09785	5694	743	5121	708
VV1_RS09795	4992	1937	4823	1914
VV1_RS09800	3760	1717	3738	1686
VV1_RS09810	1287	963	1070	790
VV1_RS09815	499	568	511	573
VV1_RS09820	1094	1374	1042	1360
VV1_RS09830	5148	3470	5118	3378
VV1_RS09835	2511	1829	2508	1815
VV1_RS09850	650	658	650	658
VV1_RS09855	76	280	74	273
VV1_RS09860	1771	3886	1737	3710
VV1_RS09865	3514	7542	3502	7517
VV1_RS09870	16245	14745	16244	14737
VV1_RS09880	117	443	117	446
VV1_RS09890	624	246	619	245
VV1_RS09895	251	524	249	510
VV1_RS09900	369727	25453	369246	25425
VV1_RS09905	56613	7603	56082	7499
VV1_RS09915	4556	375	4257	374
VV1_RS09920	10943	657	11300	740
VV1_RS09925	864	94	861	92
VV1_RS09930	503	96	504	96
VV1_RS09940	4351	3447	4369	3470
VV1_RS09945	7733	2403	7709	2399
VV1_RS09960	88	317	88	317
VV1_RS09975	1376	2365	1374	2354
VV1_RS09980	1180	1565	1179	1563
VV1_RS09985	29566	10711	29519	10689
VV1_RS10010	1064	516	1442	794
VV1_RS10025	6600	4414	6452	4321
VV1_RS10050	569	834	531	745
VV1_RS10060	102	116	94	100
VV1_RS10070	1780	1359	1779	1359
VV1_RS10080	993	932	992	930
VV1_RS10085	1290	5465	1271	5413
VV1_RS10090	1967	1120	1980	1125
VV1_RS10095	2466	1281	2453	1273
VV1_RS10100	738	1098	736	1094
VV1_RS10110	895	271	899	274
VV1_RS10125	547	2409	518	2187
VV1_RS10130	959	2537	953	2506
VV1_RS10135	923	1684	923	1671
VV1_RS10140	498	355	492	313
VV1_RS10145	546	494	405	342
VV1_RS10150	898	728	871	716
VV1_RS10165	451	729	450	726
VV1_RS10180	11543	12198	11270	12041
VV1_RS10185	2440	3777	2423	3766
VV1_RS10205	3756	3327	3740	3308
VV1_RS10215	1424	1553	1423	1554
VV1_RS10230	4225	3566	4271	3582
VV1_RS10235	12949	4468	12917	4458
VV1_RS10240	267	400	252	381
VV1_RS10255	130	225	155	239
VV1_RS10265	9469	7919	9314	7844
VV1_RS10360	1407	530	1641	564
VV1_RS10365	207	317	227	325
VV1_RS10370	9204	1913	10257	2335
VV1_RS10375	213	273	176	165
VV1_RS10380	959	2976	931	2947
VV1_RS10390	1990	638	2003	647
VV1_RS10395	2070	1702	1962	1657
VV1_RS10400	274	489	214	429
VV1_RS10405	746	2123	741	2150
VV1_RS10410	693	967	644	871
VV1_RS10415	5715	42164	5619	41635
VV1_RS10420	432	3386	393	2829
VV1_RS10425	31	62	14	53
VV1_RS10435	401	460	374	433
VV1_RS10445	15614	2249	15344	2216
VV1_RS10450	46507	8286	46499	8282
VV1_RS10460	8499	880	8301	842
VV1_RS10465	1439	468	1409	397
VV1_RS10470	375	179	373	171
VV1_RS10480	328	951	328	947
VV1_RS10485	113	245	113	243
VV1_RS10490	639	344	625	339
VV1_RS10505	3110	3336	3113	3342
VV1_RS10520	221	283	217	282
VV1_RS10530	109	102	107	103
VV1_RS10535	1313	1756	1307	1752
VV1_RS10540	402	759	402	759
VV1_RS10550	202	453	194	451
VV1_RS10555	1301	1414	1285	1373
VV1_RS10560	75	152	69	130
VV1_RS10570	1241	15792	1006	12151
VV1_RS10575	43410	3079	43184	3050
VV1_RS10580	184	256	184	258
VV1_RS10610	322	7021	320	6977
VV1_RS10625	1120	3243	1120	3223
VV1_RS10630	229	2495	229	2490
VV1_RS10635	519	9274	513	9153
VV1_RS10640	605	783	605	779
VV1_RS10650	897	1262	896	1291
VV1_RS10665	5930	26615	5865	26448
VV1_RS10680	9693	2621	9693	2620
VV1_RS10685	4054	2852	4052	2847
VV1_RS10705	1918	5600	1885	5518
VV1_RS10710	1662	6340	1496	5087
VV1_RS10720	193	534	192	536
VV1_RS10725	9677	12752	9468	12416
VV1_RS10730	1254	1674	1244	1666
VV1_RS10735	2486	4518	2409	4239
VV1_RS10745	4029	2623	4010	2604
VV1_RS10750	1660	2051	1659	2046
VV1_RS10755	649	765	648	765
VV1_RS10760	407	289	405	288
VV1_RS10765	180	109	180	109
VV1_RS10770	1179	6392	1157	5894
VV1_RS10775	154	190	115	156
VV1_RS10780	511	228	513	233
VV1_RS10785	105	309	105	307
VV1_RS10790	1360	3472	1351	3424
VV1_RS10800	1030	1507	1081	1543
VV1_RS10825	13105	1514	13100	1515
VV1_RS10830	68	95	68	94
VV1_RS10835	217	1139	218	1139
VV1_RS10850	828	776	827	776
VV1_RS10870	89	196	89	195
VV1_RS10875	43	94	43	97
VV1_RS10885	846	582	844	581
VV1_RS10895	1046	2325	1042	2250
VV1_RS10900	3339	7100	3317	7019
VV1_RS10910	3035	2942	3018	2922
VV1_RS10920	194	2418	174	2282
VV1_RS10925	1354	12847	1332	12627
VV1_RS10930	908	12584	908	12588
VV1_RS10935	291	1080	281	923
VV1_RS10955	1724	1776	1343	1293
VV1_RS10980	462	224	460	223
VV1_RS10985	743	199	717	192
VV1_RS10995	261	140	261	141
VV1_RS11000	200	115	200	115
VV1_RS11005	107	32	106	32
VV1_RS11010	68	51	62	45
VV1_RS11015	72	11	72	11
VV1_RS11030	60	123	62	121
VV1_RS11040	89	167	89	161
VV1_RS11045	2339	4371	2319	4337
VV1_RS11070	76	147	76	147
VV1_RS11100	1144	1364	1116	1337
VV1_RS11105	4374	4123	4374	4083
VV1_RS11115	163	197	152	185
VV1_RS11130	1509	1593	1481	1570
VV1_RS11140	64	45	59	43
VV1_RS11145	3276	2685	3209	2466
VV1_RS11155	84	19	77	19
VV1_RS11160	126	202	126	196
VV1_RS11165	1602	7508	1599	7478
VV1_RS11180	4956	1593	4942	1591
VV1_RS11185	1931	1772	1918	1778
VV1_RS11190	2764	1841	2764	1841
VV1_RS11200	5990	41981	5978	41949
VV1_RS11205	1325	817	1325	817
VV1_RS11215	752	2848	719	2423
VV1_RS11225	1451	1377	1451	1377
VV1_RS11230	738	443	738	440
VV1_RS11235	210	264	210	264
VV1_RS11240	1570	3698	1574	3699
VV1_RS11245	25355	6071	25204	6021
VV1_RS11255	6321	19979	6293	19909
VV1_RS11260	171	245	171	240
VV1_RS11270	126	1686	102	1579
VV1_RS11275	110	882	110	862
VV1_RS11285	154	688	152	683
VV1_RS11290	730	791	730	791
VV1_RS11295	1041	1248	1040	1239
THRS	28215	11298	28137	11291
VV1_RS11320	408	702	409	702
VV1_RS11675	1057	2505	977	2183
VV1_RS11900	1583	2097	1822	2445
VV1_RS12160	2216	2377	2275	2985
VV1_RS12210	1887	634	1824	574
VV1_RS12215	2526	2452	2529	2446
VV1_RS12225	1048	14556	1048	14530
VV1_RS12230	298	2731	267	2535
VV1_RS12235	248	2031	248	2021
VV1_RS12255	390	303	388	297
VV1_RS12265	1932	26599	1878	25746
VV1_RS12275	519	7338	507	7310
VV1_RS12285	1184	7675	1104	6969
VV1_RS12290	942	2622	789	2055
VV1_RS12295	4443	3625	4444	3621
VV1_RS12300	4888	5665	4777	5231
VV1_RS12305	1319	4700	1288	4507
VV1_RS12310	151	371	148	363
VV1_RS12320	212	540	212	520
VV1_RS12330	3768	1522	3710	1499
VV1_RS12345	2626	3301	2344	2950
VV1_RS12350	611	926	610	912
VV1_RS12360	1434	1965	1419	1933
VV1_RS12365	152	156	151	156
VV1_RS12370	283	622	282	610
VV1_RS12395	3748	594	3652	589
VV1_RS12400	3984	2736	3934	2676
POTD	2322	1760	1249	1094
VV1_RS12430	331	696	331	697
VV1_RS12435	696	1157	693	1155
VV1_RS12440	236	550	234	548
VV1_RS12445	247	517	247	499
VV1_RS12450	15812	18627	14060	16989
VV1_RS12455	15333	22657	15326	22637
VV1_RS12460	229	460	227	458
VV1_RS12480	2271	4205	2268	4196
VV1_RS12490	7551	8178	7555	8173
VV1_RS12495	5218	7353	5213	7359
VV1_RS12505	2072	3440	2061	3423
VV1_RS12510	835	3460	835	3450
VV1_RS12515	1224	2942	1224	2931
VV1_RS12535	518	1366	518	1362
VV1_RS12555	1883	5998	1889	6024
VV1_RS12575	1142	2065	1129	2031
VV1_RS12590	940	326	851	280
VV1_RS12595	7893	6048	7500	5726
VV1_RS12600	3516	4779	3601	4839
VV1_RS12610	1789	3519	1781	3501
VV1_RS12615	545	1014	541	993
VV1_RS12620	1008	3075	1000	3047
VV1_RS12630	1677	3327	1643	3231
VV1_RS12635	1197	1348	1183	1344
VV1_RS12645	1058	710	1030	697
VV1_RS12660	263	548	264	545
VV1_RS12670	89	29	92	30
VV1_RS12675	213	133	208	128
VV1_RS12680	40	26	40	26
VV1_RS12685	975	253	974	253
VV1_RS12690	358	794	356	787
VV1_RS12695	1791	3608	1789	3595
VV1_RS12710	171	174	170	163
VV1_RS12720	87	96	86	94
VV1_RS12725	60	10	61	10
VV1_RS12730	743	850	737	826
VV1_RS12735	87	135	61	104
VV1_RS12750	275	93	275	93
VV1_RS12780	1756	4981	1263	4058
VV1_RS12785	825	1491	833	1491
VV1_RS12790	1665	2940	1543	2813
VV1_RS12795	655	711	655	703
VV1_RS12800	328	911	328	910
VV1_RS12815	638	1125	601	1038
VV1_RS12820	119	445	114	438
VV1_RS12825	142	447	137	436
VV1_RS12830	1453	2497	1443	2480
VV1_RS12835	21237	12533	17891	9447
VV1_RS12845	1042	363	1039	362
VV1_RS12855	1886	1316	1886	1315
VV1_RS12865	148	606	141	589
VV1_RS12880	1276	732	1265	692
VV1_RS12885	28411	14865	32680	16661
VV1_RS12890	1160	1025	1044	949
VV1_RS12895	1211	1475	1220	1476
VV1_RS12900	4901	4845	4888	4822
VV1_RS12925	15632	13468	15560	13242
VV1_RS12945	20526	11559	19775	11013
VV1_RS12950	40751	12013	40492	11940
VV1_RS12960	187	1245	187	1243
VV1_RS12965	173	138	169	138
VV1_RS12970	664	314	662	311
VV1_RS12975	1133	693	1123	687
VV1_RS12980	294	1069	287	1042
VV1_RS12985	422	848	422	839
VV1_RS12990	176	171	175	170
VV1_RS13025	362	1154	358	1138
VV1_RS13035	649	885	641	885
VV1_RS13045	105	32	101	32
VV1_RS13055	464	188	453	186
VV1_RS13070	56	40	56	41
VV1_RS13080	1222	3868	1221	3861
VV1_RS13095	8648	1546	8616	1529
VV1_RS13100	1250	3389	1240	3366
VV1_RS13105	22	35	22	35
VV1_RS13110	29	55	29	55
VV1_RS13115	131	134	111	118
VV1_RS13125	49	53	49	53
VV1_RS13130	1548	7520	1544	7490
VV1_RS13150	377	526	376	531
VV1_RS13165	1271	1260	1263	1258
VV1_RS13170	2050	2517	2043	2511
VV1_RS13180	250	208	245	210
VV1_RS13190	213	901	213	908
VV1_RS13195	464	4033	432	3545
VV1_RS13200	180	3124	175	3120
VV1_RS13205	558	160	557	155
VV1_RS13215	691	200	663	173
VV1_RS13220	81	342	50	270
VV1_RS13245	757	11364	751	11260
VV1_RS13250	954	1196	942	1182
VV1_RS13265	107	86	91	83
VV1_RS13270	380	479	371	457
VV1_RS13275	1741	7899	1624	7297
VV1_RS13280	15037	7844	14926	7794
VV1_RS13285	4490	3818	4490	3818
VV1_RS13305	328	2926	321	2826
VV1_RS13320	169	69	169	69
VV1_RS13340	1971	715	1969	713
VV1_RS13350	2787	3314	2771	3293
VV1_RS13355	663	846	658	841
VV1_RS13360	121	393	24	221
VV1_RS13365	1574	2282	1574	2273
VV1_RS13370	388	585	388	586
VV1_RS13380	125	219	126	219
VV1_RS13385	14068	5092	13964	5038
VV1_RS13390	177	483	176	477
VV1_RS13395	190	313	189	314
VV1_RS13400	23099	2016	22655	1938
VV1_RS13405	10920	4323	10819	4309
VV1_RS13430	2228	3199	2230	3193
VV1_RS13435	1290	927	1287	924
VV1_RS13445	705	1790	712	1869
VV1_RS13450	12152	24099	12159	24092
VV1_RS13455	4542	23087	4543	23079
VV1_RS13465	357	914	355	912
VV1_RS13470	7232	1605	7233	1603
VV1_RS13475	2980	26589	2803	24891
VV1_RS13480	261	3180	261	3162
VV1_RS13490	157	354	157	354
VV1_RS13495	583	706	583	705
VV1_RS13500	61	307	61	305
VV1_RS13505	1906	2368	1881	2300
VV1_RS13510	195	307	192	288
VV1_RS13515	153	74	158	82
VV1_RS13520	773	424	675	365
VV1_RS13525	158	435	156	435
VV1_RS13530	243	300	203	277
VV1_RS13540	5518	4429	4817	3523
VV1_RS13545	1271	1977	1306	2005
VV1_RS13555	125	151	125	150
VV1_RS13560	231	274	230	274
VV1_RS13565	1339	1308	1336	1285
VV1_RS13585	2551	2283	2123	2019
VV1_RS13590	143	280	152	270
VV1_RS13595	281	211	137	169
VV1_RS13600	46	199	53	204
VV1_RS13605	1026	369	1023	368
VV1_RS13610	150	237	139	223
VV1_RS13615	131	222	131	222
VV1_RS13620	57	60	49	53
VV1_RS13625	115	279	116	277
VV1_RS13630	1586	1772	1574	1767
VV1_RS13635	27090	2739	26945	2739
VV1_RS13645	4044	1608	4069	1629
VV1_RS13655	2875	3559	2867	3540
VV1_RS13665	7692	2970	7626	2888
VV1_RS13680	15094	12799	15088	12788
VV1_RS13685	5522	2124	5414	2084
VV1_RS13690	2165	6345	2175	6408
VV1_RS13695	195	1021	195	1009
VV1_RS13700	207	550	157	300
VV1_RS13705	228	620	216	568
VV1_RS13710	71	323	71	335
VV1_RS13725	1678	1032	1638	1004
VV1_RS13745	294	425	291	419
VV1_RS13755	4463	5868	4449	5856
VV1_RS13760	1728	3437	1865	3620
VV1_RS13770	589	2393	521	2350
VV1_RS13775	207	244	204	241
VV1_RS13780	1814	523	1789	525
VV1_RS13795	524	4188	484	3518
VV1_RS13825	230	410	230	407
VV1_RS13830	506	2190	506	2182
VV1_RS13840	426	341	379	308
VV1_RS13845	983	558	882	441
VV1_RS13850	3899	1679	3878	1675
VV1_RS13860	3459	1944	3447	1931
VV1_RS13865	5651	2911	5609	2829
VV1_RS13880	377	1500	328	1270
VV1_RS13890	2172	2582	2118	2541
VV1_RS13905	4082	4705	4117	4749
VV1_RS13910	3409	1370	3403	1367
VV1_RS13930	1230	3152	1201	3072
VV1_RS13935	481	1375	476	1368
VV1_RS13955	1284	27232	1290	27073
VV1_RS13965	4055	1297	4036	1294
VV1_RS13975	330	421	326	418
VV1_RS13985	50884	11788	50708	11751
VV1_RS13990	458	430	454	424
VV1_RS14010	10143	15462	10139	15448
VV1_RS14025	5715	7717	5467	6919
VV1_RS14030	584	594	591	562
VV1_RS14045	397	850	380	804
VV1_RS14050	332	694	326	682
VV1_RS14060	775	1592	663	1439
VV1_RS14065	358	240	351	239
VV1_RS14070	2220	971	2220	973
VV1_RS14075	332	598	316	546
VV1_RS14085	937	1328	1017	1550
VV1_RS14110	6778	3142	6630	2989
VV1_RS14115	1697	1929	1401	1727
VV1_RS14120	873	740	881	741
VV1_RS14125	199	1154	198	1133
VV1_RS14130	9662	11745	9642	11677
VV1_RS14155	1406	3202	1400	3185
VV1_RS14160	402	775	402	771
VV1_RS14165	679	473	649	444
VV1_RS14170	445	687	444	674
VV1_RS14180	6241	12060	6220	12018
VV1_RS14185	3565	16262	3584	16312
VV1_RS14190	4413	20045	4401	20029
VV1_RS14195	2223	8477	2103	8192
VV1_RS14205	12137	1700	12115	1698
VV1_RS14215	45059	47114	45032	47001
VV1_RS14220	341	339	341	339
VV1_RS14235	1632	1214	1637	1212
VV1_RS14240	1871	738	1779	706
VV1_RS14245	462	1034	462	1032
VV1_RS14260	494	580	494	579
VV1_RS14265	288	554	288	547
VV1_RS14270	350	572	350	572
VV1_RS14290	473	968	450	934
VV1_RS14295	5484	10813	5460	10713
VV1_RS14300	441	412	438	412
VV1_RS14310	1160	631	1159	630
VV1_RS14320	1887	3259	1887	3256
VV1_RS14325	3911	1747	3871	1715
VV1_RS14335	909017	5382	908711	5381
VV1_RS14355	230	3395	228	3387
VV1_RS14360	383	7643	385	7604
VV1_RS14365	267	3002	346	3731
VV1_RS14385	160	753	155	748
VV1_RS14390	3817	4979	3789	4931
VV1_RS14400	267	847	275	863
VV1_RS14405	893	517	897	520
VV1_RS14420	3260	4760	3244	4728
VV1_RS14425	8881	2400	8885	2396
VV1_RS14435	301	698	239	446
VV1_RS14440	1354	1241	1355	1241
VV1_RS14445	2413	2200	2745	2344
VV1_RS14495	356	955	353	952
VV1_RS14510	2313	4045	2304	3997
VV1_RS14515	2851	511	2845	508
VV1_RS14520	1625	1373	1604	1351
VV1_RS14525	1191	1481	1178	1447
VV1_RS14535	10615	3247	10618	3238
VV1_RS14555	4092	3702	4021	3628
VV1_RS14565	9214	1504	9199	1500
VV1_RS14595	2485	2330	2265	2219
VV1_RS14600	313	456	311	453
VV1_RS14610	574	1346	573	1346
VV1_RS14620	11562	8836	11663	9323
VV1_RS14650	1877	3457	1757	3106
VV1_RS14660	22975	33044	22636	31852
VV1_RS14665	9590	4257	9647	4473
VV1_RS14700	445	462	442	455
VV1_RS14705	539	455	539	460
VV1_RS14710	483	583	477	576
VV1_RS14725	5939	2024	5663	1854
VV1_RS14730	161	166	160	165
VV1_RS14735	234	180	234	180
VV1_RS14740	1573	763	1565	760
VV1_RS14760	243	6588	261	6605
VV1_RS14765	495064	63070	494850	63033
VV1_RS14770	233	673	232	677
VV1_RS14775	544	290	543	290
VV1_RS14785	17826	3576	17726	3545
VV1_RS14790	127	451	127	448
VV1_RS14795	495	1891	498	1880
VV1_RS14800	1861	8340	1856	8278
VV1_RS14805	2881	2013	2824	1966
VV1_RS14815	1391	2238	1328	2126
VV1_RS14825	138	543	139	535
VV1_RS14845	1329	1874	1326	1864
VV1_RS14850	3094	7601	3086	7583
VV1_RS14855	69	100	65	99
FADH	1352	6493	1313	5866
VV1_RS14875	6405	2549	6394	2527
VV1_RS14890	1795	3144	1794	3142
VV1_RS14900	52903	23895	52620	23825
VV1_RS14905	9695	950	9868	971
VV1_RS14910	831	809	830	806
VV1_RS14925	4207	10791	4204	10780
VV1_RS14935	4043	24112	3866	22819
VV1_RS14950	3894	844	3886	843
VV1_RS14965	3054	2995	3008	2787
VV1_RS14980	756	707	745	702
VV1_RS14985	1340	563	1337	558
VV1_RS15005	6539	4514	6482	4455
VV1_RS15015	687	1289	686	1285
VV1_RS15020	37	261	36	260
VV1_RS15035	2360	1413	2372	1413
VV1_RS15040	5573	1996	5224	1861
VV1_RS15055	676	1912	675	1909
VV1_RS15060	2589	452	2568	451
