	K12_batch1	K12_batch2	K12_chemostat1	K12_chemostat2
thrA	25950	39824	19203	11206
thrB	7781	12128	6026	3377
thrC	13577	20772	9930	5701
yaaA	619	904	593	357
yaaJ	74	122	116	67
talB	7324	8561	7185	4166
htpY	29	48	43	21
dnaK	27578	45536	30091	19089
dnaJ	3830	6044	4609	2820
nhaA	531	738	838	438
nhaR	300	374	343	205
ribF	2406	3446	2654	1478
ileS	8183	13273	9661	5544
ispH	1291	1935	1456	850
rihC	79	82	311	147
dapB	5836	8153	2292	1178
carA	6490	9733	5545	2739
carB	15231	24948	12812	6571
caiD	12	16	14	10
caiB	77	95	61	34
caiA	126	192	175	99
caiT	6	12	17	11
fixA	12	20	15	11
fixB	13	30	18	13
fixC	34	42	61	29
yaaU	11	28	40	21
kefC	231	387	384	191
apaH	290	497	475	257
ksgA	1092	1595	1310	708
surA	4183	6376	5295	2968
imp	6577	8590	8035	4679
djlA	623	891	669	302
rluA	217	285	214	141
hepA	1015	1318	976	622
polB	151	261	303	146
araD	6	11	26	11
araA	36	46	114	68
araC	362	530	1453	622
yabI	200	341	521	231
thiQ	237	350	222	126
tbpA	542	784	497	311
setA	376	528	487	270
leuD	4013	5416	5847	3469
leuC	5860	8271	8864	5137
leuB	4498	6431	6644	4128
leuA	6919	9120	10466	6214
leuO	68	117	127	79
ilvI	5505	8023	4993	2857
fruR	1318	1944	2730	1365
mraW	1538	2350	1753	934
ftsI	1499	2070	1720	930
murE	1677	2747	1855	1032
murF	1504	2176	1498	788
mraY	893	1317	895	483
murD	1555	2427	1820	971
ftsW	1385	2004	1527	805
murG	1141	1610	1333	687
murC	1692	2468	1865	946
ddlB	1666	2380	2058	1084
ftsQ	1752	2438	2203	1144
ftsA	4768	6535	5713	2915
ftsZ	10342	15339	13743	7141
lpxC	11045	16883	15302	8233
secA	6836	9599	6711	3733
yacF	561	798	476	324
coaE	490	629	474	269
guaC	1748	2307	1298	924
hofC	67	101	106	58
hofB	89	81	98	59
nadC	357	426	316	236
ampE	334	544	470	270
aroP	6091	8732	6551	3777
pdhR	640	970	712	390
aceE	26955	40157	30260	15805
aceF	13847	22670	16526	8721
lpd	24384	34750	41154	22474
acnB	12501	17826	32808	18695
speD	3438	4389	2432	1549
speE	3764	4937	3044	1801
cueO	568	899	553	319
gcd	982	1327	710	551
can	7860	10483	6403	3882
yadG	854	1201	1102	623
yadH	483	761	652	375
yadD	396	529	690	348
panC	2649	4100	2904	1665
yadL	19	40	49	30
ecpD	9	9	9	6
pcnB	1859	2560	1829	1148
yadB	236	323	436	277
sfsA	1660	2021	3096	1506
mrcB	1539	2297	1926	972
fhuA	5491	8279	5884	2938
fhuC	420	725	417	231
fhuD	282	507	283	148
hemL	2194	3327	2374	1479
clcA	821	1082	954	494
yadS	183	282	262	119
btuF	213	322	239	138
pfs	1858	2568	1807	1049
dgt	899	1253	1050	631
degP	3942	6474	5758	3284
cdaR	156	232	877	379
dapD	13366	19986	8433	4652
glnD	922	1215	942	570
map	4040	5359	2989	1936
rpsB	35188	51824	36719	19323
tsf	22872	35019	21794	11724
pyrH	4249	6133	3921	2072
dxr	736	981	776	391
ispU	3156	4146	4412	2201
cdsA	1343	1995	1712	992
yaeL	5186	6847	6949	3504
yaeT	14267	19987	18922	9932
lpxD	7145	10452	7188	4251
lpxA	2998	4840	3355	1931
lpxB	1385	2085	1747	946
dnaE	3167	4313	3223	1855
accA	3240	4865	3406	1851
ldcC	399	587	637	423
nlpE	391	515	592	275
proS	6693	10197	6045	3606
yaeB	107	141	98	72
metQ	9594	13983	12369	6376
metI	2289	3293	2535	1342
metN	2318	3706	2377	1359
dkgB	418	554	586	304
yafC	340	498	433	264
yafD	799	1166	1154	599
mltD	11825	16086	17179	9601
gloB	638	798	1052	490
yafS	380	508	493	269
dnaQ	1056	1407	1085	608
yafT	11	16	7	6
yafV	227	291	341	211
fadE	341	498	2657	1154
yafJ	639	891	730	405
yafK	1468	2013	1714	954
dinB	138	224	187	116
pepD	5011	6867	5823	3386
frsA	425	608	489	295
phoE	49	40	32	26
proB	1535	2451	1983	1133
proA	2284	3574	2781	1704
yagR	22	38	55	29
yagS	3	8	12	11
yagT	7	8	11	10
yagU	633	938	456	257
yagV	47	44	47	20
yagW	79	112	115	87
yagX	74	101	92	48
yagY	14	16	17	13
insF	1303	1798	2236	1502
ykgC	93	150	244	127
ykgD	64	88	116	54
ykgE	62	59	331	131
ykgF	125	202	624	197
ykgG	115	169	326	153
betA	327	509	321	177
betT	430	668	540	298
yahB	168	221	247	106
yahD	71	83	103	53
yahG	31	38	35	19
yahI	12	27	26	20
yahJ	194	306	269	181
yahK	677	939	1664	799
yahN	10	15	46	31
prpR	39	38	358	156
prpB	2	2	415	45
prpC	8	14	289	52
prpD	15	14	350	58
prpE	32	38	528	89
codB	3317	5340	3069	1856
codA	5522	8641	5053	2710
cynT	15	33	37	17
cynX	21	26	25	21
lacY	32	49	62	29
lacI	299	412	894	324
mhpR	274	347	2401	695
mhpB	9	26	30	17
mhpC	34	50	55	41
mhpD	29	51	47	42
mhpF	49	53	69	35
mhpE	41	62	101	46
mhpT	48	91	101	54
frmA	548	831	867	559
yaiO	28	31	44	24
yaiP	34	33	45	24
tauA	25	45	71	35
tauB	20	37	50	25
tauD	37	48	53	31
hemB	1667	2225	1393	881
yaiV	12	22	33	15
ampH	347	465	583	312
sbmA	340	434	435	265
yaiW	453	647	611	331
ddlA	1017	1537	1366	754
phoA	279	335	496	267
yaiC	35	43	35	22
proC	258	322	428	204
aroM	219	340	419	208
rdgC	1598	1972	1278	726
mak	351	519	723	362
araJ	114	187	158	88
sbcD	211	329	291	163
phoB	194	254	250	196
phoR	177	215	198	129
brnQ	479	788	364	211
proY	402	570	368	222
malZ	394	561	497	289
queA	445	599	344	221
tgt	4179	5237	6108	2824
secD	7401	10960	9276	4972
secF	3362	5028	4193	2338
tsx	3753	5406	5219	2515
ribD	785	1175	965	594
thiL	430	629	516	291
yajO	782	1100	1877	885
dxs	1757	2499	2718	1379
ispA	789	1030	1205	600
thiI	1128	1691	802	513
panE	549	828	474	274
yajR	330	492	382	219
cyoE	6888	10920	7546	3825
cyoC	5256	7663	5686	2861
cyoB	24764	36234	24833	12601
cyoA	16037	24158	16821	9026
ampG	436	533	389	232
tig	28748	44907	29156	15467
clpP	3436	4697	3201	1839
clpX	6742	10769	7784	4553
lon	9078	14444	8660	5513
ppiD	7020	9927	9069	4773
queC	1058	1534	1167	624
ybaE	94	142	355	148
cof	180	248	174	117
mdlA	268	347	297	162
mdlB	179	256	246	157
amtB	282	422	213	104
tesB	269	493	412	184
ylaB	268	325	361	186
acrB	7739	11652	8682	4971
acrA	5865	7728	5706	3290
acrR	578	706	679	414
kefA	1775	2629	1799	980
dnaX	1618	2125	1801	903
recR	1179	1771	1192	691
htpG	6943	11246	7078	4813
adk	7421	9786	6181	3307
hemH	249	358	303	160
aes	55	84	198	59
gsk	1048	1342	752	482
ybaL	877	1311	1319	752
fsr	176	228	308	189
ushA	1642	2344	2317	1209
ybaP	217	302	196	106
copA	778	1136	1015	539
ybaS	73	97	75	45
ybaT	55	99	58	64
ybbK	354	540	547	326
ybbL	374	490	369	208
ybbM	272	373	272	169
ybbN	1815	2776	1825	1090
ybbO	298	394	288	174
tesA	324	397	486	259
ybbA	129	227	220	114
ybbP	289	484	432	254
ybbB	169	254	213	98
ybbS	12	18	8	5
allR	1371	2024	1602	912
gcl	52	66	81	41
hyi	10	27	24	10
glxR	20	29	25	20
ybbW	4	8	13	13
allB	51	65	166	92
ybbY	27	28	33	21
glxK	63	96	100	44
ylbA	289	377	367	231
allC	124	177	202	117
allD	14	16	24	17
ylbE	21	33	34	17
ylbF	13	22	14	13
ybcF	49	75	46	31
purK	2096	3142	1725	927
lpxH	718	1101	592	379
cysS	2250	3237	1750	1086
folD	844	1037	752	518
sfmC	5	10	14	0
sfmH	8	10	11	9
fimZ	8	13	11	16
envY	38	64	35	41
ybcH	44	69	60	39
nfrB	135	131	165	79
cusR	107	184	151	70
cusC	1334	1128	915	460
cusB	18	37	34	16
cusA	53	95	91	56
pheP	392	720	410	236
ybdG	692	1035	573	372
nfnB	1125	1555	930	533
ybdK	57	74	167	117
fepA	2018	2915	1848	791
fepC	205	252	184	106
fepG	96	149	120	47
fepD	60	91	81	48
ybdA	242	395	245	106
fepB	242	319	258	134
entC	621	906	542	255
entE	782	1270	725	330
entB	676	1051	697	284
entA	443	633	439	180
cstA	1814	2653	32937	12211
ybdH	631	956	1888	834
ybdL	427	641	583	340
ibrB	70	89	93	51
ibrA	35	32	38	17
ybdO	20	32	32	16
dsbG	308	347	350	185
ahpF	3667	5373	3766	2094
ybdR	105	155	287	119
rna	484	585	424	262
citT	35	50	35	27
citG	15	16	19	13
citF	5	6	8	4
citE	9	12	16	12
citC	27	31	20	12
citA	211	312	327	186
citB	109	165	128	81
dcuC	45	60	62	31
lipA	1572	2400	2849	1558
ybeF	96	105	126	76
lipB	685	743	436	258
dacA	2046	2855	1671	1127
rlpA	1707	2318	1946	1054
mrdB	890	1142	969	485
mrdA	1360	1717	1120	656
phpB	64	120	102	53
nadD	227	292	251	170
holA	827	989	880	533
leuS	9928	14017	9905	5540
ybeQ	102	151	201	137
ybeU	18	15	18	8
hscC	77	113	156	67
rihA	541	654	2407	1034
gltL	577	832	1136	533
gltK	313	431	621	316
gltJ	251	418	622	277
gltI	3044	4216	7493	3923
ybeX	2843	3910	3644	2062
ybeZ	2700	3928	3195	1880
miaB	1941	2938	1692	979
asnB	3214	4530	2706	1544
nagD	781	1019	897	512
nagC	850	1055	1029	570
nagA	794	1142	1182	625
nagB	451	594	740	418
nagE	1190	1765	3857	1835
glnS	4965	7319	4741	2884
ybfM	25	36	140	53
ybfF	234	337	302	184
pgm	4722	6912	5697	3065
potE	104	125	160	80
kdpE	51	80	85	42
kdpD	273	406	461	225
kdpB	46	84	116	54
ybgH	405	567	254	97
ybgI	2212	3079	2476	1331
ybgJ	1102	1558	1298	662
ybgK	1209	1674	1345	718
nei	241	361	188	101
abrB	67	100	45	34
gltA	10494	13211	21985	13146
sdhA	6657	9406	18132	8745
sdhB	3629	4830	9537	4529
sucA	12401	18181	24432	13095
sucB	7042	11045	13412	7584
sucC	10310	15054	25587	14242
sucD	8095	12225	19705	12029
mngR	305	393	362	207
mngA	16	21	19	17
cydA	3558	6420	5126	2736
cydB	2452	3882	3531	1777
tolQ	1447	2111	1242	669
tolA	2473	3469	2391	1163
tolB	9312	13620	9230	5221
ybgF	5962	8379	5304	3035
nadA	3538	4871	4009	2125
pnuC	1392	2080	1618	877
zitB	338	509	442	224
aroG	10537	13290	4413	3194
gpmA	15188	22630	15851	8205
galM	1971	3051	2712	1516
galK	1411	1996	2942	1494
galT	363	468	741	356
galE	571	750	864	504
modF	1660	2219	1704	963
modE	468	579	462	267
modA	1200	1577	2801	1532
modB	504	710	1234	635
modC	834	1182	1900	1068
ybhA	511	675	525	273
pgl	741	1052	1052	606
ybhD	32	51	61	30
ybhH	3	6	9	5
ybhI	999	1006	815	419
ybhJ	101	119	122	67
ybhC	2811	4127	2364	1369
bioB	1683	2312	2040	1178
bioC	390	608	434	242
bioD	457	679	497	324
uvrB	1044	1609	1519	886
ybhK	491	726	837	428
moaA	1405	1933	1588	948
ybhL	627	838	939	626
ybhN	36	56	73	54
ybhO	90	117	181	137
ybhP	95	145	213	124
ybhR	63	68	146	77
ybhS	73	93	107	56
ybhF	264	358	372	191
ybhG	252	326	392	235
ybiH	109	146	128	101
rhlE	262	376	94	49
dinG	235	362	351	181
ybiB	716	906	809	454
ybiC	5256	7057	4740	2795
ybiX	113	154	154	91
fiu	931	1118	552	283
ybiN	328	473	281	173
ybiO	83	156	196	117
glnQ	1059	1808	3067	1560
glnP	960	1467	2779	1419
glnH	3935	4937	12063	6068
rhtA	78	104	101	47
ybiR	340	455	423	245
ybiS	2072	2669	1622	1144
ybiT	2545	3528	2708	1543
ybiU	289	427	162	107
ybiV	674	774	378	280
ybiW	82	102	147	67
ybiY	20	25	30	10
fsaA	106	143	110	73
moeB	412	585	440	244
moeA	590	929	729	389
iaaA	2493	3671	4159	1754
yliA	2086	2977	2802	1277
yliB	1645	2399	2372	1283
yliC	496	732	704	354
yliD	403	534	448	245
yliE	936	1286	295	198
yliF	365	480	133	70
yliG	729	964	513	362
yliI	85	122	185	110
yliJ	1756	2456	2227	1348
dacC	1664	2521	2931	1516
deoR	575	788	620	344
cmr	266	340	224	145
ybjI	481	670	456	264
ybjJ	191	283	172	117
ybjL	568	840	532	345
nfsA	758	1041	703	413
rimK	466	735	478	256
potF	1400	2120	2267	1224
potG	520	811	677	424
potH	238	384	311	165
potI	146	289	243	131
rumB	324	438	275	136
artJ	5870	7446	4520	2128
artM	665	1006	840	422
artQ	471	758	720	380
artI	1426	2203	2431	1210
artP	920	1154	1116	623
ybjR	326	547	544	316
ybjS	257	329	351	176
ybjT	521	750	721	409
ltaE	821	1259	1179	655
poxB	637	835	1288	839
hcr	19	29	31	17
hcp	28	46	27	15
ybjE	83	94	64	54
aqpZ	66	86	126	73
ybjD	787	1130	989	573
ybjX	2801	3614	2703	1847
macA	488	674	729	352
macB	419	685	739	396
clpA	14584	21891	21009	11675
aat	127	143	131	97
cydC	766	1131	800	526
cydD	928	1244	884	504
trxB	5607	8278	4538	2601
lolA	1260	1590	1242	718
ycaJ	511	675	539	316
serS	3187	4917	3290	2023
dmsA	135	252	128	86
dmsB	33	64	40	32
dmsC	60	103	107	57
ycaC	216	254	654	394
ycaD	343	488	212	128
ycaM	38	45	112	71
ycaN	91	148	95	80
pflA	429	547	418	283
pflB	22310	33451	33768	18345
focA	1642	2326	2323	1250
ycaO	1635	2061	1027	625
ycaP	206	225	367	183
serC	15605	22902	8434	5561
aroA	9402	12319	4675	3050
ycaL	79	103	70	42
cmk	7922	9224	6808	3907
rpsA	93139	132026	90301	49871
msbA	2258	3114	2421	1504
lpxK	324	526	383	205
kdsB	1508	2305	1208	721
ycbJ	175	252	347	152
smtA	1001	1344	1419	641
mukF	1507	2123	1948	1043
mukE	1027	1255	1228	703
mukB	5609	8273	7031	3760
ycbB	791	1209	1014	565
ycbL	1920	2862	3089	1542
aspC	6162	8045	7070	4479
ompF	241435	312515	605735	266540
asnS	7553	11296	7270	4297
pncB	2300	3230	2315	1591
pepN	3094	4004	5590	2962
ssuC	14	19	21	8
ssuA	12	23	30	21
ycbR	17	17	21	7
ycbT	74	114	126	53
ycbF	73	107	100	59
pyrD	957	1291	532	371
ycbX	619	808	829	497
ycbY	1448	2158	1634	862
uup	2378	3333	2638	1419
pqiA	437	658	463	262
pqiB	944	1308	964	464
ycbZ	1591	2208	1998	1119
yccR	300	337	456	252
yccS	701	979	656	399
helD	1459	2155	1745	1001
yccT	25	24	50	25
yccW	884	1216	841	529
yccA	4108	5564	4964	3346
hyaA	15	17	20	12
hyaB	22	31	26	18
hyaC	15	30	20	7
hyaF	28	28	28	12
appC	82	131	121	69
appB	53	73	63	40
appA	77	114	128	72
yccC	326	495	417	222
yccZ	77	115	81	42
ymcA	69	100	91	45
ymcB	12	15	14	4
ymcC	17	29	25	14
yccM	33	62	47	21
torR	155	243	250	106
torC	28	39	52	25
torA	80	120	151	88
cbpA	649	994	647	412
agp	509	780	5974	2414
rutG	67	107	118	54
rutD	8	11	7	1
rutB	4	7	7	5
rutA	6	12	12	4
rutR	231	367	294	176
putP	1346	2074	4979	1729
efeO	1308	1919	1044	492
efeB	652	1002	615	283
phoH	1257	1597	2008	1017
ycdW	1375	2071	1691	932
ycdX	1562	2041	1613	803
csgG	242	363	159	122
csgD	402	546	260	147
ymdC	396	554	605	369
mdoC	201	258	257	134
mdoG	3011	3822	3496	2045
mdoH	2299	3343	2592	1539
mdtG	40	64	61	43
lpxL	152	194	175	133
yceA	2811	3579	1979	1141
solA	1128	1459	1027	632
pyrC	1297	1596	1226	678
grxB	586	728	838	450
mdtH	18	32	29	22
yceH	785	1113	939	530
mviM	588	973	798	432
mviN	334	426	402	212
flgA	4095	5330	6326	3474
flgD	8892	11956	15489	8531
flgF	5532	7855	9522	5293
flgG	6519	8987	10614	5603
flgH	2265	3066	4009	2191
flgI	2478	3432	4120	2283
flgJ	1914	2519	2834	1579
flgK	13374	17317	29946	15519
flgL	13802	18309	27821	14532
rluC	2057	2850	1524	822
plsX	3753	5408	4133	2202
fabH	5493	7779	5366	2836
fabD	7955	11224	7908	4227
fabG	13468	18270	15880	8337
fabF	8084	13271	7768	4357
pabC	385	538	479	271
yceG	332	423	424	223
tmk	257	384	325	169
holB	308	452	332	184
ycfH	525	672	706	386
ptsG	18444	27338	40464	19861
fhuE	323	495	463	224
ycfM	854	1256	1032	586
ycfN	531	772	625	290
nagZ	1513	2002	1629	895
ndh	1816	2707	882	549
ycfQ	423	563	1002	556
ycfS	338	411	522	273
mfd	2551	3579	2734	1622
lolC	691	875	717	390
lolD	386	516	389	256
lolE	1077	1478	1589	787
ycfX	731	1044	1169	553
cobB	932	1312	1158	579
potD	5448	7821	7904	3979
potC	1097	1352	1233	658
potB	513	663	404	283
potA	882	1099	697	493
pepT	1275	1923	2025	1193
ycfD	1220	1799	1589	852
phoQ	1389	1803	1839	1022
phoP	1757	2369	2218	1375
purB	1267	1599	935	641
hflD	302	376	350	172
trmU	1180	1555	1370	788
ymfC	151	198	137	98
icd	69772	99814	109539	59606
ycgE	845	1083	1146	582
ycgF	306	295	494	280
ycgG	30	45	46	28
minD	4003	5884	4925	2647
minC	1551	2023	1817	903
ycgM	809	1317	976	560
umuC	104	130	131	71
nhaB	281	385	387	234
fadR	731	980	1020	485
ycgB	404	506	999	625
dadA	380	652	2135	869
dadX	257	405	1220	521
cvrA	928	1192	1111	616
emtA	873	1319	1108	610
ycgR	3366	3842	6182	3563
treA	99	104	430	242
dhaH	1040	1551	865	486
dhaL	591	817	553	294
dhaK	888	1161	1051	523
dhaR	361	526	424	267
ychF	4559	6428	3352	2046
ychM	141	232	261	143
prsA	2953	3700	3540	2183
ispE	972	1331	1287	749
lolB	726	960	819	513
hemA	973	1317	990	590
prfA	999	1271	831	527
prmC	274	343	250	121
ychA	1348	1922	1413	746
kdsA	3567	5170	3650	2092
chaA	1202	1586	987	670
chaC	363	536	501	244
ychP	322	437	299	179
narL	355	533	374	257
narX	353	533	390	272
narK	17	37	43	13
narG	124	187	198	84
narH	63	142	109	60
narJ	20	47	47	20
narI	18	54	49	27
purU	4670	6088	2332	1315
rssA	783	1000	1310	632
rssB	534	688	752	456
galU	3680	5678	2992	1858
tdk	956	1173	733	416
adhE	8731	11950	9227	5943
ychE	138	159	175	92
oppA	42043	58259	90652	47682
oppB	5576	7788	11042	5701
oppC	5705	7731	10238	5214
oppD	5577	8451	10245	5249
oppF	5545	8179	10204	4882
cls	1383	1989	1923	987
kch	362	554	315	194
tonB	1124	1552	1204	610
yciC	626	869	723	427
ompW	443	825	1343	621
trpA	2004	2985	1647	978
trpB	3725	5483	3174	1993
trpD	1909	2682	1524	902
trpE	833	1084	554	342
yciV	842	1046	805	485
yciO	672	868	746	446
rluB	1425	2196	1315	802
yciK	558	724	885	496
sohB	2838	4037	2691	1559
topA	8171	11701	9134	5232
cysB	1449	1925	1396	808
acnA	3051	4144	8151	4597
pgpB	389	544	521	274
yciM	1076	1510	1498	759
pyrF	1558	2431	1146	697
deoT	372	402	581	338
gmr	486	588	768	403
rnb	6609	9053	4588	2642
fabI	9584	14235	8328	4924
sapF	148	182	176	96
sapD	313	389	330	209
sapC	129	173	146	88
sapB	147	208	183	121
sapA	289	412	378	250
puuP	99	142	336	207
puuA	683	924	1934	1138
puuD	477	662	1466	814
puuB	55	99	191	176
puuE	82	106	202	178
pspF	200	261	268	159
pspA	1447	1929	1867	874
ycjM	20	25	66	27
ycjN	10	11	17	11
ycjO	6	7	17	12
ycjP	12	9	16	13
ycjQ	15	35	35	21
ycjR	16	30	44	24
ycjS	49	58	50	26
ycjU	1	9	10	5
ompG	5	6	15	9
ycjW	178	205	181	100
ycjX	462	753	545	325
ycjF	397	574	446	284
tyrR	1341	2122	1817	1004
ycjG	381	471	1055	443
mpaA	195	241	349	221
ycjZ	280	389	261	190
mppA	798	1135	1983	909
ynaI	403	499	482	305
uspE	3015	4183	5054	2629
fnr	3109	4444	3771	2501
abgT	46	65	68	35
abgB	50	59	102	60
abgA	34	57	85	47
abgR	96	153	418	165
ydaM	229	328	505	294
ydaN	487	752	724	405
dbpA	200	287	250	137
ydaO	1397	2058	1208	657
ompN	1567	2481	1771	1006
ldhA	836	1276	971	654
feaR	166	221	2231	786
feaB	206	290	537	252
maoC	20	32	40	15
paaA	12	23	81	25
paaC	15	24	46	18
paaJ	17	36	54	26
paaF	9	33	24	18
paaG	19	20	47	25
paaH	39	56	95	31
paaE	147	185	1261	487
paaK	122	170	1338	525
paaX	398	554	873	384
ydbC	108	173	602	222
azoR	366	514	350	236
hrpA	2234	3219	2071	1177
ydcF	482	579	609	425
aldA	5976	7454	104345	37604
trg	1403	1839	14309	5394
ydcI	893	1038	4475	2033
ydcJ	75	114	507	213
mdoD	1625	2291	2552	1219
ydcK	176	230	277	167
tehA	224	306	352	187
ydcL	1092	1470	2204	1259
ydcO	40	70	113	61
ydcP	1347	2079	1400	801
ydcR	439	623	567	361
ydcS	56	96	1170	341
ydcT	25	24	286	97
ydcU	23	42	127	61
ydcV	66	105	552	238
ydcW	291	477	2121	1069
yncB	351	517	973	493
yncC	111	160	223	122
yncD	519	665	462	266
yncE	6407	8709	6248	3315
ansP	248	340	168	109
yncG	50	76	107	52
nhoA	178	255	248	161
narV	31	37	58	31
narW	31	21	45	32
narY	41	65	127	69
narZ	73	131	184	112
narU	22	21	55	33
yddG	160	266	198	110
fdnG	124	173	223	142
fdnH	31	47	78	45
fdnI	40	63	53	35
adhP	382	560	1327	638
sfcA	3401	4678	4925	2638
ddpD	24	40	98	34
ddpC	25	26	101	38
ddpB	7	15	54	26
ddpA	32	40	223	82
dos	179	217	359	222
yddV	270	346	543	317
yddW	257	348	303	186
gadC	263	399	349	154
gadB	375	618	399	223
ydeM	13	20	73	29
ydeN	78	96	777	418
ydeO	21	27	14	10
ydeP	139	219	199	136
ydeQ	16	28	29	16
lsrK	83	168	404	161
lsrR	229	314	742	293
lsrC	6	28	95	34
lsrD	28	18	100	41
lsrB	57	57	377	147
lsrF	81	125	443	177
tam	136	165	333	166
yneE	139	208	155	108
uxaB	88	104	321	173
yneF	96	116	91	58
yneH	420	602	403	214
yneI	587	774	663	433
ydeA	256	340	126	92
marC	208	266	277	150
eamA	869	1172	1234	670
ydeE	150	194	188	147
ydeH	253	403	441	211
dcp	3664	4978	4252	2282
ydfG	2413	3728	3189	1708
ydfH	568	786	536	374
ydfT	159	193	174	95
ydfU	10	22	16	11
rspB	84	109	172	71
rspA	65	76	241	89
ynfC	445	613	681	393
ynfF	184	267	162	119
ynfG	37	32	25	26
ynfH	196	301	208	121
dmsD	343	470	275	150
clcB	31	67	50	28
ynfK	209	315	358	180
dgsA	828	1116	3096	1449
ynfL	77	107	120	55
ynfM	154	169	189	119
ydgD	315	511	587	351
ydgG	179	273	173	109
pntB	25474	38427	15536	9038
pntA	42379	61030	24866	14452
ydgH	3530	4700	4370	2395
ydgI	100	139	158	82
folM	238	309	305	170
rstA	892	1075	1113	641
rstB	845	1136	1227	655
tus	197	260	437	221
fumC	1974	2515	6701	3115
fumA	2396	3340	14668	6249
manA	1211	1759	1478	878
ydgA	4754	6473	5509	3174
uidC	11	19	62	39
uidB	10	11	88	32
uidA	50	63	409	170
hdhA	1289	1955	1931	1123
malI	80	158	179	91
malX	176	258	367	214
malY	382	505	502	261
add	193	310	425	240
ydgJ	1478	2029	2131	1139
rsxD	230	331	306	172
rsxG	161	252	232	130
rsxE	105	149	120	70
nth	118	140	142	69
ydgR	200	319	284	189
gst	704	908	1056	632
pdxY	669	1075	625	337
tyrS	5469	8055	4906	2694
pdxH	1149	1566	1032	571
anmK	472	704	807	422
ydhJ	73	114	89	47
ydhF	494	714	1000	431
nemA	306	412	314	213
rnt	134	180	179	118
ydhO	297	312	427	224
ydhP	271	370	139	97
purR	2504	3496	2569	1483
ydhB	157	220	216	134
ydhC	101	131	107	62
cfa	1610	2166	2088	1357
ribC	2229	3092	1911	1158
mdtK	404	592	567	354
ydhQ	1548	2222	2017	1253
ydhS	207	288	462	251
ydhT	57	55	74	39
ydhU	58	89	99	45
ydhX	48	70	82	30
ydhV	35	48	101	40
ydhY	7	10	15	5
pykF	8919	12056	5406	3539
ynhG	786	1046	1060	688
sufS	511	630	759	366
sufC	304	423	492	231
sufB	930	1190	1443	688
ydiK	411	596	533	293
ydiM	11	14	22	15
ydiN	9	10	11	3
ydiB	84	110	96	63
aroD	430	641	455	272
ydiF	27	28	38	25
ydiO	27	42	45	23
ydiP	101	126	117	80
ydiQ	17	20	21	22
ydiR	27	38	50	36
ydiS	40	44	46	22
ydiD	78	103	135	83
pps	6263	9489	14977	7554
ydiA	241	276	314	195
aroH	689	899	455	328
ydiV	183	244	133	88
btuD	405	561	569	322
btuC	224	359	336	152
pheT	12702	18312	13102	7257
pheS	5056	6757	4018	2181
thrS	25147	32844	28963	15381
ydiY	330	354	175	96
pfkB	107	112	97	49
yniA	418	640	1418	628
yniC	174	217	171	108
ydjN	8661	13446	4261	2642
katE	561	727	2188	1240
chbF	191	265	287	158
chbR	168	208	212	136
chbC	69	90	188	93
nadE	3006	4255	2712	1537
ydjQ	158	216	301	134
astE	22	33	101	39
astB	22	47	161	57
astA	33	43	230	89
astC	51	82	470	145
xthA	977	1422	1007	518
ydjX	86	112	141	61
ydjZ	54	98	103	55
ynjE	290	446	615	315
ynjF	57	96	110	49
gdhA	23864	36228	17165	10716
topB	1488	2269	1873	921
selD	2405	3602	3343	1639
sppA	1482	2160	1569	931
ansA	425	515	397	258
pncA	433	583	483	318
ydjE	41	43	68	39
ydjF	364	544	733	338
ydjG	85	131	156	107
ydjH	39	85	115	55
ydjI	52	63	149	70
ydjJ	45	49	115	42
ydjK	17	34	91	40
ydjL	48	56	118	58
gapA	72681	99485	43454	29979
yeaD	1135	1379	756	568
yeaE	351	495	521	284
mipA	3217	4223	2537	1727
yeaG	1109	1539	3066	1631
yeaH	251	298	632	347
yeaI	24	25	28	19
yeaJ	233	280	260	156
yeaM	159	190	157	118
yeaN	71	105	88	58
yeaP	1337	1574	1201	665
yeaS	52	72	118	46
yeaT	204	298	781	307
yeaU	97	149	167	79
yeaV	14	24	54	23
yeaW	23	28	53	39
yeaX	65	97	153	56
rnd	473	595	596	340
fadD	486	693	3679	1349
yeaZ	811	1077	722	378
yoaA	503	683	667	358
sdaA	265	373	370	224
adrB	103	151	163	88
yoaE	441	679	703	414
manX	7484	10399	35423	17055
manY	5202	7860	22491	11391
rrmA	456	555	377	205
kdgR	2102	2993	3175	1539
yebQ	28	33	54	36
htpX	3495	5526	5139	3017
prc	6818	10036	7638	4207
yebS	236	295	293	176
yebT	620	906	840	488
yebU	245	332	234	122
pphA	75	118	121	72
yebZ	1208	1558	489	324
yobB	127	197	198	98
exoX	215	312	382	188
ptrB	420	627	600	369
yebE	254	340	547	264
purT	1725	2664	1382	777
eda	1312	2152	1182	665
edd	1358	1685	1075	559
zwf	7329	9929	5514	3029
yebK	635	809	1795	866
pykA	2993	4126	6154	3080
lpxM	733	980	649	393
yebA	4992	6944	4685	2558
znuA	27900	39283	18056	10266
znuC	830	1048	742	489
znuB	621	866	599	334
ruvB	538	842	727	475
ruvA	419	609	697	392
yebB	13	25	34	20
yebC	3772	5296	4041	2194
aspS	4577	6751	5252	2954
yecE	160	225	242	189
yecO	441	590	345	216
yecP	552	784	437	285
torY	44	43	64	29
cutC	404	692	554	320
argS	3319	4773	2788	1581
flhA	1499	2235	2520	1409
flhB	909	1329	1734	905
cheZ	4530	7035	8795	4788
cheB	4259	5290	7627	3938
cheR	2204	3132	4685	2568
tap	10187	14033	25606	12919
tar	16618	22064	40805	20355
cheA	14148	20066	29123	15549
motB	3502	4511	7610	4372
motA	4248	5905	11602	6062
otsA	828	1090	1900	1080
otsB	366	554	1109	604
araH	152	169	336	178
araG	115	194	523	252
araF	84	87	975	409
tyrP	328	459	346	231
yecA	1441	1890	1731	1001
uvrC	1678	2427	1624	935
uvrY	1943	2591	1906	1065
sdiA	346	478	465	242
yecC	577	854	941	504
yecS	381	573	627	343
yedO	1151	1627	1928	1023
fliY	14583	20634	24543	11643
fliA	9821	12939	23220	11884
fliD	5223	5758	11105	6205
amyA	1538	1992	3578	1977
yedE	691	905	3569	1578
fliF	3687	4903	6236	3311
fliG	2742	3950	4752	2602
fliH	1459	2275	2550	1431
fliI	1177	1644	2029	1070
fliM	2189	2928	2849	1634
fliP	348	506	491	291
fliR	215	264	301	146
rcsA	531	713	374	214
yedP	194	240	491	274
yedQ	291	370	392	257
yedI	541	737	711	415
yedA	36	40	44	24
dcm	913	1324	1039	549
yedJ	354	509	342	194
hchA	309	350	471	301
yedW	411	583	449	244
yedZ	78	84	101	53
yodA	25725	34581	10386	6150
yeeI	697	913	4484	1987
shiA	1054	1539	1179	650
amn	803	876	834	544
yeeN	3693	4980	2534	1463
yeeO	110	147	175	89
cbl	804	1080	994	487
nac	108	121	80	47
erfK	418	552	619	376
cobS	513	692	611	361
yeeA	260	391	460	301
dacD	287	360	344	185
yeeE	3830	5203	8398	3515
yeeF	5410	8007	2706	1689
yeeY	128	241	220	127
yeeZ	931	1338	1094	628
hisG	1559	1987	1154	713
hisD	1119	1466	849	539
hisC	861	1262	754	462
hisB	1741	2315	1546	901
hisA	1259	1907	1077	605
hisF	1097	1593	934	502
ugd	323	409	310	152
gnd	30300	44212	19067	11233
galF	8064	11472	6011	3471
wcaL	17	45	43	25
wcaK	34	31	37	16
wzxC	24	31	25	16
wcaJ	26	27	25	14
cpsG	35	67	33	17
cpsB	58	64	46	24
fcl	70	58	28	14
gmd	87	126	39	29
wcaE	18	22	8	7
wcaD	37	42	26	22
wcaC	31	67	53	25
wcaA	16	26	13	10
wzc	47	64	35	17
wza	30	20	9	5
yegH	500	706	504	280
asmA	1413	1963	2246	1130
udk	434	539	400	254
yegL	24	34	39	12
mdtA	85	100	84	65
mdtB	144	211	217	118
mdtC	144	216	219	108
baeS	61	124	117	74
baeR	183	225	194	150
yegQ	659	830	526	347
yegS	154	189	312	192
gatD	981	1399	9551	3966
gatZ	24870	33291	138739	53535
gatY	23621	32651	115782	47113
fbaB	1782	2482	5305	2643
yegT	66	99	142	86
yegU	88	124	194	87
yegV	74	105	163	79
yegW	155	201	177	99
yegX	253	337	260	118
thiD	770	1122	946	509
thiM	1542	2049	1852	1001
rncA	58	63	57	37
yehA	18	27	27	14
yehC	5	3	0	2
mrp	3858	5419	3604	2192
metG	2238	3022	2279	1443
yehL	1	3	8	4
yehP	11	10	21	11
yehT	281	389	654	306
yehU	609	661	1355	572
mlrA	95	150	227	135
yehW	48	54	107	43
yehX	56	112	157	82
yehY	59	98	179	91
yehZ	143	249	442	225
bglX	1742	2680	1998	1079
dld	2850	4061	5011	2635
pbpG	638	835	651	356
yohF	93	113	213	126
dusC	183	251	159	90
yohK	48	69	66	49
cdd	122	213	330	180
sanA	165	226	160	92
yeiT	50	69	268	127
yeiA	79	99	402	168
mglC	253	326	5006	1878
mglA	613	763	12035	4298
mglB	1277	1830	36197	15214
galS	66	116	1067	394
yeiB	380	517	326	200
folE	2077	2358	1440	940
frmC	1242	1636	2069	1247
cirA	2852	4167	2542	1330
lysP	4691	6423	2934	1836
yeiE	344	422	409	277
yeiH	152	188	164	109
nfo	731	880	650	419
yeiJ	19	37	31	32
rihB	5	7	21	7
yeiL	18	21	54	24
yeiC	13	10	213	68
fruA	908	1593	1670	914
fruK	463	703	781	408
fruB	449	732	703	419
setB	36	57	46	24
yeiQ	232	278	493	279
yeiR	267	366	248	145
yeiU	316	411	160	103
rtn	364	426	556	343
yejB	77	125	114	71
yejE	112	147	161	112
yejF	449	622	584	347
bcr	389	515	473	256
rsuA	625	787	508	371
yejH	88	110	99	69
yejK	1814	2569	1714	886
yejM	934	1181	1253	646
narP	878	1383	1068	592
ccmH	145	229	249	151
ccmF	182	289	287	137
ccmC	90	134	152	67
ccmB	56	75	79	40
ccmA	125	132	162	87
napC	149	254	313	141
napH	39	55	74	38
napG	24	42	54	32
napA	177	343	503	250
mqo	1291	1916	249	154
yojI	1350	1803	1036	551
alkB	34	25	39	18
ada	95	129	158	110
yojL	130	174	158	72
rcsB	3931	5079	4021	2308
rcsC	1365	1834	1463	809
yfaP	12	18	38	11
yfaQ	31	79	113	40
yfaT	5	11	8	4
gyrA	12108	18568	11092	6511
ubiG	529	690	627	346
nrdA	2492	3217	2922	1878
nrdB	1926	2959	2137	1318
inaA	596	690	587	289
glpQ	3567	5236	62411	23644
glpT	3546	4804	68349	24728
glpA	515	837	8081	3167
glpB	328	463	5284	2028
glpC	209	317	3180	1276
yfaY	525	798	593	334
ais	17	27	22	11
yfbE	104	117	178	99
yfbF	36	36	48	36
yfbG	113	168	234	123
yfbH	33	64	80	43
arnT	55	64	105	51
menE	345	585	332	182
menC	446	790	485	301
menB	929	1513	908	509
yfbB	329	425	283	178
menD	286	426	328	178
menF	517	677	633	377
elaC	330	453	306	234
nuoN	1201	2153	2299	1429
nuoM	1414	2265	2451	1445
nuoL	2740	4413	5309	2958
nuoH	2528	3724	4656	2382
nuoG	8174	12737	15983	7900
nuoF	3729	5934	7917	3978
nuoC	4949	7006	10396	5175
nuoB	2357	3295	5668	2759
lrhA	1112	1785	2908	1333
yfbQ	775	1179	1133	659
yfbS	195	310	351	188
yfbT	1631	2375	1552	920
ackA	1766	2341	2469	1371
pta	2411	3531	3677	2113
yfcF	167	182	201	125
yfcG	40	63	90	57
yfcH	844	1249	1004	609
hisP	924	1298	1229	573
hisM	717	908	913	441
hisQ	1325	1746	2099	969
hisJ	7200	9659	10123	4298
purF	3840	5623	2659	1648
dedD	623	1007	829	419
folC	1465	2166	1667	875
accD	5926	8958	6993	3837
truA	835	1161	1028	619
usg	935	1442	989	588
pdxB	1552	2525	1573	975
flk	440	614	461	242
yfcJ	101	155	83	65
fabB	3667	5649	4238	2839
trmC	468	662	477	315
yfcA	525	654	451	249
mepA	483	845	562	341
aroC	2456	3529	2536	1500
prmB	1828	2611	1936	1104
yfcY	140	190	1520	568
fadL	904	1022	3592	1509
vacJ	1738	2647	1418	798
yfdC	62	95	193	91
dsdA	229	277	199	129
emrY	30	22	15	9
emrK	33	44	35	17
evgA	1016	1464	343	230
yfdE	21	45	48	13
yfdV	12	18	12	9
oxc	34	45	52	18
frc	37	50	41	19
yfdX	21	36	25	8
ddg	117	102	90	50
yfdZ	633	1057	938	551
ypdA	323	420	378	205
ypdB	335	509	428	212
ypdC	76	96	101	60
ypdD	61	85	132	72
ypdE	21	32	44	18
ypdF	17	26	67	31
ypdG	11	15	27	16
glk	930	1358	1848	968
yfeO	115	157	195	114
mntH	789	1013	918	543
nupC	870	1286	965	589
yfeA	674	868	749	412
gltX	7044	9991	5728	3320
yfeR	121	171	166	103
yfeH	430	627	529	290
ligA	1112	1669	1193	648
zipA	3636	5251	4473	2263
cysZ	264	361	388	233
cysK	29380	42910	36987	18154
ptsI	36131	51724	45644	26560
pdxK	732	1140	718	387
cysM	3830	5320	4221	1907
cysA	2449	3554	3742	1670
cysW	1307	1880	2064	892
cysU	1241	1759	1838	711
cysP	2583	4032	4240	1922
ucpA	815	1085	4154	1595
yfeT	72	148	130	59
yfeU	47	85	206	82
murP	78	104	188	71
murQ	80	121	230	123
yfeX	1556	2243	2025	1106
amiA	785	1195	791	476
hemF	231	373	279	159
yfeG	91	148	162	60
eutL	118	156	184	80
eutC	127	206	187	115
eutB	628	937	905	590
eutA	8	11	17	9
eutH	14	26	25	15
eutG	11	25	25	14
eutJ	7	8	15	11
eutE	21	22	32	11
eutI	23	28	72	46
eutT	7	17	38	24
eutQ	8	20	63	22
maeB	5605	7960	21048	9712
talA	940	1345	1937	1255
tktB	1495	2276	3147	2002
ypfG	186	234	325	197
aegA	76	142	127	59
narQ	197	274	260	147
acrD	124	224	222	113
dapE	1015	1382	881	524
ypfH	291	435	360	160
ypfJ	1029	1399	1022	626
purC	4750	7522	4411	2464
nlpB	4616	7212	4710	2705
dapA	7035	10061	7456	4055
hyfA	0	1	5	5
hyfC	11	13	9	5
hyfD	11	17	25	12
hyfE	10	15	17	5
hyfG	32	48	41	19
hyfI	14	19	20	10
perM	326	435	383	238
yfgC	1526	2035	1979	1086
hda	996	1422	952	522
uraA	3279	5099	2549	1405
upp	6661	8778	4495	2444
purM	2878	4784	3034	1756
purN	1100	1589	869	553
ppk	1347	1624	1321	782
ppx	1097	1541	1188	648
yfgF	73	102	102	62
guaA	8514	13991	5682	3165
guaB	6107	9202	3373	2176
xseA	813	1013	550	366
der	2589	3569	2788	1626
yfgL	3439	5264	3769	2122
yfgM	2204	3269	2542	1343
hisS	5345	7466	5768	3272
ispG	2395	3341	3237	1813
yfgA	1612	2076	2094	1213
yfgB	1398	1857	1941	1078
pbpC	83	143	142	61
sseA	578	766	1576	683
sseB	749	1197	944	543
pepB	1816	2678	3255	1679
hscA	2551	3988	2889	1719
iscS	5579	7794	9518	5760
yfhQ	968	1575	1100	665
suhB	2136	2840	1610	942
yfhR	26	37	31	22
hcaT	106	141	255	119
hcaR	474	633	5402	1950
hcaE	123	186	338	157
hcaB	23	62	77	42
yphB	74	97	114	58
yphC	58	92	136	54
yphD	21	34	37	12
yphE	25	35	94	45
yphF	18	37	92	43
yphH	328	464	488	220
glyA	26485	39053	20340	10566
hmp	498	925	903	477
yfhA	544	787	545	297
yfhG	295	377	324	176
yfhK	491	659	697	375
yfhD	322	449	349	193
yfhB	328	526	437	256
yfhH	180	269	260	140
pdxJ	1428	2170	1536	783
recO	617	917	627	358
era	1913	2607	2012	1149
rnc	1574	2080	1377	874
lepB	1979	2825	2428	1374
lepA	4172	6390	5191	2909
rseB	1354	1878	2158	1115
rseA	3763	5640	6719	3521
yfiC	287	427	313	173
srmB	616	837	781	458
yfiE	147	257	215	124
ung	789	1042	811	440
yfiF	1446	1962	1320	772
yfiP	143	150	120	55
yfiQ	619	859	4008	1607
pssA	2818	3655	5083	2401
kgtP	11109	14316	22997	11537
clpB	7236	11636	9565	5936
yfiH	503	712	414	195
rluD	1408	1768	1202	669
yfiO	5919	7482	5696	3279
pheA	3375	4150	2678	1599
tyrA	3246	4547	1939	1138
aroF	5827	7532	3415	1830
yfiN	130	175	109	67
trmD	35920	48359	31601	16555
ffh	2626	3986	2808	1605
ypjD	349	455	421	243
yfjD	704	949	602	400
yfjB	331	432	371	243
recN	519	664	783	431
gabT	125	207	879	443
gabP	50	72	263	147
csiR	156	235	402	188
nrdF	114	124	265	150
proV	1399	1691	1448	883
proW	366	519	440	307
proX	1020	1279	2107	1126
ygaZ	714	1035	724	383
emrA	617	861	486	277
emrB	365	557	305	184
gshA	3539	5098	3601	2111
alaS	17716	25082	15586	8771
recA	5053	7480	7275	3970
mltB	159	199	178	86
srlE	22	22	75	40
srlD	104	143	150	90
srlR	299	422	582	260
gutQ	203	334	386	181
norV	64	96	83	52
norW	31	27	29	33
ascG	646	907	924	472
ascF	63	92	120	66
hycG	36	56	66	24
hycE	19	21	34	17
hycD	8	9	6	8
hycC	5	15	15	4
hycB	1	4	11	3
hypB	58	104	132	72
hypD	280	408	721	353
hypE	101	172	200	78
fhlA	103	122	161	101
mutS	981	1535	1187	645
ygbI	397	476	736	375
ygbJ	35	46	63	46
ygbK	47	80	73	48
ygbL	28	49	41	25
ygbM	34	49	43	28
ygbN	66	94	116	52
nlpD	26066	35717	64314	30073
pcm	819	1126	985	490
surE	807	1146	934	481
truD	1614	2252	1976	972
ispD	582	909	449	261
cysC	2022	2938	2176	887
cysN	7554	11395	8817	3925
cysD	5250	7397	5452	2385
iap	290	414	316	191
cysH	5027	7259	5605	2480
cysI	9208	14204	10254	4699
cysJ	7565	11203	7055	3247
ygcQ	24	56	37	34
ygcR	18	16	15	13
ygcS	16	18	31	11
ygcU	27	35	62	30
ygcW	2	4	25	10
yqcE	44	48	100	46
ygcF	688	928	695	403
eno	37245	59259	28655	17383
pyrG	8532	12711	6555	3939
mazG	901	1204	1050	555
relA	2947	4130	3823	2005
barA	762	1052	817	474
gudD	130	235	235	130
gudX	65	98	115	50
gudP	12	24	57	30
truC	208	325	235	122
queF	875	1144	903	523
ygdH	739	849	1123	572
sdaC	641	856	954	666
sdaB	268	487	380	242
exo	145	211	252	167
fucO	117	142	1288	467
fucA	32	51	478	170
fucP	26	30	106	42
fucI	46	82	294	147
fucK	144	181	247	151
fucR	386	469	1465	642
ygdE	623	943	815	441
gcvA	399	528	447	223
csdA	384	508	408	217
ygdL	381	616	453	222
mltA	972	1354	1015	496
amiC	756	1314	1555	813
argA	4819	7010	3950	1754
recD	687	1125	861	438
ptr	1333	1976	1699	905
recC	1049	1368	1139	616
thyA	1306	1721	1139	697
lgt	827	1133	859	484
ptsP	2443	3425	2759	1641
mutH	171	224	238	103
ygdQ	163	181	152	133
tas	841	1161	908	572
ygeD	247	292	279	126
aas	902	1255	909	552
galR	337	419	452	204
lysA	1444	2143	1500	758
lysR	68	104	124	79
ygeA	453	602	729	359
araE	142	210	253	111
kduD	103	120	222	119
kduI	67	97	213	98
yqeF	740	992	5219	2238
yqeG	51	85	81	48
yqeH	34	51	35	25
yqeI	56	101	65	32
ygeH	13	32	21	13
ygeR	624	755	1012	489
xdhA	49	80	178	90
xdhB	23	39	71	34
ygeV	113	157	1393	512
ygeW	14	12	30	10
ygeX	25	28	51	23
ygeY	33	29	46	26
hyuA	44	44	53	18
yqeA	68	109	139	72
yqeB	83	140	410	147
yqeC	15	32	199	58
ssnA	16	18	22	12
ygfM	21	37	30	12
xdhD	101	154	157	97
ygfO	100	110	100	68
guaD	188	227	216	112
ygfT	44	61	169	63
ygfU	8	13	38	22
lysS	6442	9330	6174	3412
prfB	4958	6533	4535	2565
recJ	1245	1913	1101	670
dsbC	1316	1769	1296	735
xerD	1001	1359	1043	595
ygfZ	1495	2160	2247	1176
yqfA	380	440	624	336
bglA	2453	3565	2621	1638
ygfF	102	135	126	53
gcvP	2840	4698	2970	1305
gcvT	1878	2782	1477	699
visC	982	1366	1102	645
serA	35610	51539	16861	11784
rpiA	3076	4474	3563	1905
argP	665	945	801	446
yliK	47	80	84	38
argK	21	25	29	19
ygfG	38	37	37	21
ygfH	56	76	78	52
ygfI	73	115	120	47
yggE	1221	1828	1473	896
argO	254	308	249	111
mscS	2498	4019	1808	1300
fbaA	19427	28689	17469	9915
pgk	17603	25594	18386	10606
epd	3669	5143	3394	1943
yggF	42	41	63	40
cmtA	13	18	32	17
tktA	5810	7720	6046	4171
yggG	801	1069	1453	693
speB	1066	1598	1206	623
speA	8480	12436	7868	4256
metK	8253	11750	4515	3181
galP	593	802	224	129
endA	36	47	43	9
yggJ	443	634	457	255
gshB	1245	1656	1396	766
yggS	440	659	520	326
yggW	515	695	532	284
yggM	65	90	91	46
ansB	81	127	135	72
yggN	920	1278	1146	574
yggH	2462	3102	2049	1219
mutY	848	1219	902	515
mltC	777	900	841	481
nupG	221	310	1203	482
yqgA	51	89	58	23
yghK	65	102	439	252
glcF	157	231	1245	655
glcD	54	62	1017	573
glcC	203	291	1600	641
ECIAI1_3132	120	139	204	108
yghR	5	14	10	5
yghS	10	18	17	10
yghT	7	10	7	4
pitB	36	58	33	22
gss	2006	2912	1089	672
yghU	773	1091	1754	899
hybC	391	596	556	301
hybB	67	117	126	78
hybA	53	93	145	51
hybO	71	117	134	89
yghZ	251	360	3207	1180
yghA	99	124	268	146
exbB	4012	5685	3488	2028
metC	3015	4178	3280	1645
yghB	300	439	430	220
yqhC	249	287	226	118
yqhD	536	843	570	581
dkgA	279	360	473	337
yqhG	55	80	89	47
ygiQ	861	1106	796	471
sufI	595	838	759	454
plsC	540	692	596	331
parC	2360	3476	2459	1283
qseB	57	88	53	27
parE	1727	2748	1995	1086
cpdA	986	1425	1859	929
nudF	910	1095	1098	614
tolC	4052	5235	4489	2765
ygiC	2041	2735	2672	1503
ygiE	513	752	700	453
ribB	2055	2612	3033	1618
yqiJ	26	31	38	19
yqiK	33	60	58	44
rfaE	2119	3156	2134	1261
htrG	362	481	745	380
cca	481	801	833	426
bacA	848	1234	846	440
plsY	268	363	416	222
ygiP	76	87	105	52
ttdA	12	12	24	13
ttdB	9	5	7	4
ygjE	63	98	76	41
gcp	638	855	622	355
dnaG	2434	3273	2291	1362
rpoD	6541	9813	7804	4748
yqjH	244	382	309	173
yqjI	188	322	384	197
aer	2287	3009	9661	4332
ygjG	517	805	1622	831
ebgR	97	119	112	69
ygjI	14	8	18	9
ygjJ	6	9	10	7
ygjK	46	44	57	45
ygjO	242	348	212	151
ygjQ	22	22	21	15
ygjR	317	433	1077	473
alx	65	104	96	64
sstT	914	1538	1949	955
uxaA	239	345	985	428
uxaC	247	322	1158	483
exuT	55	74	737	298
exuR	936	1219	1148	582
yqjA	623	839	592	335
yqjG	304	398	534	295
yhaJ	851	1177	984	554
yhaK	38	60	80	32
yhaM	95	140	138	78
yhaO	50	79	62	29
tdcG	56	84	103	46
tdcE	318	472	531	273
tdcD	33	35	63	23
tdcC	90	141	194	93
tdcB	13	12	68	28
tdcA	6	8	40	27
garK	150	166	246	121
garR	87	143	223	124
garL	21	16	63	37
garP	7	6	25	7
garD	74	109	418	158
agaR	1075	1437	1404	733
kbaZ	28	40	167	67
agaS	21	22	39	19
kbaY	14	17	26	10
agaC	13	10	10	7
agaD	7	19	25	18
agaI	20	25	19	10
yraI	10	16	12	7
yraL	537	789	563	293
yraQ	759	1153	1105	527
yraR	83	148	203	109
yhbU	61	90	39	17
yhbV	28	71	35	24
yhbW	204	327	206	141
mtr	272	413	430	225
deaD	2393	3284	1667	1096
nlpI	7190	9228	8761	4635
pnp	13630	19469	17694	9820
truB	1656	2491	2004	1039
infB	19838	28430	24307	12723
nusA	6907	9729	8134	4337
argG	15789	23469	9463	4561
yhbX	118	181	155	82
glmM	3474	5330	3838	2030
folP	836	1265	973	485
ftsH	12191	18771	13410	8198
rrmJ	3077	4170	4097	2455
dacB	254	315	187	117
obgE	1721	2480	2129	1155
yhbE	1246	1639	1290	685
ispB	1713	2326	1809	1045
murA	3814	5074	3179	1779
yrbC	1824	2855	2319	1357
yrbE	1088	1589	1111	626
yrbF	2145	3002	2334	1258
yrbG	415	552	469	251
kdsD	1748	2269	2051	1131
lptB	1554	2246	2262	1323
rpoN	5556	7343	7828	4399
yhbJ	1503	1901	1740	1016
yrbL	3322	4844	4948	2883
mtgA	650	900	1073	601
elbB	722	1205	1297	671
arcB	1445	1841	2430	1220
yhcC	22	46	35	19
gltB	29527	44479	14982	10037
gltD	16077	24852	8267	5387
nanE	26	48	150	61
nanT	39	51	320	142
nanA	86	137	509	200
nanR	675	911	776	488
dcuD	36	41	60	17
sspA	2752	4417	2973	1783
degQ	1242	1782	1755	1108
degS	525	722	543	338
mdh	18029	25462	34676	19445
aaeB	76	91	92	57
aaeA	162	204	190	96
aaeR	161	220	183	103
tldD	1601	2572	1696	927
rng	1977	2884	2196	1199
mreC	868	1348	828	498
mreB	2843	4132	3324	1988
csrD	746	1058	1031	565
yhdH	658	1012	1271	667
accC	7848	12026	8549	4701
panF	261	359	252	133
prmA	703	1022	642	350
dusB	7192	10040	7596	4270
yhdJ	60	82	94	43
envR	16	42	93	60
acrE	9	29	15	13
acrF	211	277	254	143
aapQ	30	67	66	38
aapP	125	127	168	81
aroE	1010	1338	919	506
smf	694	962	1064	598
fmt	1999	2669	1759	1147
rsmB	1032	1544	995	615
trkA	1023	1369	942	568
rpoA	63750	99111	64536	33876
rpsD	56084	79228	57743	30167
secY	62194	94262	66346	34965
rpsC	43710	65367	44913	21849
rplB	43190	65015	41895	21598
rplD	27394	44924	26961	15293
rplC	43073	66164	40280	22323
tufA	159018	235885	172677	90307
fusA	134798	196610	148426	76194
yheO	1315	1806	1345	853
fkpA	6371	8509	6297	3810
kefB	487	707	646	349
yheS	885	1163	875	587
yheT	221	347	282	153
prkB	520	636	662	362
crp	5196	7214	6933	4191
yhfK	943	1463	1064	624
argD	6085	9503	4290	2037
fic	185	219	395	189
tsgA	228	310	96	72
nirB	99	184	134	83
nirC	67	134	83	48
cysG	650	939	793	441
frlA	20	23	37	22
frlB	12	24	38	21
frlC	35	50	54	23
frlD	34	69	83	53
frlR	141	210	196	125
yhfS	38	53	43	38
yhfT	29	43	42	28
php	28	30	43	15
yhfZ	207	287	479	223
trpS	4400	6398	3702	2069
gph	1427	2014	1297	681
rpe	1177	1640	1271	697
dam	913	1203	832	532
aroB	5148	7190	5075	2921
hofQ	53	90	83	39
yrfD	66	84	103	67
mrcA	1347	1906	1334	851
igaA	695	1017	1337	659
yrfG	526	839	651	364
hslO	976	1573	1074	590
pck	1424	2140	19043	8420
envZ	508	770	1061	532
ompR	840	1082	1540	842
yhgF	2486	3912	1943	1175
feoB	1106	1915	1077	625
yhgA	105	166	133	80
bioH	261	393	246	153
gntX	191	219	245	154
gntT	232	440	391	212
malQ	1363	1856	3021	1555
malP	2117	2646	4376	2248
malT	4672	6637	25720	11180
rtcB	133	195	162	88
glpG	1090	1398	921	510
glpD	17703	25954	45595	22202
glgP	4766	7505	6147	3486
glgA	2495	3903	3505	1983
glgC	3777	5434	4839	2707
glgX	3035	4569	3984	2238
glgB	5762	8874	6594	3668
asd	18393	27357	12548	6880
gntU	86	185	102	48
gntR	382	491	521	304
yhhW	212	314	287	148
yhhX	818	1191	704	404
yhhZ	6	12	7	0
ggt	182	300	489	285
ugpC	162	226	447	235
ugpE	41	52	159	57
ugpA	21	24	93	46
ugpB	514	664	2468	930
livF	3635	5092	3829	1971
livG	2942	4135	3036	1485
livM	3577	5841	4018	2066
livH	3000	4862	3413	1732
livK	10480	14682	11603	5582
livJ	30391	41741	52720	28734
rpoH	2459	3999	3688	2078
ftsX	978	1568	1108	720
ftsE	701	1027	769	411
ftsY	3505	4730	3772	1984
yhhN	112	195	179	107
yhhQ	101	136	149	93
yhhS	188	258	168	97
yhhT	103	139	226	143
nikA	22	35	14	16
nikB	13	28	19	6
nikC	12	18	14	5
nikD	23	29	23	13
nikE	13	31	23	14
yhhI	65	125	94	51
yhhJ	491	681	611	376
rbbA	1150	1933	1441	899
yhiI	1397	2342	1908	1058
yhiM	54	60	54	28
yhiN	616	856	485	275
pitA	2525	3542	2065	1250
yhiP	117	146	173	108
yhiQ	224	366	240	150
prlC	1908	3084	2181	1415
yhiR	201	279	213	135
gor	1486	2257	1766	1007
arsB	59	71	69	49
yhiD	36	56	41	26
mdtE	17	25	25	14
mdtF	175	229	172	113
gadW	291	403	148	112
gadX	498	801	330	181
gadA	312	492	334	187
yhjA	79	99	107	46
treF	241	341	294	216
yhjB	77	118	130	53
yhjC	146	221	212	110
yhjD	153	238	259	168
yhjE	3702	5614	2676	2000
yhjG	1603	2188	3243	1688
yhjH	3962	5340	8957	4547
kdgK	683	1032	1357	630
yhjJ	724	1023	1143	617
dctA	317	415	2995	1314
yhjK	460	618	535	297
bcsC	352	481	488	234
bcsZ	53	66	52	26
bcsB	66	93	62	47
bcsA	73	109	87	47
bcsE	1039	1347	1006	595
bcsG	261	341	280	210
yhjV	307	401	589	283
dppF	1111	1765	2624	1424
dppD	1028	1491	2569	1287
dppC	825	1349	2103	1003
dppB	944	1440	2677	1276
dppA	12379	16311	50752	25972
eptB	233	296	647	291
yhjX	25	27	43	31
yhjY	261	363	561	301
yiaD	264	375	214	113
tiaE	1607	2251	1520	1043
yiaF	2806	4111	2888	1553
glyS	8261	12842	8203	4815
glyQ	4284	6655	4252	2437
yiaH	108	126	92	46
xylB	227	298	309	154
xylA	162	201	370	154
xylF	23	29	426	174
xylG	101	153	372	195
xylH	71	73	147	69
xylR	211	307	272	161
bax	2949	3801	15078	7065
avtA	1581	1919	1666	972
yiaJ	306	484	331	178
yiaK	9	13	70	40
yiaN	11	5	22	11
yiaO	4	8	24	10
sgbH	10	12	26	20
sgbU	25	17	35	19
sgbE	13	28	42	18
yiaT	54	47	44	27
yiaU	87	138	108	61
yiaV	32	40	42	24
aldB	47	69	1396	488
yiaY	7	15	16	9
selB	1567	2378	1421	778
selA	642	917	579	305
yibF	178	253	231	124
yibH	54	69	99	66
mtlA	1041	1786	3204	1542
mtlD	921	1294	1681	850
lldP	148	186	842	412
lldR	120	168	316	151
lldD	161	274	465	241
cysE	784	953	1408	709
gpsA	1857	2752	3230	1631
gpmI	4611	6532	2492	1740
envC	1075	1601	1066	636
yibQ	316	455	282	190
yibD	37	35	53	31
tdh	404	540	634	334
kbl	369	646	757	414
waaD	2520	3405	2187	1353
waaF	1482	2109	1359	826
kdtA	406	624	532	293
mutM	296	399	271	139
yicR	940	1327	939	556
dfp	754	816	679	490
pyrE	132	185	102	47
yicC	1685	2311	1574	889
yicG	32	32	30	16
ligB	71	124	217	103
gmk	2644	3414	2462	1414
spoT	2913	4275	2707	1635
trmH	484	631	431	243
gltS	182	288	204	127
yicE	949	1271	1102	669
yicH	1016	1426	1321	772
yicI	101	177	235	132
yicJ	40	41	43	23
setC	11	15	26	10
yicL	500	605	534	275
nlpA	3002	4060	3317	1607
yicM	114	170	55	45
uhpT	895	1796	4186	2491
uhpC	94	140	114	65
uhpB	166	311	236	132
ilvB	3058	4252	6625	3161
emrD	6	9	14	3
yidJ	33	39	85	47
yidK	13	18	30	19
yidL	49	62	118	60
yidP	14	30	33	14
yidE	543	759	890	477
yidR	326	431	771	340
cbrA	16	28	44	18
dgoT	25	35	45	27
dgoD	31	52	126	80
dgoA	18	25	58	22
dgoR	184	301	441	176
yidX	163	248	202	112
yidA	580	761	467	301
gyrB	4943	7133	4693	2635
recF	643	832	456	256
dnaN	1302	1826	1385	757
dnaA	2022	2946	2438	1279
yidC	5730	8032	6172	3514
trmE	646	904	774	500
tnaA	82	91	6005	2264
tnaB	27	25	532	188
mdtL	27	44	41	25
yidZ	193	216	176	91
yieE	186	266	285	124
yieH	211	251	214	140
yieK	40	95	67	47
yieL	24	37	42	21
bglH	20	35	43	23
bglB	23	52	45	36
bglG	15	15	39	13
phoU	696	1106	893	585
pstB	898	1037	1043	723
pstA	219	341	257	203
pstC	336	489	406	334
pstS	1027	1300	1344	1205
glmS	9530	15498	6992	4462
glmU	6436	9892	4701	2733
atpD	17790	27349	25873	13603
atpG	14162	18495	19393	9788
atpA	31168	47074	44964	24469
atpB	16653	21903	23959	12023
gidB	425	570	373	218
gidA	2031	2883	1906	1186
asnA	608	907	526	308
yieM	309	414	384	224
ravA	260	378	361	211
trkD	651	833	645	378
rbsA	593	904	1996	886
rbsC	412	610	1972	893
rbsB	2861	3898	18170	8433
rbsK	784	1030	2061	1013
rbsR	199	247	445	204
hsrA	182	237	179	127
yieP	700	1002	521	332
hdfR	502	708	603	334
yifB	210	277	207	131
ilvE	2340	3412	1611	902
ilvD	2200	3304	1924	1040
ilvA	1039	1654	960	497
ilvY	156	217	217	133
ilvC	50213	75232	41620	21765
rep	856	1155	853	479
gpp	979	1160	1229	721
rhlB	2842	3538	3150	1875
rho	3366	3879	3320	1991
rfe	1540	2236	1395	834
wzzE	958	1465	856	578
rffE	1020	1543	823	443
rffD	1004	1412	704	375
rffG	735	1026	548	307
rffH	414	574	351	210
rffC	295	406	212	133
rffA	566	790	442	249
wzxE	469	694	389	207
rffT	306	446	305	157
wzyE	265	347	201	109
rffM	397	527	318	189
yifK	1410	2055	1570	758
hemY	1329	1975	1976	1073
hemX	1606	2255	2571	1366
hemD	626	708	854	456
hemC	577	826	962	537
cyaA	4550	5944	3173	2440
dapF	1111	1696	1282	658
yigA	680	1012	721	412
xerC	1069	1450	1168	576
yigB	593	794	597	268
uvrD	838	1244	1083	594
yigE	47	72	54	37
corA	960	1391	1059	570
rarD	158	201	150	90
pldA	995	1425	896	571
recQ	666	977	746	374
rhtC	403	580	540	279
rhtB	287	397	326	164
pldB	779	1103	986	552
yigL	454	633	452	256
yigM	124	150	117	65
metR	344	510	482	274
ysgA	726	1071	1133	697
udp	806	1280	1792	984
rmuC	328	429	1043	465
ubiE	1497	2070	1797	999
yigP	341	538	463	226
ubiB	1246	1776	1435	748
tatC	853	1264	856	489
tatD	278	417	347	183
ubiD	1945	2855	3259	1592
fre	1350	2032	2163	1093
fadA	108	157	1627	625
fadB	220	275	5945	2147
pepQ	3657	5104	5009	2847
yigZ	405	628	536	293
trkH	706	982	722	447
yihE	1533	2007	1244	797
dsbA	3608	5027	3082	1758
yihG	127	171	104	58
polA	3180	4311	4219	2122
hemN	976	1399	1129	634
glnG	635	968	662	316
glnL	538	737	535	263
glnA	6752	8620	4604	2945
bipA	13873	21448	8383	5392
yihL	108	156	214	128
yihM	152	194	425	200
yihN	47	68	191	104
ompL	13	9	22	10
yihO	32	32	49	34
yihP	28	43	28	17
yihQ	28	26	46	38
yihS	64	92	127	69
yihT	30	44	70	41
yihU	16	12	46	13
yihV	47	58	117	54
yihW	291	398	677	315
rbn	412	578	1056	451
yiiD	1211	1762	1826	922
fdhE	338	500	670	315
fdoI	135	154	291	152
fdoH	135	212	463	239
fdoG	1626	2231	4072	2278
fdhD	325	539	394	209
frvB	15	29	20	16
rhaD	13	27	14	10
rhaA	14	28	21	15
rhaS	29	41	121	57
rhaR	37	49	94	37
sodA	32206	37809	31964	18075
kdgT	95	121	150	67
yiiM	402	523	488	268
cpxA	1537	2257	1924	1052
cpxR	1681	2433	2125	1247
fieF	1321	1750	1325	781
pfkA	4770	7143	4323	2617
sbp	1225	1595	1401	662
cdh	232	327	170	112
tpiA	8947	13466	8164	4924
fpr	1012	1357	1195	696
glpX	604	868	3555	1669
glpK	10067	14086	121050	52700
glpF	2347	2677	41923	17569
menA	477	668	482	278
hslU	3096	4503	2992	1858
ftsN	766	1072	870	480
cytR	693	859	1200	520
yiiX	235	351	234	129
metB	1863	2135	1820	952
metL	1833	2988	2146	1058
metF	5735	8489	4404	2423
katG	4861	7665	9272	4945
yijE	90	117	104	55
yijF	12	19	13	9
gldA	103	191	220	120
fsaB	33	44	70	45
ptsA	25	42	66	31
frwC	12	17	73	33
pflD	74	126	166	78
pflC	24	53	68	30
yijO	60	53	64	35
yijP	1020	1237	844	470
ppc	9389	13235	7400	4734
argE	2380	3492	1798	979
argC	3400	4794	2564	1154
argB	2756	4113	2310	962
argH	4691	7738	3892	1715
oxyR	1280	1887	1475	875
sthA	1071	1366	3761	2015
fabR	1629	2173	3849	1730
trmA	813	1097	1061	621
btuB	2290	3049	2559	1323
murI	230	362	297	209
murB	2073	2802	2020	1053
birA	766	1033	766	383
coaA	1132	1500	1398	743
tufB	149249	226426	163475	86216
rplA	26843	40361	24218	13173
rpoB	36343	53371	45087	25157
rpoC	36523	59020	45883	24668
thiH	3028	4179	3330	2035
thiG	1439	2048	1607	1005
thiF	1557	2284	1824	1000
thiE	1332	2005	1492	949
thiC	5570	7354	5708	3529
nudC	547	767	538	282
hemE	726	1051	639	391
nfi	279	461	309	159
yjaH	438	581	626	337
zraR	240	364	381	204
purD	1663	2648	1289	770
purH	1839	2800	1359	902
metA	3174	4665	2830	1533
aceA	14563	22214	69521	37379
aceK	2420	3354	9744	5271
iclR	973	1201	956	590
metH	7792	10602	7644	4002
yjbB	318	489	465	244
pepE	84	157	643	270
yjbC	644	854	651	395
lysC	5476	7951	2937	1560
pgi	10170	14411	8932	5207
yjbF	8	12	4	2
yjbG	8	11	5	7
yjbH	57	74	104	43
xylE	73	106	89	47
malG	41	58	532	287
malF	122	143	2085	960
malE	1274	1617	22750	11078
malK	243	271	5572	2495
malM	159	186	1813	927
ubiA	550	769	948	450
plsB	2437	3502	3286	1746
lexA	1183	1737	1678	933
dinF	122	180	156	87
yjbM	7	18	11	10
yjbN	678	938	622	428
qor	757	1110	1323	755
dnaB	1450	2046	1462	786
alr	544	811	517	307
tyrB	3219	4768	3682	2097
aphA	148	207	1286	454
uvrA	852	1169	1319	782
yjcC	131	166	173	95
yjcE	573	866	619	379
actP	134	193	7670	3460
acs	899	1224	29556	11825
nrfA	60	99	102	49
nrfC	7	6	7	7
nrfD	9	10	20	8
gltP	854	1338	310	204
yjcO	357	440	743	383
fdhF	241	386	363	199
yjcQ	38	35	39	23
yjcR	13	20	12	13
phnL	20	22	22	16
phnK	6	19	30	13
phnJ	2	1	5	2
phnI	1	3	5	2
phnF	3	5	3	2
phnD	3	10	11	7
phnC	0	6	9	6
yjcZ	1487	2231	4050	2308
proP	3017	4384	2108	1729
basS	169	198	193	114
basR	99	165	217	93
eptA	63	103	123	59
adiC	13	23	24	8
adiY	12	17	9	10
adiA	50	51	78	35
melR	85	129	376	156
melA	55	92	307	148
melB	86	113	178	90
yjdF	174	235	166	86
fumB	80	110	298	122
dcuB	21	30	32	20
dcuR	308	443	749	369
dcuS	584	729	1307	636
lysU	879	1218	861	518
yjdL	95	136	132	67
cadA	95	95	100	49
cadB	3	11	13	5
cadC	50	89	69	44
dipZ	588	798	692	417
dcuA	1836	2532	2441	1511
aspA	977	1374	9167	3666
yjeH	267	423	290	173
groL	40410	61987	45051	28059
yjeJ	351	466	464	269
yjeK	671	879	717	406
frdB	166	262	752	310
frdA	441	797	2303	882
poxA	254	385	246	136
yjeP	575	868	732	442
psd	874	1221	1146	694
rsgA	1725	2285	2135	1142
yjeS	330	438	426	214
yjeF	413	561	671	274
amiB	714	1096	845	525
mutL	954	1293	1109	596
miaA	5985	8590	8064	4539
hflX	5662	7978	6823	3838
hflK	5095	7364	5926	3503
hflC	4236	6143	4646	2795
purA	9093	13210	12429	7136
rnr	3533	5435	3977	2220
rlmB	425	706	467	302
yjfJ	14	17	21	15
yjfK	6	13	21	12
yjfC	23	42	24	6
aidB	177	262	285	173
yjfP	187	261	194	125
ulaR	369	488	497	242
ulaG	63	106	69	39
ulaA	20	20	78	38
ulaD	47	86	94	50
ulaE	51	84	106	49
ulaF	44	52	70	37
ytfB	783	1017	1027	552
fklB	613	715	651	360
cycA	1383	2226	4379	1897
ytfE	56	84	92	41
ytfF	42	72	65	38
ytfG	106	135	147	74
cpdB	1021	1367	3135	1352
cysQ	703	1101	1196	597
ytfL	166	259	261	159
msrA	274	352	363	224
ytfM	861	1295	861	478
ytfQ	113	142	1328	476
ytfT	16	36	118	41
yjfF	41	55	141	47
fbp	832	1130	906	505
mpl	1903	2772	2058	1130
pmbA	1357	1943	1485	853
nrdD	247	376	588	306
treC	54	91	237	105
treB	56	98	435	173
treR	165	214	218	141
mgtA	5191	6762	5460	2881
pyrB	9665	13557	13369	7172
yjgI	40	39	32	23
argI	3997	6088	4681	1997
valS	8826	13520	8592	5002
pepA	4109	6436	4927	2711
yjgP	1340	1925	1467	882
yjgQ	817	1234	937	530
yjgB	135	203	312	174
yjhT	168	241	340	185
yjhA	26	45	82	44
fimB	676	861	384	274
fimC	366	472	407	280
fimH	135	176	146	109
gntP	56	90	462	174
uxuA	159	290	922	434
uxuB	186	310	916	434
uxuR	396	622	564	292
yjiE	217	287	189	105
iadA	629	910	514	338
yjiH	23	28	14	12
yjiK	67	81	92	47
hgdC	7	20	59	22
yjiM	40	43	266	95
yjiN	98	140	161	95
yjiY	70	71	149	67
tsr	16027	23175	21818	11496
mdoB	1527	2089	2049	1152
dnaC	207	309	281	189
yjjP	39	52	65	36
yjjQ	4	5	4	3
bglJ	196	252	226	106
rsmC	530	743	535	329
yjjG	189	326	249	126
prfC	2587	3758	1983	1156
osmY	1804	2477	3121	1809
yjjU	543	849	728	379
yjjW	27	62	41	20
yjjI	67	87	64	47
deoC	240	384	330	184
deoA	326	520	739	353
deoB	1045	1561	2219	1246
deoD	2084	2904	3216	1798
ytjB	264	351	270	190
serB	870	1260	885	437
radA	1140	1690	1101	632
nadR	1097	1553	1206	647
slt	868	1336	1325	673
ytjC	575	863	1340	577
rob	1125	1544	1481	811
creB	569	837	632	362
creC	276	384	324	179
arcA	4094	5336	7612	4086
yjtD	240	290	255	158
