	YJ016_ASW1	YJ016_ASW2	YJ016_CMCP6ref_ASW1	YJ016_CMCP6ref_ASW2
VV1_RS00065	4266	1507	4981	2184
VV1_RS00070	942	283	939	282
VV1_RS00085	1889	664	1863	628
VV1_RS00095	3332	1052	3317	1053
VV1_RS00120	474	318	414	277
VV1_RS00130	829	124	803	120
VV1_RS00135	564	56	564	56
VV1_RS00140	3800	687	3604	294
VV1_RS00145	402	124	710	565
VV1_RS00150	135	59	132	59
VV1_RS00155	110	32	109	32
VV1_RS00160	1037	655	1031	653
VV1_RS00165	1435	954	1416	937
VV1_RS00170	1270	743	1261	733
VV1_RS00180	16970	4381	17043	4454
VV1_RS00190	1019	437	1000	434
VV1_RS00195	1079	564	1078	564
VV1_RS00205	522	288	521	288
VV1_RS00210	2179	2037	2156	2014
VV1_RS00230	167	108	168	106
VV1_RS00240	304	153	305	151
VV1_RS00245	252	89	257	91
VV1_RS00255	252	141	250	139
VV1_RS00265	474	422	473	418
VV1_RS00270	494	338	495	332
VV1_RS00285	799	637	795	616
VV1_RS00575	615	282	612	278
VV1_RS00580	282	107	282	105
VV1_RS00590	146	26	155	26
VV1_RS00595	323	78	323	77
VV1_RS00600	1341	760	1331	756
VV1_RS00625	1600	343	1579	336
VV1_RS00630	1447	501	1282	464
VV1_RS00635	462	170	463	170
VV1_RS00650	1038	450	1035	450
VV1_RS00690	2802	1714	2789	1695
VV1_RS00705	322	220	352	255
ZNUC	846	2101	848	2100
VV1_RS00715	589	356	588	353
VV1_RS00720	14331	5153	14250	5127
VV1_RS00730	19452	6446	19438	6441
VV1_RS00765	688	322	681	301
VV1_RS00770	652	211	655	215
VV1_RS00775	1005	261	1001	256
VV1_RS00780	797	235	795	233
VV1_RS00790	984	628	984	628
VV1_RS00795	1006	516	998	514
VV1_RS00805	532	165	532	165
VV1_RS00830	1530	765	1529	767
VV1_RS00835	38891	9789	38858	9767
VV1_RS00845	3034	1840	3032	1834
VV1_RS00850	1220	1015	1214	1014
VV1_RS00865	218	66	210	64
VV1_RS00885	882	366	858	353
VV1_RS00890	924	326	916	322
VV1_RS00925	7930	4589	8012	4647
VV1_RS00930	7455	2003	7357	1955
VV1_RS00935	23754	3687	23697	3678
VV1_RS00945	870	464	920	476
VV1_RS00950	2235	1143	2160	1100
VV1_RS00975	2439	1290	2439	1291
VV1_RS00985	1146	587	1127	579
VV1_RS00995	13913	4492	13885	4480
VV1_RS01005	37003	17067	36842	16969
VV1_RS01020	43244	13092	43238	13091
VV1_RS01080	18577	3600	17621	3475
VV1_RS01085	63816	18429	63834	18437
VV1_RS01110	6501	1990	6890	2423
VV1_RS01115	6533	5113	6311	4449
VV1_RS01155	4361	875	4252	827
VV1_RS01180	2880	326	2861	324
VV1_RS01195	5023	1003	5011	1002
VV1_RS01200	5390	1532	5393	1532
VV1_RS01210	1342	389	1342	389
VV1_RS01235	156	57	167	62
UBIF	287	88	277	80
VV1_RS01330	1856	576	1862	584
VV1_RS01335	2228	674	2211	665
VV1_RS01345	2187	546	2035	500
VV1_RS01390	238	94	237	93
VV1_RS01395	701	173	693	171
VV1_RS01400	1154	634	1154	631
VV1_RS01415	920	219	917	219
VV1_RS01435	619	331	611	330
VV1_RS01440	852	269	840	258
VV1_RS01460	221	56	220	56
VV1_RS01470	281	79	243	70
VV1_RS01485	399	164	398	162
VV1_RS01490	10709	2439	10742	2438
VV1_RS01495	117199	54166	113877	52053
VV1_RS01505	52	14	52	14
VV1_RS01510	348	132	348	133
VV1_RS01520	310	172	307	171
VV1_RS01525	209	109	210	112
VV1_RS01530	768	305	731	293
VV1_RS01540	5934	2173	5948	2175
VV1_RS01550	3380	1351	3348	1332
VV1_RS01555	2641	1237	2613	1212
VV1_RS01565	142	64	141	62
VV1_RS01580	9313	2475	8595	2320
VV1_RS01585	1513	230	1517	233
VV1_RS01625	59	26	98	42
VV1_RS01630	790	518	790	518
VV1_RS01640	18637	4608	18627	4604
VV1_RS01655	1346	366	1322	364
VV1_RS01660	582	255	589	263
VV1_RS01670	599	165	597	165
VV1_RS01675	1444	398	1198	310
VV1_RS01685	1222	309	1280	338
VV1_RS01715	464	209	458	199
VV1_RS01730	396	169	389	165
VV1_RS01745	349	70	372	70
VV1_RS01760	10481	4755	14792	5758
VV1_RS01955	3455	2015	3450	2009
VV1_RS01975	64	34	62	34
VV1_RS01985	92	53	83	50
VV1_RS01990	62	20	75	24
VV1_RS01995	697	292	704	289
VV1_RS02000	63	23	79	31
VV1_RS02005	1216	276	1208	275
VV1_RS02010	38035	8463	37960	8434
VV1_RS02015	1075	441	1031	432
VV1_RS02020	1631	449	1617	442
VV1_RS02025	244937	119125	244928	119114
VV1_RS02035	2148	625	2147	625
VV1_RS02045	864	245	857	246
VV1_RS02060	6920	3986	6840	3977
VV1_RS02065	1105	487	1093	477
VV1_RS02075	742	382	730	376
VV1_RS02080	938	422	938	422
VV1_RS02095	6226	2515	6210	2513
VV1_RS02100	186	60	186	59
VV1_RS02110	2520	928	2520	928
VV1_RS02145	11570	4177	10733	3598
VV1_RS02155	1335	217	1289	233
VV1_RS02160	318	409	324	425
VV1_RS02190	1097	474	1093	471
VV1_RS02200	3399	4082	3206	3469
VV1_RS02205	2562	4836	2738	5113
VV1_RS02210	1154	557	1038	513
VV1_RS02215	13187	3933	13178	3932
VV1_RS02225	22948	7199	21825	7004
VV1_RS02240	444	146	448	145
VV1_RS02250	1314	588	1310	587
VV1_RS02255	2080	853	2077	852
VV1_RS02265	3869	1861	3737	1781
VV1_RS02270	22229	5622	21062	5432
VV1_RS02275	13434	3472	13420	3461
VV1_RS02280	736	238	733	237
VV1_RS02290	4366	1030	4362	1026
VV1_RS02300	643	149	638	149
VV1_RS02345	4289	1357	4203	1323
VV1_RS02360	2505	1191	1866	1159
PHEA	384	140	383	141
VV1_RS02385	4789	2050	4787	2049
VV1_RS02390	10400	1575	10381	1568
VV1_RS02400	837	344	830	340
VV1_RS02410	1430	1240	1428	1240
VV1_RS02415	159	124	158	123
VV1_RS02425	2352	848	2703	940
VV1_RS02440	1213	260	1201	260
VV1_RS02445	489	151	489	151
VV1_RS02450	115	42	115	41
VV1_RS02480	1274	728	1323	736
VV1_RS02500	347	107	273	93
VV1_RS02505	2548	945	2546	944
VV1_RS02515	373	232	373	231
VV1_RS02520	411	160	410	160
VV1_RS02525	3297	1715	3295	1706
VV1_RS02535	2881	935	2840	886
VV1_RS02545	2198	1526	2198	1526
VV1_RS02555	11728	4102	11729	4101
VV1_RS02565	974	325	973	324
VV1_RS02570	456	391	449	388
VV1_RS02575	1089	430	1017	412
VV1_RS02590	158	42	178	49
VV1_RS02595	239	108	362	166
VV1_RS02600	294	149	287	144
VV1_RS02605	1217	990	1206	983
VV1_RS02610	517	245	428	201
VV1_RS02625	1796	818	1779	816
VV1_RS02630	898	470	893	467
VV1_RS02640	4983	1725	4934	1710
VV1_RS02645	3089	1769	3086	1768
VV1_RS02670	4673	2162	4651	2152
VV1_RS02680	7826	3476	7814	3472
VV1_RS02685	1807	653	1804	649
VV1_RS02690	200	98	200	97
VV1_RS02720	1197	410	1164	392
VV1_RS02730	63	63	62	63
VV1_RS02735	40	16	50	23
VV1_RS02740	138	75	172	86
VV1_RS02745	108	17	143	26
VV1_RS02760	391	100	391	99
VV1_RS02765	816	356	814	355
VV1_RS02790	65268	21260	65229	21250
VV1_RS02800	6163	2937	6163	2937
VV1_RS02815	360	192	468	248
MURF	943	290	933	291
VV1_RS02840	150	65	152	69
VV1_RS02855	8326	3302	8197	3242
VV1_RS02860	3748	2235	3745	2231
VV1_RS02890	8394	4573	8382	4566
VV1_RS02895	8202	3642	7965	3521
VV1_RS02915	3644	3286	3640	3272
VV1_RS02925	1033	382	961	352
VV1_RS02930	405	180	392	174
VV1_RS02935	1041	308	1022	301
VV1_RS02940	429	153	419	151
VV1_RS02950	1847	752	1840	749
NUDF	1014	317	1004	314
VV1_RS02970	3213	1566	3174	1537
VV1_RS02975	3226	1778	3205	1775
VV1_RS02980	16067	7076	15475	6883
VV1_RS02985	2769	1301	9972	5434
VV1_RS02990	2957	1230	2963	1233
VV1_RS02995	6395	1396	6415	1417
VV1_RS03000	696	140	696	140
VV1_RS03005	188	79	187	79
VV1_RS03035	3076	1587	2983	1560
VV1_RS03045	3517	989	3508	983
VV1_RS03065	19501	5103	19168	4968
VV1_RS03075	2880	1138	2871	1139
VV1_RS03080	602	172	639	176
VV1_RS03085	1079	309	1138	319
VV1_RS03090	8307	20552	8275	20332
VV1_RS03095	6527	6674	6632	6690
VV1_RS03105	4104	4164	4096	4154
VV1_RS03110	3445	3708	3437	3689
VV1_RS03115	13059	4358	11422	3318
VV1_RS03120	499	232	499	232
VV1_RS03130	3028	859	3025	863
VV1_RS03140	4249	3471	4229	3453
VV1_RS03145	1304	340	1293	334
VV1_RS03155	100	47	99	46
VV1_RS03165	306	104	270	97
VV1_RS03170	2703	1128	2698	1123
VV1_RS03175	3445	917	3445	912
VV1_RS03180	2362	701	2324	690
VV1_RS03190	1053	220	954	184
VV1_RS03200	2817	1406	2739	1367
VV1_RS03205	5462	1376	5519	1382
VV1_RS03260	1394	787	1398	792
VV1_RS03265	11993	9832	12085	9826
VV1_RS03275	2955	973	2794	895
VV1_RS03280	6398	2378	6218	2322
VV1_RS03290	359	92	358	92
VV1_RS03295	2829	717	2827	715
VV1_RS03310	6511	1855	6430	1826
VV1_RS03320	1448	541	1445	540
VV1_RS03325	4254	980	4236	977
VV1_RS03330	442	180	409	158
VV1_RS03335	5343	1327	5308	1314
VV1_RS03355	797	397	787	394
VV1_RS03360	86555	33827	86358	33721
VV1_RS03375	1232	1008	1468	1119
VV1_RS03385	2089	652	2069	643
VV1_RS03400	121	51	121	51
VV1_RS03415	22352	6265	21567	5939
VV1_RS03420	132547	17128	130924	16670
VV1_RS03425	8600	2852	8734	2897
VV1_RS03450	1288	510	1288	509
VV1_RS03455	6745	2525	6758	2533
VV1_RS03475	862	147	1012	174
VV1_RS03480	300	114	298	114
VV1_RS03485	607	327	603	325
VV1_RS03495	3328	3136	3037	2981
VV1_RS03500	1548	405	1521	402
VV1_RS03505	4761	1005	4764	1014
VV1_RS03515	10356	2000	10353	1989
VV1_RS03520	4079	978	3925	958
VV1_RS03540	646	382	864	472
VV1_RS03565	11954	3450	11952	3449
VV1_RS03775	2095	1379	8311	3063
VV1_RS03850	676	181	688	183
VV1_RS03915	3971	2066	3575	1797
VV1_RS03930	177	79	166	80
VV1_RS03945	2370	707	2361	701
VV1_RS03950	1233	492	991	429
VV1_RS03965	397	209	458	242
VV1_RS03990	8461	5535	8415	5510
VV1_RS03995	777	306	757	303
VV1_RS04020	645	236	627	218
VV1_RS04025	48	18	45	18
VV1_RS04045	5498	3066	7343	3811
VV1_RS04050	12636	6576	8689	4396
VV1_RS04055	2557	575	2355	507
VV1_RS04060	2862	853	2844	849
VV1_RS04070	442	673	416	558
VV1_RS04075	588	932	585	918
VV1_RS04090	428	657	426	657
VV1_RS04095	544	558	544	551
VV1_RS04110	1158	455	1178	472
VV1_RS04115	29	13	27	13
VV1_RS04120	1203	741	1170	718
VV1_RS04125	202	67	198	68
VV1_RS04155	194	53	298	102
VV1_RS04175	25689	6920	23584	6408
VV1_RS04180	361	186	355	184
VV1_RS04190	488	187	485	185
VV1_RS04195	543	539	538	532
VV1_RS04200	267	324	264	321
VV1_RS04210	396	470	423	485
VV1_RS04220	197	189	193	196
VV1_RS04225	332	298	328	293
VV1_RS04235	975	710	1136	958
VV1_RS04250	29454	18103	29204	18023
VV1_RS04260	1700	354	1685	352
VV1_RS04275	7469	6745	7469	6733
VV1_RS04285	778	207	776	207
GLNG	3480	2250	8632	3101
VV1_RS04310	28873	12922	33222	14235
VV1_RS04315	418	163	414	150
VV1_RS04330	3788	955	3745	946
VV1_RS04335	4229	1992	4229	1992
VV1_RS04345	2530	1124	2488	1091
VV1_RS04350	421	197	424	197
VV1_RS04355	1099	557	1098	574
VV1_RS04360	917	380	923	394
VV1_RS04380	1223	486	1216	486
VV1_RS04395	6989	1424	7048	1431
VV1_RS04400	55327	9986	55146	9944
VV1_RS04495	5788	4768	5789	4759
VV1_RS04510	6044	4108	6056	4125
VV1_RS04515	2335	1666	2333	1650
VV1_RS04520	137	75	137	74
VV1_RS04530	2809	381	2803	378
VV1_RS04535	334	114	326	110
VV1_RS04540	329	85	326	85
VV1_RS04545	97	30	88	25
VV1_RS04560	136	34	266	66
VV1_RS04565	41	8	41	8
VV1_RS04580	82	74	79	72
VV1_RS04585	53	45	55	45
VV1_RS04590	624	398	620	394
VV1_RS04610	25	5	24	5
VV1_RS04620	1076	571	1073	571
VV1_RS04680	295	229	341	227
VV1_RS04685	320	209	318	206
VV1_RS04700	1115	585	1116	585
VV1_RS04705	460	317	451	308
VV1_RS04770	1115	436	1114	424
VV1_RS04780	1575	515	1915	558
VV1_RS04785	1228	380	1110	355
VV1_RS04790	514	155	509	151
VV1_RS04805	761	343	736	329
VV1_RS04830	2009	595	2008	595
VV1_RS04835	2496	927	2492	927
VV1_RS04845	5735	3799	5733	3800
VV1_RS04865	8487	7434	8214	7386
VV1_RS04870	2902	1378	2895	1372
VV1_RS04875	9519	3143	9520	3145
VV1_RS04890	480	189	578	216
VV1_RS04895	22116	9438	21902	9371
VV1_RS04900	814	369	804	364
VV1_RS04905	355	73	355	73
VV1_RS04910	447	213	442	205
VV1_RS04915	2103	1010	2094	996
VV1_RS04920	1248	560	1238	541
VV1_RS04930	1131	612	1118	588
VV1_RS04945	496	188	486	178
VV1_RS04950	1201	280	1176	274
VV1_RS04955	619	430	613	428
VV1_RS04960	1829	799	1789	762
VV1_RS04970	12195	6339	12066	6263
VV1_RS04975	1451	664	1344	516
VV1_RS04980	384	197	354	180
VV1_RS04990	1216	5060	1212	5057
VV1_RS05005	451	239	455	239
VV1_RS05010	8130	1120	8092	1096
VV1_RS05025	491	152	434	130
VV1_RS05040	727	239	717	235
VV1_RS05105	191	141	179	136
VV1_RS05110	2202	1172	2207	1171
VV1_RS05120	6118	1452	5971	1421
VV1_RS05125	4192	1217	4108	1180
VV1_RS05135	557	553	528	542
VV1_RS05170	12934	3287	13918	3787
VV1_RS05175	18511	4236	18396	4221
VV1_RS05180	2411	522	2410	522
VV1_RS05185	3168	873	3144	863
VV1_RS05200	50	53	50	53
VV1_RS05220	1747	650	1748	650
VV1_RS05225	18598	4527	17321	4306
VV1_RS05230	3542	535	3566	543
VV1_RS05235	1536	433	1462	434
VV1_RS05240	589	92	574	85
VV1_RS05250	922	164	921	161
VV1_RS05255	243	66	231	64
VV1_RS05275	6461	1496	6376	1478
VV1_RS05280	1964	1158	1880	1142
VV1_RS05285	15560	3704	15332	3645
VV1_RS05295	3171	960	3158	951
VV1_RS05300	2989	1799	2921	1694
VV1_RS05310	10225	3890	9898	3724
VV1_RS05330	433	171	368	154
VV1_RS05335	616	357	596	348
VV1_RS05340	542	324	509	284
VV1_RS05370	2033	929	2032	930
VV1_RS05380	258	210	238	175
VV1_RS05390	564	255	469	240
VV1_RS05400	444	178	441	175
VV1_RS05415	672	330	671	329
VV1_RS05420	854	324	852	324
VV1_RS05430	1416	428	1413	425
VV1_RS05440	145	74	145	74
VV1_RS05450	374	205	361	204
VV1_RS05470	415	186	417	186
VV1_RS05495	847	443	778	428
VV1_RS05500	155	58	155	58
VV1_RS05505	827	321	819	318
VV1_RS05510	1894	683	1890	681
VV1_RS05520	747	480	747	480
VV1_RS05540	165	47	142	37
VV1_RS05545	13020	6186	13021	6185
VV1_RS05550	831	334	827	333
VV1_RS05555	3397	2864	3430	2850
VV1_RS05560	896	539	896	538
VV1_RS05570	4046	983	3901	961
VV1_RS05580	293	104	266	91
VV1_RS05585	192	62	192	62
VV1_RS05655	1251	596	1250	596
VV1_RS05660	712	383	709	378
VV1_RS05725	18343	3080	18682	3126
VV1_RS05745	215	84	215	83
VV1_RS05760	864	459	881	464
VV1_RS05770	986	299	984	298
VV1_RS05780	3092	2580	3069	2565
VV1_RS05785	888	214	877	207
VV1_RS05800	1338	681	1327	662
VV1_RS05810	976	219	976	219
VV1_RS05820	997	289	989	287
VV1_RS05835	4742	3369	4582	3292
VV1_RS05840	426	319	443	319
VV1_RS05845	2002	1144	1986	1138
VV1_RS05850	226	52	211	46
VV1_RS05855	3413	918	3407	915
VV1_RS05875	15126	18146	15057	18059
VV1_RS05885	369	226	364	224
VV1_RS05890	4539	2456	4487	2428
VV1_RS05900	752	238	646	200
VV1_RS05930	5403	3036	5405	3028
VV1_RS05950	140	23	148	25
VV1_RS05975	259	83	259	82
VV1_RS05985	979	727	874	671
VV1_RS06000	3100	563	3093	566
VV1_RS06005	18855	6557	18378	6323
VV1_RS06010	726	113	951	149
VV1_RS06020	5751	1453	5747	1453
VV1_RS06025	340	360	329	340
VV1_RS06030	567	167	579	168
VV1_RS06035	394	320	429	333
VV1_RS06060	7845	2484	8247	2761
VV1_RS06065	421	319	417	319
VV1_RS06070	1006	650	987	640
VV1_RS06080	4842	2685	4837	2684
VV1_RS06135	619	215	632	226
VV1_RS06145	1530	643	1529	642
VV1_RS06165	6791	1961	6776	1948
VV1_RS06170	19070	3619	18984	3589
VV1_RS06175	17242	3957	17202	3941
VV1_RS06185	2223	793	2221	791
VV1_RS06190	12316	7380	12204	7352
VV1_RS06195	400	185	393	179
VV1_RS06205	372	154	351	142
VV1_RS06210	36813	12908	36550	12840
VV1_RS06215	3614	1576	3580	1555
VV1_RS06220	250	119	242	114
VV1_RS06225	1028	469	1026	468
VV1_RS06230	341	117	325	116
VV1_RS06250	33032	25144	33011	25111
VV1_RS06260	23891	30300	22915	29784
VV1_RS06265	2090	1004	2090	1004
VV1_RS06270	1840	998	1776	959
VV1_RS06280	3251	1853	3207	1807
VV1_RS06290	10248	2528	10246	2524
VV1_RS06300	4732	2328	4632	2289
VV1_RS06315	453	189	446	186
VV1_RS06325	744	268	749	272
VV1_RS06330	5384	2713	5380	2709
VV1_RS06335	2834	1301	2831	1297
VV1_RS06385	1604	512	1554	503
VV1_RS06410	1493	1426	1507	1459
VV1_RS06430	970	337	912	308
VV1_RS06450	6488	3091	6466	3087
VV1_RS06465	998	431	997	425
VV1_RS06475	722	362	607	289
VV1_RS06490	11988	3505	11980	3499
VV1_RS06495	2113	1158	2109	1154
VV1_RS06500	1504	693	1492	685
VV1_RS06510	137	61	103	55
VV1_RS06515	617	307	561	274
VV1_RS06520	441	206	431	202
VV1_RS06530	5902	1596	5764	1546
VV1_RS06535	4233	2884	4223	2868
VV1_RS06540	630	410	639	410
VV1_RS06560	620	263	613	260
VV1_RS06575	10781	3766	10773	3765
VV1_RS06580	1473	295	1470	296
VV1_RS06585	331	141	331	139
VV1_RS06610	831	283	854	297
VV1_RS06615	2519	1175	2507	1159
VV1_RS06625	1070	268	1070	269
VV1_RS06650	566	222	566	220
VV1_RS06660	895	299	900	299
CYSJ	5186	1376	5106	1347
VV1_RS06675	6051	1230	5760	1198
VV1_RS06680	6523	1900	6289	1721
VV1_RS06715	90897	24982	90394	24768
VV1_RS06720	36342	10049	35711	9855
VV1_RS06725	13936	4642	14132	4692
VV1_RS06735	395	119	391	119
VV1_RS06740	1935	1364	1929	1361
VV1_RS06745	3133	2511	3116	2484
VV1_RS06755	24921	2717	24928	2718
VV1_RS06760	2885	2188	2882	2187
VV1_RS06770	18034	4335	21574	5145
VV1_RS06780	7891	2473	7890	2462
VV1_RS06790	26765	9438	26483	9328
VV1_RS06795	26246	7640	26517	7826
VV1_RS06800	16089	4167	15950	4106
VV1_RS06805	15176	4148	14895	4076
VV1_RS06810	8218	2320	8186	2307
VV1_RS06855	2272	866	2258	853
VV1_RS06860	166	55	166	55
VV1_RS06875	2657	946	2622	941
VV1_RS06880	6722	1391	6764	1400
VV1_RS06885	4055	756	4026	752
TLDD	12357	7758	12266	7741
VV1_RS06895	298938	116410	289633	114779
VV1_RS06905	402	87	399	88
VV1_RS06930	207	66	206	64
VV1_RS06935	6128	2913	6054	2894
VV1_RS06945	361	222	361	222
VV1_RS06960	542	231	545	229
VV1_RS06965	627	320	615	317
VV1_RS06980	3894	848	3898	849
VV1_RS06985	1036	466	1026	462
VV1_RS06990	1065	518	1067	514
VV1_RS07005	466	329	467	327
VV1_RS07015	104	22	104	27
VV1_RS07025	460	205	462	207
VV1_RS07030	732	306	731	301
VV1_RS07035	1598	815	1580	798
VV1_RS07045	15724	3590	15728	3591
VV1_RS07090	25093	5621	25050	5606
VV1_RS07095	27023	6818	26903	6743
VV1_RS07150	609	162	596	160
VV1_RS07160	924	712	895	662
VV1_RS07170	285	144	284	144
VV1_RS07175	246	84	247	84
VV1_RS07180	2089	764	2064	760
VV1_RS07185	1540	515	1536	511
VV1_RS07205	371	173	369	161
VV1_RS07210	485	279	616	391
VV1_RS07215	44337	16321	43386	16117
VV1_RS07220	13810	3061	13760	3059
VV1_RS07235	18139	6476	18105	6458
VV1_RS07240	343	173	344	178
VV1_RS07250	754	349	739	338
VV1_RS07260	60695	16495	59921	16308
VV1_RS07265	6141	1678	6123	1670
GAPA	657	316	681	308
VV1_RS07290	5002	1093	5003	1092
VV1_RS07295	3156	1266	3101	1233
VV1_RS07300	303	83	321	89
VV1_RS07305	855	344	840	341
VV1_RS07310	5903	1203	5884	1196
VV1_RS07320	230	125	216	129
VV1_RS07340	262	96	263	96
VV1_RS07345	717	501	714	500
VV1_RS07375	1587	944	1409	634
VV1_RS07385	2892	1046	2875	1043
VV1_RS07400	872	257	871	256
VV1_RS07405	447	113	1083	174
VV1_RS07425	3026	1516	3016	1512
VV1_RS07435	19464	11968	19276	11865
VV1_RS07445	13119	4664	13091	4644
RELA	3831	1678	3756	1644
VV1_RS07510	206115	92434	232106	106954
VV1_RS07515	220835	158655	207276	134005
VV1_RS07520	2023	972	1973	962
VV1_RS07600	1169	495	1155	491
VV1_RS07605	899	341	898	341
VV1_RS07610	15789	5330	15523	5242
VV1_RS07620	26292	9651	26296	9651
VV1_RS07630	5457	2091	5408	2072
VV1_RS07640	337	118	357	127
VV1_RS07645	3299	2300	3247	2267
VV1_RS07650	1895	581	1833	559
VV1_RS07680	2352	1403	2343	1400
VV1_RS07690	295	142	243	116
VV1_RS07695	148	92	168	93
VV1_RS07735	3478	1118	3464	1112
VV1_RS07740	10327	4057	9857	3918
VV1_RS07750	751	545	471	306
VV1_RS07755	274	108	255	104
VV1_RS07760	216	77	213	77
VV1_RS07765	91	45	82	44
VV1_RS07785	1073	695	1005	663
VV1_RS07790	343	162	338	158
VV1_RS07800	11355	3558	11357	3557
VV1_RS07810	1226	303	1227	303
VV1_RS07820	12927	4020	12156	3756
VV1_RS07830	132	33	132	33
VV1_RS07835	183	126	177	126
VV1_RS07850	2951	705	2033	446
VV1_RS07855	5081	4581	4848	4477
VV1_RS07860	347	307	344	306
VV1_RS07865	290	118	286	118
VV1_RS07870	814	443	749	427
VV1_RS07875	1003	419	985	420
VV1_RS07880	621	266	609	256
VV1_RS07885	186	107	184	105
VV1_RS07895	427	353	425	348
VV1_RS07900	364	117	362	116
VV1_RS07905	876	97	879	98
VV1_RS07910	452	103	452	103
VV1_RS07915	3658	1593	3658	1591
VV1_RS07920	1396	617	1408	619
VV1_RS07930	1050	767	1036	760
VV1_RS07935	416	215	591	254
VV1_RS07945	6197	1138	6171	1130
VV1_RS07950	17856	3310	17300	3222
VV1_RS07955	553	280	540	278
VV1_RS07960	570	355	552	350
VV1_RS07970	1539	766	1603	772
HFLB	36832	11657	36793	11644
FOLP	537	253	525	246
VV1_RS08070	96	45	131	46
VV1_RS08090	7040	3160	7021	3145
VV1_RS08095	2582	1968	2507	1874
VV1_RS08110	314	82	311	79
VV1_RS08115	115	32	114	29
VV1_RS08120	1601	1488	1599	1487
VV1_RS08145	46504	14383	46177	14300
VV1_RS08150	2625	975	2618	971
VV1_RS08160	2119	1156	3075	1623
VV1_RS08165	12092	3351	10122	2806
VV1_RS08170	13402	2692	13394	2688
VV1_RS08180	6065	1660	5834	1590
VV1_RS08190	574	145	572	143
VV1_RS08200	11850	6061	11781	6013
VV1_RS08205	1232	495	1247	499
VV1_RS08210	6254	2711	5971	2567
VV1_RS08215	1352	658	1350	658
VV1_RS08220	2017	484	2009	481
VV1_RS08240	61204	36033	60062	35345
VV1_RS08245	13561	14452	13354	14166
VV1_RS08270	3778	726	3379	670
VV1_RS08275	8328	2029	8318	2031
VV1_RS08285	6175	1129	7397	1509
VV1_RS08300	15268	3936	15182	3905
VV1_RS08305	9464	1832	9321	1810
VV1_RS08310	5445	1591	5334	1548
VV1_RS08315	4737	990	4678	843
VV1_RS08320	33005	9467	23694	6109
VV1_RS08325	141	50	128	44
VV1_RS08330	965	346	953	345
VV1_RS08335	2087	590	2072	589
VV1_RS08345	187	41	182	41
VV1_RS08350	794	264	713	247
VV1_RS08375	623	439	536	374
VV1_RS08380	613	481	592	439
VV1_RS08385	261	165	245	140
VV1_RS08395	34130	15145	33814	14950
VV1_RS08400	3307	957	3357	980
VV1_RS08425	746	454	744	451
VV1_RS08430	3384	2787	3378	2783
VV1_RS08435	876	545	864	542
VV1_RS08445	1964	1376	1944	1342
VV1_RS08455	1254	1104	1222	1087
VV1_RS08460	561	224	614	241
VV1_RS08470	76	54	74	54
VV1_RS08475	156	67	156	67
VV1_RS08480	947	341	947	339
VV1_RS08505	4216	698	4433	728
VV1_RS08520	547	80	544	79
VV1_RS08575	107023	25421	95725	22607
VV1_RS08580	4164	1622	5603	2353
VV1_RS08595	1612	708	1906	793
VV1_RS08605	3890	889	3834	871
VV1_RS08610	1761	282	1788	283
VV1_RS08615	839	120	837	120
VV1_RS08620	854	365	854	366
VV1_RS08630	3083	599	3081	599
VV1_RS08635	415	301	411	299
VV1_RS08645	5514	2107	5484	2081
VV1_RS08650	3695	1033	3683	1032
VV1_RS08655	600	292	540	270
VV1_RS08660	792	378	800	386
VV1_RS08665	1838	412	1806	390
VV1_RS08670	7522	3588	7122	3461
VV1_RS08685	1148	1837	1109	1760
VV1_RS08690	687	244	677	242
VV1_RS08695	185	153	183	151
VV1_RS08705	181	43	199	47
VV1_RS08760	171	69	160	57
VV1_RS08770	293	133	271	96
VV1_RS08780	1841	1273	1824	1261
VV1_RS08785	531	172	529	172
VV1_RS08810	694	353	712	358
VV1_RS08815	266	107	262	107
VV1_RS08820	197	118	197	118
VV1_RS08825	2884	2584	2856	2565
VV1_RS08830	4249	2230	4383	2392
VV1_RS08850	877	188	877	189
VV1_RS08870	865	303	865	303
VV1_RS08875	245	165	314	189
VV1_RS08890	1235	238	1233	238
VV1_RS08895	732	331	728	330
VV1_RS08900	451	172	417	160
VV1_RS08905	1766	1187	1787	1195
VV1_RS08910	2912	1114	2860	1101
VV1_RS08920	817	927	816	927
VV1_RS08925	4221	2271	4200	2262
VV1_RS08930	1557	850	1555	852
VV1_RS08935	3651	1779	3636	1785
VV1_RS08940	3034	549	3356	696
VV1_RS08970	1443	405	1369	387
VV1_RS08980	805	216	804	210
VV1_RS08990	923	276	912	276
VV1_RS08995	1206	755	1182	752
VV1_RS09015	4452	1532	4461	1548
VV1_RS09025	2564	848	2425	803
VV1_RS09045	1705	735	1699	735
VV1_RS09055	258	154	242	136
VV1_RS09060	1407	622	1401	619
VV1_RS09095	3178	357	3164	356
VV1_RS09100	14203	6922	14106	6884
VV1_RS09105	362718	144936	364017	145553
VV1_RS09110	54910	30093	54841	30050
VV1_RS09135	3190	1058	3171	1056
VV1_RS09140	4435	3628	4424	3622
VV1_RS09145	3265	1162	3217	1144
VV1_RS09235	15701	3846	15649	3759
VV1_RS09250	30142	12085	24676	9797
VV1_RS09255	42965	16441	42574	16346
VV1_RS09260	7917	2018	7709	1971
VV1_RS09265	11868	4606	11852	4588
VV1_RS09270	34239	10048	34200	10025
VV1_RS09285	999	442	999	445
VV1_RS09290	1932	371	1926	370
VV1_RS09295	781	183	782	183
VV1_RS09310	1528	386	1525	382
VV1_RS09325	883	243	869	239
VV1_RS09330	622	385	609	377
VV1_RS09335	530	191	470	163
VV1_RS09340	40779	7462	40553	7418
VV1_RS09345	2171	825	2165	825
VV1_RS09365	76482	29028	76232	28949
VV1_RS09380	2235	1007	2232	1006
VV1_RS09385	2744	1392	2744	1391
VV1_RS09390	80	22	80	22
VV1_RS09410	2286	784	2282	780
VV1_RS09420	1869	440	1848	437
VV1_RS09435	1227	332	1364	436
VV1_RS09440	365	150	365	151
VV1_RS09455	300	171	298	169
VV1_RS09460	2556	1466	2507	1437
VV1_RS09465	136254	46963	137628	47428
VV1_RS09500	172	51	153	48
VV1_RS09505	2585	1452	2577	1449
VV1_RS09510	762	333	726	328
VV1_RS09515	446	167	446	171
VV1_RS09545	59	20	61	28
VV1_RS09565	70	17	70	17
VV1_RS09695	204	94	209	102
VV1_RS09705	8292	2347	8142	2309
VV1_RS09720	327	89	310	89
VV1_RS09725	18432	6089	18082	5986
VV1_RS09740	14952	4110	14347	3974
VV1_RS09745	316	207	314	207
VV1_RS09750	8920	4196	8821	4129
VV1_RS09760	685	317	787	378
VV1_RS09775	3536	1580	3491	1558
VV1_RS09785	510	254	490	234
VV1_RS09795	851	483	835	482
VV1_RS09800	4158	1854	4140	1849
VV1_RS09810	388	281	406	315
VV1_RS09815	245	192	239	187
VV1_RS09820	234	117	236	120
VV1_RS09830	622	736	641	741
VV1_RS09835	424	213	424	213
VV1_RS09850	166	80	164	80
VV1_RS09855	3854	1400	3787	1364
VV1_RS09860	496819	236004	480533	228618
VV1_RS09865	734277	210575	732067	209714
VV1_RS09870	966927	417875	967050	417849
VV1_RS09880	1808	428	1795	428
VV1_RS09890	18307	6142	18188	6105
VV1_RS09895	1643	604	1581	562
VV1_RS09900	6704	2077	6703	2064
VV1_RS09905	4551	1279	4363	1255
VV1_RS09915	16234	6136	17112	6547
VV1_RS09920	24943	8824	22798	8256
VV1_RS09925	3923	2308	3928	2307
VV1_RS09930	1534	1150	1506	1139
VV1_RS09940	552	177	546	174
VV1_RS09945	6944	4332	6933	4328
VV1_RS09960	135	89	135	89
VV1_RS09975	964	395	963	395
VV1_RS09980	2173	1160	2171	1160
VV1_RS09985	4908	1905	4896	1898
VV1_RS10010	14191	3894	8935	2688
VV1_RS10025	797	410	787	397
VV1_RS10050	2321	868	2581	951
VV1_RS10060	369	113	452	135
VV1_RS10070	1049	240	1052	240
VV1_RS10080	2047	427	2048	427
VV1_RS10085	1454	328	1455	327
VV1_RS10090	923	931	923	924
VV1_RS10095	694	413	693	412
VV1_RS10100	988	458	987	458
VV1_RS10110	657	357	643	342
VV1_RS10125	698	175	605	159
VV1_RS10130	853	296	845	294
VV1_RS10135	1372	713	1365	709
VV1_RS10140	241	110	249	118
VV1_RS10145	132	116	1929	1165
VV1_RS10150	687	447	671	425
VV1_RS10165	960	882	957	879
VV1_RS10180	3476	915	3423	897
VV1_RS10185	1104	225	1101	224
VV1_RS10205	918	401	917	403
VV1_RS10215	724	376	725	377
VV1_RS10230	1979	973	2062	997
VV1_RS10235	1233	460	1227	448
VV1_RS10240	99	47	102	47
VV1_RS10255	148	61	147	60
VV1_RS10265	32824	16109	32621	15882
VV1_RS10360	380	282	306	217
VV1_RS10365	291	93	278	94
VV1_RS10370	2399	1389	2068	950
VV1_RS10375	76	26	73	27
VV1_RS10380	213	115	224	122
VV1_RS10390	316	171	287	146
VV1_RS10395	3294	1643	3231	1550
VV1_RS10400	346	148	412	386
VV1_RS10405	1536	1063	1441	1011
VV1_RS10410	420	157	423	156
VV1_RS10415	33710	15348	33391	15090
VV1_RS10420	6841	2100	6910	2069
VV1_RS10425	40	13	36	14
VV1_RS10435	759	229	747	226
VV1_RS10445	1255	459	1173	444
VV1_RS10450	1484	546	1483	546
VV1_RS10460	2271	1129	2176	1098
VV1_RS10465	730	324	699	314
VV1_RS10470	463	138	463	137
VV1_RS10480	911	240	894	236
VV1_RS10485	47	49	47	49
VV1_RS10490	107	35	106	34
VV1_RS10505	1590	606	1536	578
VV1_RS10520	1806	872	1802	859
VV1_RS10530	401	160	386	148
VV1_RS10535	536	429	535	429
VV1_RS10540	1138	409	1137	409
VV1_RS10550	384	139	372	129
VV1_RS10555	276	123	273	121
VV1_RS10560	186	57	154	49
VV1_RS10570	53428	11563	64228	13473
VV1_RS10575	1234	653	1193	631
VV1_RS10580	2083	707	2066	698
VV1_RS10610	2031	726	2027	723
VV1_RS10625	640	260	637	257
VV1_RS10630	790	226	790	226
VV1_RS10635	2391	1338	2358	1307
VV1_RS10640	5884	2378	5869	2366
VV1_RS10650	60638	17777	57216	16555
VV1_RS10665	4060	1875	4043	1858
VV1_RS10680	442	238	442	238
VV1_RS10685	552	348	552	348
VV1_RS10705	82	47	78	48
VV1_RS10710	79	32	101	45
VV1_RS10720	163	56	163	56
VV1_RS10725	2867	2472	2830	2423
VV1_RS10730	824	352	820	349
VV1_RS10735	15553	4479	15002	4335
VV1_RS10745	17128	8334	16985	8261
VV1_RS10750	23089	6793	23077	6777
VV1_RS10755	965	715	962	712
VV1_RS10760	13854	3966	13752	3904
VV1_RS10765	99	49	99	49
VV1_RS10770	5575	1600	6171	1736
VV1_RS10775	232	88	221	81
VV1_RS10780	2527	1257	2517	1255
VV1_RS10785	207	171	206	171
VV1_RS10790	1837	1224	1838	1208
VV1_RS10800	4542	977	4469	907
VV1_RS10825	205	103	205	103
VV1_RS10830	358	71	353	71
VV1_RS10835	283	131	277	131
VV1_RS10850	328	161	328	161
VV1_RS10870	181	70	183	73
VV1_RS10875	68	23	64	23
VV1_RS10885	337	141	333	141
VV1_RS10895	13383	5980	13249	5905
VV1_RS10900	35432	15687	34452	15273
VV1_RS10910	1593	352	1588	355
VV1_RS10920	85	22	80	22
VV1_RS10925	132	65	127	65
VV1_RS10930	84	39	84	39
VV1_RS10935	208	73	349	84
VV1_RS10955	293	181	319	196
VV1_RS10980	20	20	19	20
VV1_RS10985	115	26	116	26
VV1_RS10995	62	49	61	49
VV1_RS11000	69	21	69	21
VV1_RS11005	39	33	39	33
VV1_RS11010	33	11	36	11
VV1_RS11015	20	6	20	6
VV1_RS11030	130	36	126	36
VV1_RS11040	136	27	135	27
VV1_RS11045	4270	3779	4278	3781
VV1_RS11070	4860	1631	4849	1621
VV1_RS11100	247	119	243	110
VV1_RS11105	449	99	445	105
VV1_RS11115	4844	376	4822	370
VV1_RS11130	457	152	400	131
VV1_RS11140	51	15	51	15
VV1_RS11145	414	130	460	139
VV1_RS11155	112	47	112	45
VV1_RS11160	1660	879	1657	876
VV1_RS11165	18571	5121	18553	5109
VV1_RS11180	537	135	536	135
VV1_RS11185	164	28	155	22
VV1_RS11190	111	43	110	43
VV1_RS11200	2838	1200	2823	1196
VV1_RS11205	776	359	775	357
VV1_RS11215	748	148	659	117
VV1_RS11225	1140	634	1140	634
VV1_RS11230	176	106	177	103
VV1_RS11235	65	21	65	21
VV1_RS11240	22666	5055	22631	5046
VV1_RS11245	3481	1497	3479	1497
VV1_RS11255	2257	833	2258	831
VV1_RS11260	308	272	305	266
VV1_RS11270	22761	12621	20977	11365
VV1_RS11275	10939	6976	10813	6898
VV1_RS11285	1576	627	1564	624
VV1_RS11290	231	137	229	137
VV1_RS11295	1002	357	995	351
THRS	3889	1261	3875	1256
VV1_RS11320	1372	396	1382	399
VV1_RS11675	575	233	613	243
VV1_RS11900	1421	645	1590	754
VV1_RS12160	230	54	228	64
VV1_RS12210	236	105	247	102
VV1_RS12215	2775	1456	2760	1441
VV1_RS12225	29942	11489	29874	11446
VV1_RS12230	830	222	775	197
VV1_RS12235	858	258	857	257
VV1_RS12255	127	41	129	42
VV1_RS12265	948	435	917	420
VV1_RS12275	428	151	420	147
VV1_RS12285	340	245	356	256
VV1_RS12290	166	71	157	62
VV1_RS12295	2738	788	2736	787
VV1_RS12300	480	342	497	356
VV1_RS12305	504	263	485	244
VV1_RS12310	516	131	491	127
VV1_RS12320	357	128	345	125
VV1_RS12330	1488	349	1460	340
VV1_RS12345	1233	318	1120	290
VV1_RS12350	747	173	741	173
VV1_RS12360	2129	421	2082	416
VV1_RS12365	351	78	349	80
VV1_RS12370	422	112	415	112
VV1_RS12395	171	39	167	38
VV1_RS12400	1237	1234	1223	1213
POTD	345	101	1367	299
VV1_RS12430	4920	1370	4921	1371
VV1_RS12435	5763	3000	5728	2984
VV1_RS12440	1967	808	1957	805
VV1_RS12445	1170	461	1152	454
VV1_RS12450	47874	18765	43469	17581
VV1_RS12455	17985	9774	17976	9772
VV1_RS12460	240	90	240	90
VV1_RS12480	1806	581	1805	581
VV1_RS12490	4930	1494	4929	1497
VV1_RS12495	3384	1074	3377	1074
VV1_RS12505	2248	1034	2233	1027
VV1_RS12510	2310	881	2307	877
VV1_RS12515	22524	5511	22491	5501
VV1_RS12535	239	139	239	136
VV1_RS12555	4929	3090	5188	3224
VV1_RS12575	505	158	514	161
VV1_RS12590	20353	6662	20645	6696
VV1_RS12595	16529	4395	16290	4330
VV1_RS12600	27384	4058	27145	3991
VV1_RS12610	10704	2512	10659	2504
VV1_RS12615	970	428	984	441
VV1_RS12620	957	372	930	364
VV1_RS12630	2206	427	2105	404
VV1_RS12635	541	291	538	286
VV1_RS12645	124	57	124	57
VV1_RS12660	190	72	191	72
VV1_RS12670	49	26	44	25
VV1_RS12675	374	121	371	120
VV1_RS12680	98	51	100	51
VV1_RS12685	4407	2682	4395	2667
VV1_RS12690	26986	7514	26904	7465
VV1_RS12695	46090	12228	45974	12202
VV1_RS12710	5054	1349	4862	1304
VV1_RS12720	2539	688	2495	679
VV1_RS12725	587	150	566	144
VV1_RS12730	287	116	285	114
VV1_RS12735	137	38	146	38
VV1_RS12750	99	78	99	77
VV1_RS12780	2140	855	1845	737
VV1_RS12785	1203	546	1159	521
VV1_RS12790	3213	1424	2852	1342
VV1_RS12795	1123	839	1105	828
VV1_RS12800	1667	769	1668	767
VV1_RS12815	223	76	166	71
VV1_RS12820	70	45	70	43
VV1_RS12825	125	70	121	70
VV1_RS12830	640	357	636	356
VV1_RS12835	6506	3496	8650	4321
VV1_RS12845	347	111	347	111
VV1_RS12855	338	213	338	213
VV1_RS12865	103	37	175	45
VV1_RS12880	1439	506	1430	506
VV1_RS12885	160909	44687	138851	39695
VV1_RS12890	4454	1089	4609	1154
VV1_RS12895	5185	949	5185	951
VV1_RS12900	36358	7470	36266	7435
VV1_RS12925	6337	3069	6246	3060
VV1_RS12945	13300	6624	13589	6711
VV1_RS12950	14715	7915	14411	7696
VV1_RS12960	221	105	220	104
VV1_RS12965	211	71	207	71
VV1_RS12970	313	59	313	59
VV1_RS12975	82	72	80	72
VV1_RS12980	136	42	137	41
VV1_RS12985	165	109	165	108
VV1_RS12990	687	439	685	437
VV1_RS13025	15254	5209	14894	5090
VV1_RS13035	6880	2385	6853	2378
VV1_RS13045	636	148	681	150
VV1_RS13055	149	40	144	37
VV1_RS13070	74	14	74	14
VV1_RS13080	1692	647	1690	648
VV1_RS13095	6206	2510	6171	2469
VV1_RS13100	4237	2965	4157	2876
VV1_RS13105	276	78	276	77
VV1_RS13110	15	10	15	10
VV1_RS13115	43	25	35	25
VV1_RS13125	71	14	72	14
VV1_RS13130	4422	1317	4402	1305
VV1_RS13150	567	454	568	453
VV1_RS13165	16915	5533	16886	5521
VV1_RS13170	1651	655	1644	652
VV1_RS13180	3623	814	3598	811
VV1_RS13190	3439	660	3408	658
VV1_RS13195	13770	3423	15760	3745
VV1_RS13200	17462	4028	17421	4000
VV1_RS13205	158	64	136	42
VV1_RS13215	316	152	354	161
VV1_RS13220	389	440	427	537
VV1_RS13245	1039	809	1036	805
VV1_RS13250	182	136	178	135
VV1_RS13265	67	30	65	26
VV1_RS13270	237	107	216	98
VV1_RS13275	1156	378	1151	373
VV1_RS13280	2541	1695	2537	1685
VV1_RS13285	780	663	780	663
VV1_RS13305	5517	3196	5269	3108
VV1_RS13320	177	47	176	47
VV1_RS13340	1552	877	1552	870
VV1_RS13350	2895	694	2886	692
VV1_RS13355	524	183	522	179
VV1_RS13360	386	277	612	512
VV1_RS13365	4333	1347	4315	1331
VV1_RS13370	352	182	350	182
VV1_RS13380	6143	679	6134	677
VV1_RS13385	2145	1149	2160	1140
VV1_RS13390	178	42	174	42
VV1_RS13395	219	94	215	94
VV1_RS13400	489	224	524	237
VV1_RS13405	5304	5869	5323	5895
VV1_RS13430	2082	1205	2075	1200
VV1_RS13435	344	231	344	231
VV1_RS13445	472	200	460	197
VV1_RS13450	9060	4337	9062	4332
VV1_RS13455	22510	2761	22502	2760
VV1_RS13465	719	429	717	429
VV1_RS13470	1394	389	1395	389
VV1_RS13475	15620	5165	14582	4841
VV1_RS13480	1456	476	1443	475
VV1_RS13490	71	49	71	49
VV1_RS13495	423	195	424	194
VV1_RS13500	83	23	83	23
VV1_RS13505	1479	1139	1471	1132
VV1_RS13510	750	315	737	314
VV1_RS13515	36	20	34	19
VV1_RS13520	304	61	311	70
VV1_RS13525	251	73	251	73
VV1_RS13530	92	28	111	36
VV1_RS13540	429	253	453	266
VV1_RS13545	228	215	219	201
VV1_RS13555	290	133	290	132
VV1_RS13560	475	151	475	150
VV1_RS13565	2204	879	2200	874
VV1_RS13585	20467	5179	22155	5591
VV1_RS13590	1418	462	1551	495
VV1_RS13595	1975	433	1644	328
VV1_RS13600	646	171	607	159
VV1_RS13605	172	82	170	82
VV1_RS13610	146	50	141	48
VV1_RS13615	63	34	62	33
VV1_RS13620	26	10	19	7
VV1_RS13625	187	95	187	94
VV1_RS13630	2660	1134	2652	1130
VV1_RS13635	20858	10068	20226	9574
VV1_RS13645	820	418	781	404
VV1_RS13655	12487	2241	12398	2223
VV1_RS13665	22173	5654	22059	5445
VV1_RS13680	3962	1726	3961	1722
VV1_RS13685	685	286	669	276
VV1_RS13690	5130	1836	4264	1683
VV1_RS13695	2265	654	2244	650
VV1_RS13700	270	152	655	267
VV1_RS13705	2255	584	1848	456
VV1_RS13710	1033	393	1101	443
VV1_RS13725	756	270	771	269
VV1_RS13745	4056	2684	3982	2619
VV1_RS13755	5580	987	5564	985
VV1_RS13760	3669	796	3447	722
VV1_RS13770	371	182	317	160
VV1_RS13775	192	55	192	55
VV1_RS13780	1064	406	1062	403
VV1_RS13795	1075	663	917	630
VV1_RS13825	136	63	136	63
VV1_RS13830	745	214	740	214
VV1_RS13840	815	274	766	252
VV1_RS13845	321	126	253	109
VV1_RS13850	771	515	768	511
VV1_RS13860	531	318	528	317
VV1_RS13865	946	446	945	442
VV1_RS13880	693	171	757	191
VV1_RS13890	1647	615	1560	590
VV1_RS13905	1557	545	1526	540
VV1_RS13910	5017	1890	4982	1880
VV1_RS13930	325253	122524	316842	119430
VV1_RS13935	73925	28819	73914	28939
VV1_RS13955	838	244	834	242
VV1_RS13965	180	40	180	40
VV1_RS13975	468	189	423	189
VV1_RS13985	2096	1055	2091	1050
VV1_RS13990	232	112	229	110
VV1_RS14010	6410	2493	6409	2493
VV1_RS14025	24765	11413	21598	10391
VV1_RS14030	151	132	129	132
VV1_RS14045	37925	7524	35997	7331
VV1_RS14050	3989	669	4775	703
VV1_RS14060	30046	21195	27478	20099
VV1_RS14065	225	91	220	91
VV1_RS14070	371	164	362	165
VV1_RS14075	386	131	392	131
VV1_RS14085	2550	1114	2871	1259
VV1_RS14110	4191	2072	4388	2189
VV1_RS14115	906	541	1006	620
VV1_RS14120	1372	705	1363	701
VV1_RS14125	388	169	389	169
VV1_RS14130	3474	2605	3464	2587
VV1_RS14155	2217	868	2215	871
VV1_RS14160	453	206	449	206
VV1_RS14165	447	140	421	137
VV1_RS14170	750	417	741	411
VV1_RS14180	14563	3017	14525	3000
VV1_RS14185	3765	2125	3700	2068
VV1_RS14190	43442	10424	43421	10424
VV1_RS14195	27877	14573	31012	15798
VV1_RS14205	983	517	981	516
VV1_RS14215	36236	5903	35939	5782
VV1_RS14220	152	64	152	63
VV1_RS14235	438	203	438	203
VV1_RS14240	399	264	396	247
VV1_RS14245	836	157	834	155
VV1_RS14260	669	188	669	188
VV1_RS14265	708	193	707	193
VV1_RS14270	520	313	520	311
VV1_RS14290	347	139	382	136
VV1_RS14295	1267	338	1257	335
VV1_RS14300	309	120	309	120
VV1_RS14310	168	81	168	81
VV1_RS14320	10455	2490	10453	2488
VV1_RS14325	1691	553	1676	547
VV1_RS14335	413	220	413	220
VV1_RS14355	471	246	472	240
VV1_RS14360	1366	612	1352	607
VV1_RS14365	920	413	826	322
VV1_RS14385	73	34	73	34
VV1_RS14390	3068	975	3027	955
VV1_RS14400	332	97	287	89
VV1_RS14405	2012	518	1978	482
VV1_RS14420	1728	861	1724	856
VV1_RS14425	1353	773	1353	773
VV1_RS14435	3710	3185	1997	1841
VV1_RS14440	953	246	954	246
VV1_RS14445	3736	778	3701	759
VV1_RS14495	301	144	301	144
VV1_RS14510	1411	325	1411	322
VV1_RS14515	277	50	276	54
VV1_RS14520	3344	1178	3353	1181
VV1_RS14525	2962	688	2932	675
VV1_RS14535	2185	1711	2191	1708
VV1_RS14555	4022	3391	3864	3300
VV1_RS14565	127	20	123	18
VV1_RS14595	5044	998	4691	871
VV1_RS14600	351	171	367	172
VV1_RS14610	821	438	821	438
VV1_RS14620	17133	7200	16119	6869
VV1_RS14650	4794	1741	4204	1503
VV1_RS14660	5009	2384	5209	2443
VV1_RS14665	3307	1588	3082	1509
VV1_RS14700	222	171	230	170
VV1_RS14705	145	161	144	161
VV1_RS14710	292	192	291	190
VV1_RS14725	8967	4543	8392	4266
VV1_RS14730	196	38	197	38
VV1_RS14735	1716	557	1710	554
VV1_RS14740	709	450	706	442
VV1_RS14760	48829	17849	48750	17701
VV1_RS14765	9776	3342	9764	3342
VV1_RS14770	201	93	195	89
VV1_RS14775	104	57	105	57
VV1_RS14785	1312	784	1300	776
VV1_RS14790	291	108	290	108
VV1_RS14795	2761	1153	2706	1130
VV1_RS14800	5882	1731	5841	1722
VV1_RS14805	2455	651	2321	638
VV1_RS14815	1443	547	1502	550
VV1_RS14825	23	6	23	6
VV1_RS14845	2673	1558	2658	1541
VV1_RS14850	10009	4812	9975	4784
VV1_RS14855	39	15	38	15
FADH	3441	2475	3292	2410
VV1_RS14875	2203	1433	2168	1410
VV1_RS14890	2904	748	2906	746
VV1_RS14900	5095	1349	5121	1351
VV1_RS14905	326	154	308	152
VV1_RS14910	379	186	381	187
VV1_RS14925	349	231	349	231
VV1_RS14935	29280	9039	27901	8469
VV1_RS14950	6799	1991	6774	1989
VV1_RS14965	1558	384	1610	407
VV1_RS14980	726	269	711	265
VV1_RS14985	1170	840	1167	838
VV1_RS15005	1547	701	1537	695
VV1_RS15015	1091	412	1084	411
VV1_RS15020	108	32	107	30
VV1_RS15035	1722	644	1716	645
VV1_RS15040	1065	340	1013	330
VV1_RS15055	429	173	428	173
VV1_RS15060	2560	802	2557	801
