	K12_IAI1ref_starvation1	K12_IAI1ref_starvation2	K12_starvation1	K12_starvation2
thrA	120	173	121	179
thrB	141	159	150	162
thrC	152	180	160	193
yaaA	16	15	16	15
yaaJ	25	21	26	21
talB	184	180	189	186
htpY	10	10	10	11
dnaK	2576	2710	2666	2810
dnaJ	383	451	395	466
nhaA	478	624	490	634
nhaR	27	33	28	34
ribF	55	61	55	62
ileS	143	182	153	193
ispH	14	20	15	24
rihC	7	9	7	12
dapB	29	40	32	43
carA	11	20	11	21
carB	52	57	60	65
caiD	1	1	1	1
caiB	6	3	6	3
caiA	17	22	17	22
caiT	0	1	0	1
fixA	1	0	1	0
fixB	1	0	1	0
fixC	1	1	1	1
yaaU	1	2	1	2
kefC	19	12	19	12
apaH	27	39	29	47
ksgA	187	181	194	189
surA	508	567	511	568
imp	1096	1145	1097	1146
djlA	11	13	13	13
rluA	27	34	28	34
hepA	45	45	45	45
polB	22	23	24	31
araD	10	8	12	10
araA	63	57	69	62
araC	248	316	255	324
yabI	89	93	97	101
thiQ	5	4	5	5
tbpA	4	7	6	9
setA	26	31	26	31
leuD	78	79	78	80
leuC	78	70	85	72
leuB	69	68	75	71
leuA	70	64	79	65
leuO	13	18	14	18
ilvI	28	34	28	35
fruR	207	231	219	234
mraW	71	99	72	100
ftsI	42	59	42	60
murE	40	39	41	39
murF	27	23	27	23
mraY	32	22	32	22
murD	14	23	24	38
ftsW	25	34	25	34
murG	24	18	24	20
murC	25	29	25	30
ddlB	110	123	111	124
ftsQ	172	162	175	166
ftsA	187	223	193	229
ftsZ	380	406	380	406
lpxC	4486	5390	4494	5402
secA	199	215	201	219
yacF	28	21	25	21
coaE	32	39	32	39
guaC	13	17	15	19
hofC	5	5	5	5
hofB	3	3	3	3
nadC	11	14	11	14
ampE	53	37	53	37
aroP	151	146	151	146
pdhR	31	32	35	34
aceE	430	494	452	517
aceF	339	419	357	434
lpd	603	696	613	703
acnB	554	722	576	752
speD	49	61	49	61
speE	32	38	32	38
cueO	18	19	21	20
gcd	108	105	114	108
can	42	41	42	42
yadG	26	29	27	33
yadH	35	32	36	36
yadD	9	17	12	18
panC	44	56	46	59
yadL	0	3	4	4
ecpD	0	0	0	0
pcnB	16	20	16	20
yadB	13	7	13	7
sfsA	1564	1589	1564	1589
mrcB	34	48	36	52
fhuA	283	335	286	339
fhuC	16	16	16	17
fhuD	0	2	1	2
hemL	193	244	223	296
clcA	122	138	128	141
yadS	6	7	6	7
btuF	2	3	2	3
pfs	121	104	121	104
dgt	11	21	11	21
degP	202	205	228	214
cdaR	39	56	42	57
dapD	90	105	96	108
glnD	29	23	30	25
map	120	125	125	126
rpsB	438	576	438	577
tsf	166	218	166	218
pyrH	58	75	58	77
dxr	40	63	40	63
ispU	44	45	44	45
cdsA	69	73	83	86
yaeL	141	150	142	150
yaeT	202	253	202	253
lpxD	144	177	144	177
lpxA	102	121	102	121
lpxB	12	27	12	27
dnaE	61	45	62	47
accA	63	73	69	76
ldcC	120	129	124	136
nlpE	43	41	46	42
proS	144	145	145	146
yaeB	9	13	9	13
metQ	75	59	85	69
metI	28	26	29	27
metN	14	25	14	26
dkgB	9	13	9	13
yafC	46	38	47	40
yafD	238	198	239	197
mltD	111	146	115	148
gloB	68	51	73	55
yafS	25	29	25	29
dnaQ	92	85	105	101
yafT	0	0	0	0
yafV	48	53	57	60
fadE	1796	1959	1954	2153
yafJ	10	11	11	11
yafK	23	21	24	22
dinB	49	54	54	60
pepD	135	157	142	163
frsA	45	32	52	33
phoE	2	1	1	1
proB	41	49	41	49
proA	137	138	139	139
yagR	14	15	14	15
yagS	2	2	2	2
yagT	3	3	3	3
yagU	26	42	26	42
yagV	4	3	4	4
yagW	11	8	11	8
yagX	9	13	8	13
yagY	1	1	1	1
insF	9	15	45	90
ykgC	30	34	31	35
ykgD	8	6	8	6
ykgE	13	16	13	17
ykgF	28	18	28	18
ykgG	7	8	8	7
betA	1	4	1	4
betT	100	104	105	111
yahB	18	9	18	9
yahD	9	10	9	10
yahG	2	1	2	1
yahI	0	2	0	2
yahJ	10	9	13	9
yahK	58	57	58	57
yahN	29	21	29	21
prpR	80	121	85	133
prpB	100	250	112	282
prpC	10	49	12	59
prpD	26	47	28	52
prpE	22	65	24	67
codB	5	9	6	10
codA	19	27	22	29
cynT	4	1	4	1
cynX	1	0	1	0
lacY	13	9	13	9
lacI	117	137	119	139
mhpR	513	615	528	602
mhpB	0	1	0	1
mhpC	1	2	1	2
mhpD	1	1	1	1
mhpF	3	5	3	5
mhpE	6	5	6	5
mhpT	14	19	16	22
frmA	25	27	28	27
yaiO	38	36	42	39
yaiP	12	12	12	12
tauA	2	3	2	3
tauB	0	1	0	1
tauD	5	2	7	2
hemB	19	5	19	5
yaiV	1	1	0	1
ampH	9	16	9	17
sbmA	27	53	33	60
yaiW	31	40	33	42
ddlA	81	70	87	73
phoA	17	17	17	17
yaiC	7	19	7	19
proC	11	13	11	13
aroM	14	21	14	22
rdgC	19	24	19	26
mak	101	113	107	117
araJ	23	17	24	18
sbcD	7	9	7	9
phoB	18	16	18	16
phoR	5	9	6	9
brnQ	272	310	275	315
proY	14	26	14	26
malZ	16	15	17	15
queA	2	2	2	2
tgt	47	36	47	36
secD	115	121	118	127
secF	177	187	181	193
tsx	122	110	125	110
ribD	37	56	37	58
thiL	5	9	6	9
yajO	929	924	1109	1111
dxs	35	49	38	52
ispA	12	15	12	16
thiI	33	44	34	45
panE	102	110	118	127
yajR	9	14	10	14
cyoE	142	156	147	162
cyoC	57	88	61	89
cyoB	251	258	252	262
cyoA	190	196	193	201
ampG	2	1	2	1
tig	189	208	190	208
clpP	241	282	243	282
clpX	1187	1319	1280	1398
lon	225	245	231	259
ppiD	141	173	148	184
queC	26	16	28	16
ybaE	66	82	70	82
cof	26	21	36	36
mdlA	17	19	18	19
mdlB	2	5	2	5
amtB	10	10	11	10
tesB	20	20	20	20
ylaB	57	81	57	82
acrB	173	237	176	241
acrA	73	80	73	80
acrR	17	25	17	25
kefA	30	35	30	36
dnaX	33	35	33	35
recR	30	36	31	38
htpG	305	348	309	354
adk	26	36	27	36
hemH	97	113	101	117
aes	23	20	24	20
gsk	12	6	12	6
ybaL	139	134	149	144
fsr	8	8	8	8
ushA	173	161	193	190
ybaP	8	5	8	5
copA	78	97	89	114
ybaS	20	27	22	34
ybaT	20	28	20	28
ybbK	801	776	839	801
ybbL	9	10	11	9
ybbM	10	13	10	13
ybbN	49	59	53	62
ybbO	9	9	11	13
tesA	34	40	34	40
ybbA	33	26	34	27
ybbP	26	22	27	23
ybbB	10	9	11	9
ybbS	0	1	0	1
allR	1908	2352	1914	2358
gcl	30	30	36	37
hyi	4	3	4	3
glxR	3	1	3	1
ybbW	12	9	14	11
allB	22	36	23	37
ybbY	4	3	6	4
glxK	10	12	10	12
ylbA	2	6	2	6
allC	5	8	6	8
allD	1	1	1	1
ylbE	2	1	2	1
ylbF	1	1	1	1
ybcF	2	3	2	4
purK	2	8	3	10
lpxH	4	4	5	4
cysS	32	34	33	35
folD	21	14	22	15
sfmC	0	0	0	0
sfmH	2	0	2	0
fimZ	2	0	2	0
envY	3	1	3	1
ybcH	5	3	5	3
nfrB	23	19	25	21
cusR	2	8	4	9
cusC	3	1	6	8
cusB	3	0	3	0
cusA	5	9	5	9
pheP	7	9	7	10
ybdG	17	21	17	21
nfnB	11	18	12	19
ybdK	301	294	349	332
fepA	23	28	30	34
fepC	1	1	2	1
fepG	3	6	3	6
fepD	8	14	8	14
ybdA	4	8	4	8
fepB	5	12	6	13
entC	13	20	13	22
entE	32	31	32	33
entB	18	22	18	22
entA	11	17	12	22
cstA	9899	10389	11411	11939
ybdH	147	155	205	230
ybdL	5	16	5	16
ibrB	3	3	3	3
ibrA	2	3	2	3
ybdO	5	1	5	1
dsbG	26	28	26	28
ahpF	73	84	73	87
ybdR	16	21	16	21
rna	77	68	77	69
citT	2	3	3	3
citG	6	1	6	1
citF	1	2	1	2
citE	2	1	2	1
citC	0	1	0	1
citA	7	8	7	8
citB	4	3	4	3
dcuC	9	9	9	9
lipA	193	223	194	223
ybeF	5	10	5	10
lipB	2	4	2	4
dacA	13	10	13	10
rlpA	38	43	39	44
mrdB	14	16	16	19
mrdA	15	10	14	10
phpB	7	5	7	5
nadD	3	9	3	9
holA	14	18	14	18
leuS	424	441	428	444
ybeQ	125	162	125	162
ybeU	0	0	0	0
hscC	8	8	9	9
rihA	31	28	32	31
gltL	12	5	12	8
gltK	8	14	9	15
gltJ	6	7	8	9
gltI	307	313	348	383
ybeX	603	687	603	688
ybeZ	812	807	810	819
miaB	63	81	65	85
asnB	66	55	86	70
nagD	12	15	19	16
nagC	44	66	44	66
nagA	121	123	121	123
nagB	109	120	123	130
nagE	484	510	501	525
glnS	51	44	56	44
ybfM	6	7	7	7
ybfF	8	8	8	8
pgm	142	198	159	221
potE	29	43	33	46
kdpE	42	50	46	59
kdpD	263	306	270	312
kdpB	2	3	2	3
ybgH	9	6	9	7
ybgI	125	93	129	94
ybgJ	61	61	61	61
ybgK	63	62	72	71
nei	2	3	2	3
abrB	5	4	6	4
gltA	986	1121	1028	1155
sdhA	241	314	268	337
sdhB	129	162	129	165
sucA	380	433	389	435
sucB	212	264	212	265
sucC	241	369	241	370
sucD	232	293	248	315
mngR	10	11	10	11
mngA	2	2	2	2
cydA	569	650	569	650
cydB	468	547	438	494
tolQ	13	15	14	15
tolA	103	123	103	123
tolB	268	296	268	296
ybgF	86	99	86	99
nadA	79	77	83	77
pnuC	145	143	145	143
zitB	66	61	66	61
aroG	41	61	41	63
gpmA	996	1064	1059	1123
galM	51	64	53	68
galK	52	79	55	79
galT	41	53	45	59
galE	126	148	132	157
modF	26	37	27	38
modE	8	17	8	17
modA	28	41	33	45
modB	13	20	13	20
modC	21	24	23	25
ybhA	8	10	8	10
pgl	51	68	53	70
ybhD	1	2	1	4
ybhH	0	0	0	0
ybhI	131	132	8	14
ybhJ	4	5	4	5
ybhC	30	25	31	27
bioB	25	20	25	21
bioC	3	4	4	6
bioD	3	3	3	3
uvrB	230	236	236	244
ybhK	13	8	13	8
moaA	91	90	90	92
ybhL	1682	1730	1693	1741
ybhN	15	12	16	12
ybhO	40	41	40	41
ybhP	42	31	42	31
ybhR	10	14	10	15
ybhS	4	11	4	11
ybhF	19	37	21	39
ybhG	36	38	37	38
ybiH	14	14	15	17
rhlE	3	1	3	1
dinG	39	45	44	47
ybiB	128	132	128	134
ybiC	124	129	125	132
ybiX	9	18	9	18
fiu	9	9	9	10
ybiN	7	6	7	7
ybiO	38	46	44	47
glnQ	39	63	40	65
glnP	95	109	95	109
glnH	618	624	618	624
rhtA	10	8	10	8
ybiR	31	36	31	36
ybiS	73	98	73	99
ybiT	44	52	46	54
ybiU	7	11	7	11
ybiV	16	9	16	9
ybiW	7	12	7	15
ybiY	3	0	3	0
fsaA	9	6	10	7
moeB	10	10	10	16
moeA	36	41	36	44
iaaA	125	131	123	125
yliA	50	58	51	58
yliB	36	42	38	46
yliC	8	8	8	8
yliD	2	10	2	10
yliE	1	3	1	3
yliF	1	0	1	0
yliG	2	1	2	1
yliI	47	42	47	42
yliJ	36	43	36	43
dacC	600	568	604	578
deoR	19	16	19	16
cmr	227	217	229	218
ybjI	12	16	12	16
ybjJ	11	10	11	10
ybjL	64	56	65	58
nfsA	14	16	14	16
rimK	7	16	8	17
potF	213	200	237	221
potG	31	28	41	49
potH	17	20	19	20
potI	21	28	22	29
rumB	2	1	2	3
artJ	14	11	14	17
artM	11	23	11	25
artQ	20	27	20	27
artI	193	228	195	233
artP	102	137	102	137
ybjR	327	310	334	315
ybjS	33	37	33	37
ybjT	15	17	17	17
ltaE	52	50	64	57
poxB	119	110	144	132
hcr	2	2	2	2
hcp	1	1	1	1
ybjE	4	7	4	7
aqpZ	45	47	45	49
ybjD	86	100	103	123
ybjX	63	65	63	65
macA	37	37	37	37
macB	89	183	90	188
clpA	3380	3574	3423	3625
aat	4	10	4	10
cydC	15	10	15	11
cydD	10	19	10	19
trxB	35	38	37	43
lolA	58	75	58	75
ycaJ	12	14	13	14
serS	321	355	332	383
dmsA	12	13	12	14
dmsB	5	3	5	3
dmsC	13	13	13	15
ycaC	35	32	35	34
ycaD	13	24	15	23
ycaM	18	18	18	18
ycaN	3	3	3	3
pflA	181	164	181	164
pflB	2027	2234	2042	2257
focA	219	222	228	234
ycaO	14	23	14	24
ycaP	58	72	61	80
serC	74	135	75	139
aroA	26	36	26	36
ycaL	33	38	5	8
cmk	229	295	240	300
rpsA	3873	4051	3885	4060
msbA	34	33	35	34
lpxK	21	21	21	21
kdsB	53	52	54	55
ycbJ	104	135	104	135
smtA	11	13	12	15
mukF	17	20	16	18
mukE	7	10	7	10
mukB	55	58	55	62
ycbB	2484	2524	2488	2530
ycbL	48	41	48	41
aspC	83	96	83	97
ompF	1730	1878	1732	1878
asnS	164	213	169	219
pncB	43	29	47	31
pepN	321	339	375	375
ssuC	1	0	1	0
ssuA	3	0	3	0
ycbR	2	8	2	8
ycbT	4	10	5	12
ycbF	4	2	4	2
pyrD	3	4	3	4
ycbX	6	7	6	7
ycbY	26	27	26	28
uup	109	113	109	113
pqiA	55	64	55	64
pqiB	72	90	70	88
ycbZ	504	552	504	552
yccR	52	56	52	56
yccS	29	30	29	30
helD	130	139	130	140
yccT	15	13	15	13
yccW	315	321	318	326
yccA	445	416	458	434
hyaA	9	8	10	8
hyaB	8	9	8	9
hyaC	5	3	5	3
hyaF	3	0	3	0
appC	11	16	11	16
appB	3	3	2	3
appA	6	7	6	7
yccC	39	60	39	60
yccZ	6	3	6	3
ymcA	0	1	0	1
ymcB	0	0	0	0
ymcC	4	3	4	3
yccM	2	3	2	3
torR	5	8	6	10
torC	3	4	3	4
torA	6	13	6	14
cbpA	156	150	162	154
agp	3300	3320	3369	3394
rutG	17	9	21	10
rutD	0	1	0	1
rutB	1	1	1	1
rutA	5	0	5	0
rutR	39	35	39	37
putP	1197	1275	1338	1445
efeO	2	7	2	7
efeB	5	10	5	10
phoH	2120	2518	2120	2519
ycdW	25	27	25	27
ycdX	25	35	25	35
csgG	4	12	7	13
csgD	16	11	16	11
ymdC	78	83	78	83
mdoC	13	9	13	12
mdoG	79	95	82	97
mdoH	74	75	74	75
mdtG	3	6	3	6
lpxL	26	29	27	31
yceA	14	8	15	8
solA	19	18	19	18
pyrC	7	6	7	11
grxB	63	75	63	75
mdtH	3	2	3	2
yceH	181	159	196	174
mviM	196	182	201	185
mviN	3	15	3	15
flgA	44	45	44	45
flgD	76	90	76	90
flgF	40	53	52	72
flgG	47	44	47	45
flgH	11	20	11	20
flgI	12	19	12	20
flgJ	11	11	11	12
flgK	181	213	194	219
flgL	159	157	185	182
rluC	18	28	18	28
plsX	92	97	92	97
fabH	173	167	173	168
fabD	120	161	120	162
fabG	765	892	765	892
fabF	280	387	286	400
pabC	12	9	12	9
yceG	13	11	13	12
tmk	14	9	14	9
holB	9	4	9	4
ycfH	293	263	293	263
ptsG	368	455	368	455
fhuE	9	19	9	19
ycfM	37	52	38	52
ycfN	24	22	24	22
nagZ	127	115	127	117
ndh	40	33	40	33
ycfQ	60	59	60	59
ycfS	18	11	18	11
mfd	30	35	30	38
lolC	5	7	5	7
lolD	3	6	5	7
lolE	167	173	169	177
ycfX	119	130	121	133
cobB	45	46	41	46
potD	55	61	75	69
potC	13	15	13	15
potB	12	6	12	7
potA	15	17	11	14
pepT	253	293	273	309
ycfD	204	211	212	215
phoQ	45	61	45	61
phoP	115	126	126	139
purB	12	18	14	20
hflD	8	8	8	8
trmU	14	18	14	18
ymfC	4	3	4	4
icd	1196	1314	1315	1435
ycgE	71	55	71	55
ycgF	20	18	20	18
ycgG	16	8	16	8
minD	89	100	89	100
minC	47	63	47	63
ycgM	32	47	35	47
umuC	16	18	16	18
nhaB	9	7	9	7
fadR	125	105	125	106
ycgB	5086	5825	5175	5946
dadA	1526	1729	1674	1897
dadX	408	492	431	509
cvrA	20	27	23	28
emtA	113	103	114	103
ycgR	26	39	26	39
treA	162	164	162	164
dhaH	40	43	40	43
dhaL	16	15	17	15
dhaK	50	35	51	35
dhaR	15	11	15	11
ychF	56	58	57	58
ychM	286	382	286	382
prsA	31	37	31	37
ispE	20	17	20	17
lolB	17	16	17	16
hemA	20	31	20	32
prfA	9	11	10	13
prmC	1	7	1	7
ychA	32	34	32	34
kdsA	88	91	88	91
chaA	24	26	24	27
chaC	124	109	106	105
ychP	10	15	14	20
narL	5	2	5	2
narX	37	40	39	41
narK	35	28	35	29
narG	17	15	17	15
narH	2	6	2	6
narJ	4	2	5	2
narI	3	9	3	9
purU	39	36	39	37
rssA	190	191	170	175
rssB	383	379	393	391
galU	314	425	314	427
tdk	8	8	8	8
adhE	2050	2003	2055	2009
ychE	3	5	3	5
oppA	755	770	757	773
oppB	57	65	58	66
oppC	73	87	73	87
oppD	77	76	83	84
oppF	95	87	100	92
cls	96	97	101	100
kch	7	7	7	7
tonB	34	28	35	29
yciC	102	130	108	132
ompW	41	42	41	44
trpA	22	17	23	17
trpB	43	47	47	47
trpD	14	14	16	15
trpE	2	3	5	6
yciV	45	59	45	59
yciO	75	105	84	113
rluB	20	18	23	24
yciK	15	21	15	21
sohB	99	117	103	120
topA	208	226	208	226
cysB	60	86	61	87
acnA	1650	1837	1720	1940
pgpB	53	53	53	53
yciM	58	59	58	61
pyrF	11	9	11	9
deoT	16	16	18	18
gmr	641	659	641	662
rnb	31	36	31	37
fabI	255	295	260	299
sapF	34	30	35	31
sapD	90	96	90	96
sapC	58	59	61	62
sapB	107	103	107	108
sapA	196	223	196	223
puuP	21	24	21	26
puuA	162	152	177	174
puuD	424	384	429	389
puuB	22	21	28	29
puuE	15	21	18	24
pspF	9	14	9	14
pspA	301	278	310	284
ycjM	1	0	1	0
ycjN	0	0	0	0
ycjO	2	1	2	1
ycjP	1	1	1	1
ycjQ	1	3	1	3
ycjR	4	3	4	3
ycjS	0	3	0	3
ycjU	0	0	0	0
ompG	0	0	0	0
ycjW	1	1	1	1
ycjX	24	23	30	37
ycjF	20	21	20	26
tyrR	319	311	319	312
ycjG	183	213	194	219
mpaA	60	55	59	51
ycjZ	8	6	8	6
mppA	138	137	138	140
ynaI	11	15	11	15
uspE	4777	4877	4784	4884
fnr	574	635	574	635
abgT	3	0	5	4
abgB	13	16	19	19
abgA	5	1	5	1
abgR	8	11	9	11
ydaM	47	62	52	64
ydaN	150	173	152	175
dbpA	6	4	6	5
ydaO	45	51	45	55
ompN	16	19	23	32
ldhA	110	113	112	116
feaR	60	77	60	77
feaB	95	85	96	87
maoC	2	3	2	3
paaA	1	2	2	2
paaC	1	3	1	3
paaJ	1	3	1	3
paaF	1	0	2	0
paaG	0	0	0	0
paaH	2	2	2	2
paaE	114	108	116	109
paaK	63	77	65	81
paaX	100	89	115	101
ydbC	174	168	199	199
azoR	9	7	9	7
hrpA	130	147	142	156
ydcF	26	20	27	20
aldA	6317	6504	6400	6611
trg	172	161	178	165
ydcI	214	274	216	275
ydcJ	363	347	364	347
mdoD	39	50	42	54
ydcK	197	246	206	253
tehA	11	29	12	29
ydcL	764	814	796	861
ydcO	8	3	9	3
ydcP	24	24	24	24
ydcR	13	18	13	18
ydcS	1197	1314	1206	1326
ydcT	172	208	172	209
ydcU	48	58	48	58
ydcV	28	47	29	47
ydcW	107	121	111	128
yncB	83	76	94	97
yncC	28	33	28	33
yncD	10	13	10	13
yncE	134	135	134	139
ansP	11	11	11	11
yncG	38	29	38	36
nhoA	21	16	22	16
narV	7	4	9	4
narW	5	2	5	2
narY	9	9	9	9
narZ	18	24	18	24
narU	8	6	8	6
yddG	3	3	3	3
fdnG	64	67	59	67
fdnH	8	12	8	12
fdnI	16	17	16	17
adhP	104	101	119	114
sfcA	50	57	52	65
ddpD	4	2	5	2
ddpC	3	4	3	4
ddpB	1	1	1	1
ddpA	13	20	13	20
dos	90	81	95	88
yddV	435	399	465	427
yddW	9	8	9	8
gadC	47	70	48	70
gadB	90	104	89	104
ydeM	1	1	1	1
ydeN	18	21	18	21
ydeO	2	3	2	3
ydeP	4	6	5	6
ydeQ	1	0	2	0
lsrK	86	111	89	113
lsrR	108	73	116	87
lsrC	49	69	52	70
lsrD	57	31	57	31
lsrB	60	57	64	58
lsrF	52	80	54	86
tam	86	83	93	88
yneE	24	24	25	24
uxaB	44	31	48	31
yneF	6	12	6	12
yneH	4	4	4	4
yneI	10	11	10	11
ydeA	3	12	3	12
marC	67	59	70	62
eamA	50	33	50	33
ydeE	12	14	12	16
ydeH	43	41	43	41
dcp	39	53	40	54
ydfG	107	125	107	126
ydfH	12	6	12	6
ydfT	9	8	9	8
ydfU	3	2	3	2
rspB	12	8	12	8
rspA	6	3	5	3
ynfC	58	51	58	51
ynfF	10	9	10	9
ynfG	1	4	1	4
ynfH	6	14	6	14
dmsD	5	5	5	5
clcB	4	1	4	1
ynfK	122	115	122	115
dgsA	34	44	36	44
ynfL	17	16	19	17
ynfM	6	11	6	11
ydgD	615	609	684	685
ydgG	28	28	30	29
pntB	478	524	485	541
pntA	425	452	449	474
ydgH	68	81	67	81
ydgI	7	9	10	12
folM	21	14	21	15
rstA	15	12	15	12
rstB	14	22	14	22
tus	62	52	64	52
fumC	428	386	455	417
fumA	1156	1327	1173	1343
manA	54	48	55	49
ydgA	1836	1959	2038	2189
uidC	7	6	7	6
uidB	3	3	3	3
uidA	24	34	25	34
hdhA	133	158	139	166
malI	157	361	163	369
malX	13	18	13	18
malY	11	12	12	12
add	27	14	27	14
ydgJ	80	75	80	75
rsxD	0	1	0	1
rsxG	3	2	3	2
rsxE	2	4	2	4
nth	0	2	0	2
ydgR	17	17	17	18
gst	178	168	179	169
pdxY	16	15	16	15
tyrS	75	92	74	92
pdxH	6	10	8	10
anmK	45	47	49	51
ydhJ	5	1	5	2
ydhF	206	223	207	223
nemA	19	14	20	14
rnt	6	1	6	1
ydhO	11	17	11	17
ydhP	4	8	4	8
purR	21	29	22	30
ydhB	14	26	14	26
ydhC	8	7	8	7
cfa	195	201	212	213
ribC	38	45	42	45
mdtK	88	117	89	117
ydhQ	247	252	261	273
ydhS	271	264	276	268
ydhT	17	18	17	18
ydhU	13	9	13	9
ydhX	0	2	0	2
ydhV	8	6	8	7
ydhY	0	0	0	0
pykF	489	487	491	487
ynhG	4080	3925	4124	3953
sufS	194	171	224	206
sufC	143	181	149	185
sufB	670	634	687	649
ydiK	86	93	86	94
ydiM	2	2	2	2
ydiN	1	1	1	1
ydiB	2	4	2	4
aroD	9	9	9	10
ydiF	0	1	0	1
ydiO	0	1	0	1
ydiP	12	11	12	11
ydiQ	1	2	1	2
ydiR	11	4	11	4
ydiS	2	2	2	2
ydiD	5	6	5	6
pps	692	740	724	778
ydiA	18	12	19	12
aroH	9	13	9	13
ydiV	4	8	4	8
btuD	14	18	14	19
btuC	18	12	18	12
pheT	1814	2186	1820	2195
pheS	26	26	27	26
thrS	1167	1214	1108	1119
ydiY	4	5	4	6
pfkB	61	68	61	69
yniA	1924	2204	1984	2273
yniC	7	8	7	8
ydjN	67	66	68	66
katE	38	46	41	47
chbF	7	8	7	8
chbR	13	20	13	20
chbC	12	11	12	11
nadE	40	40	40	42
ydjQ	7	4	7	4
astE	318	384	318	384
astB	504	647	518	664
astA	833	942	850	964
astC	1880	1870	1880	1870
xthA	33	25	33	25
ydjX	8	9	9	11
ydjZ	10	12	11	13
ynjE	7	9	8	8
ynjF	8	8	8	8
gdhA	96	85	108	91
topB	26	33	26	33
selD	150	146	168	167
sppA	40	52	40	56
ansA	6	7	6	7
pncA	29	29	29	29
ydjE	9	8	9	8
ydjF	48	49	48	49
ydjG	4	5	4	5
ydjH	0	0	0	0
ydjI	0	2	0	2
ydjJ	0	1	0	1
ydjK	1	1	1	1
ydjL	3	1	3	1
gapA	605	639	606	639
yeaD	11	10	11	10
yeaE	34	29	35	30
mipA	82	90	82	91
yeaG	10811	10821	11374	11387
yeaH	3475	3538	3527	3576
yeaI	22	21	22	21
yeaJ	7	10	7	11
yeaM	16	18	16	20
yeaN	7	6	7	7
yeaP	11	15	11	15
yeaS	9	7	9	7
yeaT	63	44	65	44
yeaU	21	18	21	19
yeaV	3	1	3	1
yeaW	1	2	1	2
yeaX	1	4	2	4
rnd	19	21	19	21
fadD	6990	8018	7334	8341
yeaZ	6	11	6	13
yoaA	6	6	6	6
sdaA	1052	1073	1052	1073
adrB	14	15	14	15
yoaE	21	23	21	23
manX	235	262	236	262
manY	143	190	148	193
rrmA	9	3	9	3
kdgR	454	429	454	429
yebQ	7	5	7	5
htpX	2004	1904	2015	1915
prc	109	103	116	112
yebS	28	23	28	27
yebT	30	40	31	47
yebU	4	6	4	6
pphA	41	56	41	56
yebZ	13	9	13	9
yobB	60	61	60	61
exoX	22	14	22	14
ptrB	133	134	133	135
yebE	110	124	110	124
purT	12	11	12	11
eda	44	32	44	32
edd	19	25	19	25
zwf	107	102	110	107
yebK	79	75	79	75
pykA	237	224	241	230
lpxM	23	18	24	19
yebA	59	70	59	70
znuA	77	86	77	88
znuC	16	11	17	12
znuB	20	22	21	22
ruvB	24	36	27	43
ruvA	34	37	34	37
yebB	2	3	2	3
yebC	51	62	53	64
aspS	101	124	106	130
yecE	9	16	9	16
yecO	10	12	10	12
yecP	5	8	10	16
torY	2	4	2	5
cutC	48	144	48	144
argS	69	80	72	81
flhA	25	23	25	23
flhB	11	11	11	11
cheZ	57	68	57	68
cheB	39	43	42	44
cheR	34	40	34	40
tap	176	192	176	192
tar	276	290	276	290
cheA	164	198	171	210
motB	48	59	51	63
motA	83	96	83	96
otsA	345	392	345	392
otsB	239	258	240	259
araH	210	213	218	221
araG	239	282	253	297
araF	336	333	336	333
tyrP	27	35	27	35
yecA	119	114	119	114
uvrC	41	33	41	33
uvrY	45	55	45	55
sdiA	69	70	72	84
yecC	20	46	21	48
yecS	22	32	23	32
yedO	134	111	134	119
fliY	1271	1352	1354	1437
fliA	126	137	130	145
fliD	63	73	66	76
amyA	150	167	157	174
yedE	37	43	38	43
fliF	32	38	33	41
fliG	37	30	38	31
fliH	16	19	17	22
fliI	7	13	8	14
fliM	18	9	19	10
fliP	2	1	3	1
fliR	5	5	6	5
rcsA	8	2	8	2
yedP	448	455	508	534
yedQ	140	162	156	176
yedI	114	154	118	158
yedA	3	3	3	3
dcm	11	6	11	6
yedJ	17	7	17	7
hchA	337	372	410	440
yedW	9	15	9	15
yedZ	20	24	20	24
yodA	18	28	18	28
yeeI	250	225	250	225
shiA	29	30	30	31
amn	26	21	26	23
yeeN	10	16	10	16
yeeO	40	35	41	41
cbl	13	13	13	13
nac	13	18	14	18
erfK	609	638	615	647
cobS	21	20	24	22
yeeA	44	43	47	45
dacD	20	19	20	19
yeeE	50	41	51	41
yeeF	16	23	16	23
yeeY	191	200	199	206
yeeZ	442	462	443	465
hisG	14	19	16	20
hisD	11	17	19	23
hisC	13	19	14	22
hisB	16	31	20	35
hisA	16	18	16	18
hisF	17	15	17	17
ugd	16	28	23	39
gnd	296	299	455	451
galF	99	97	202	227
wcaL	3	1	3	2
wcaK	0	2	0	2
wzxC	1	1	1	1
wcaJ	0	1	0	1
cpsG	1	3	1	2
cpsB	1	1	2	1
fcl	0	0	0	0
gmd	0	0	0	0
wcaE	0	0	0	0
wcaD	4	1	6	2
wcaC	1	1	1	2
wcaA	1	1	1	1
wzc	2	0	2	0
wza	0	2	0	2
yegH	123	136	130	149
asmA	60	67	63	72
udk	2	6	2	6
yegL	0	2	0	3
mdtA	9	6	12	6
mdtB	10	9	11	11
mdtC	7	12	7	12
baeS	5	7	5	9
baeR	15	18	15	18
yegQ	13	20	13	20
yegS	57	58	60	61
gatD	54	70	59	77
gatZ	5889	6069	5940	6121
gatY	7161	6805	7189	6833
fbaB	464	548	482	563
yegT	6	2	6	2
yegU	4	3	4	3
yegV	2	5	2	5
yegW	9	14	9	14
yegX	4	8	4	8
thiD	17	14	17	14
thiM	17	11	19	12
rncA	2	3	2	3
yehA	2	5	2	5
yehC	0	0	0	0
mrp	93	101	122	133
metG	21	22	25	27
yehL	0	0	0	0
yehP	1	4	3	4
yehT	9	15	9	14
yehU	33	39	34	40
mlrA	20	28	19	32
yehW	6	1	6	3
yehX	10	9	10	9
yehY	8	6	8	6
yehZ	86	105	86	105
bglX	55	62	56	64
dld	85	111	85	115
pbpG	17	13	17	14
yohF	97	116	129	156
dusC	4	6	4	6
yohK	34	59	34	59
cdd	75	90	79	91
sanA	5	5	5	5
yeiT	20	31	20	32
yeiA	36	39	37	40
mglC	23	43	24	44
mglA	45	62	48	68
mglB	324	324	333	334
galS	22	35	23	35
yeiB	3	5	3	7
folE	6	6	6	6
frmC	32	46	38	56
cirA	31	36	30	37
lysP	105	109	105	109
yeiE	114	101	115	101
yeiH	34	42	34	42
nfo	9	13	11	13
yeiJ	3	4	5	4
rihB	3	3	4	3
yeiL	3	8	4	9
yeiC	2	0	2	0
fruA	296	302	321	321
fruK	94	110	94	111
fruB	51	59	52	61
setB	1	5	0	3
yeiQ	64	64	64	64
yeiR	0	1	0	1
yeiU	2	1	2	1
rtn	14	17	16	20
yejB	1	4	2	4
yejE	3	4	3	4
yejF	23	23	23	23
bcr	37	37	42	38
rsuA	9	9	9	9
yejH	3	3	3	3
yejK	25	23	31	23
yejM	30	43	31	44
narP	43	42	47	47
ccmH	4	1	5	3
ccmF	2	7	2	7
ccmC	0	5	0	5
ccmB	1	4	1	4
ccmA	24	30	24	30
napC	18	28	18	28
napH	1	1	1	1
napG	1	1	1	1
napA	8	12	10	13
mqo	10	6	10	8
yojI	6	10	7	12
alkB	8	13	8	13
ada	38	45	40	46
yojL	0	3	0	3
rcsB	178	228	179	228
rcsC	48	35	50	40
yfaP	11	6	12	10
yfaQ	8	6	8	6
yfaT	0	0	0	0
gyrA	108	104	110	105
ubiG	7	9	7	9
nrdA	24	30	29	33
nrdB	38	46	44	50
inaA	31	35	31	35
glpQ	2138	2294	2335	2459
glpT	2195	2278	2281	2369
glpA	2431	2295	2451	2303
glpB	1280	1185	1481	1352
glpC	776	809	820	843
yfaY	30	24	33	26
ais	2	2	2	3
yfbE	16	24	15	23
yfbF	1	2	1	2
yfbG	6	6	6	7
yfbH	3	0	3	0
arnT	41	46	41	46
menE	13	6	14	6
menC	15	19	17	22
menB	21	30	22	33
yfbB	8	6	8	6
menD	21	27	21	27
menF	26	14	26	15
elaC	4	4	4	4
nuoN	52	98	60	103
nuoM	29	34	29	34
nuoL	105	146	107	148
nuoH	78	76	78	76
nuoG	253	298	260	303
nuoF	89	131	101	155
nuoC	180	217	188	225
nuoB	209	188	209	190
lrhA	546	678	547	677
yfbQ	18	27	18	27
yfbS	62	57	62	57
yfbT	161	158	164	161
ackA	538	515	603	578
pta	189	154	189	154
yfcF	14	12	14	12
yfcG	98	100	98	104
yfcH	390	456	445	515
hisP	6	11	6	11
hisM	13	8	13	9
hisQ	35	35	37	35
hisJ	217	206	218	207
purF	23	23	22	23
dedD	105	124	106	125
folC	124	154	124	154
accD	126	140	126	140
truA	85	85	86	90
usg	21	15	23	16
pdxB	27	35	28	38
flk	4	4	4	4
yfcJ	2	1	2	1
fabB	236	233	235	238
trmC	15	11	15	11
yfcA	8	4	8	5
mepA	7	7	7	7
aroC	25	23	30	27
prmB	17	16	22	16
yfcY	370	411	399	442
fadL	444	446	465	468
vacJ	145	189	153	205
yfdC	84	98	88	105
dsdA	15	19	15	19
emrY	2	3	2	3
emrK	22	43	22	51
evgA	5	13	5	13
yfdE	77	81	77	81
yfdV	1	4	1	4
oxc	0	0	0	0
frc	0	1	0	1
yfdX	1	5	1	6
ddg	0	0	4	4
yfdZ	48	63	56	70
ypdA	68	59	70	61
ypdB	83	74	83	74
ypdC	15	20	19	21
ypdD	2	3	2	3
ypdE	0	1	0	1
ypdF	0	3	0	3
ypdG	2	1	2	1
glk	111	119	117	124
yfeO	49	51	49	52
mntH	1100	1180	1177	1249
nupC	22	22	23	24
yfeA	19	21	19	21
gltX	66	77	66	79
yfeR	16	10	16	12
yfeH	53	61	38	50
ligA	76	78	83	79
zipA	319	418	320	419
cysZ	35	35	35	35
cysK	188	248	195	252
ptsI	2256	2488	2259	2489
pdxK	23	30	25	32
cysM	19	25	22	28
cysA	27	28	35	34
cysW	8	10	10	13
cysU	6	17	7	17
cysP	18	27	18	27
ucpA	1703	1554	1814	1651
yfeT	10	6	10	7
yfeU	28	29	32	34
murP	34	30	36	30
murQ	24	23	25	26
yfeX	47	59	47	59
amiA	48	44	48	47
hemF	4	14	4	16
yfeG	4	7	4	8
eutL	5	4	9	7
eutC	7	10	8	10
eutB	44	51	47	52
eutA	0	2	0	3
eutH	7	11	7	12
eutG	1	0	2	0
eutJ	3	0	3	0
eutE	2	2	2	2
eutI	4	3	4	3
eutT	2	3	2	3
eutQ	1	9	1	9
maeB	558	600	604	632
talA	323	369	331	384
tktB	607	699	607	699
ypfG	15	25	16	25
aegA	5	7	6	8
narQ	24	21	25	21
acrD	7	17	8	18
dapE	164	230	176	235
ypfH	105	91	105	91
ypfJ	675	709	701	735
purC	18	30	22	35
nlpB	106	129	106	129
dapA	128	149	128	149
hyfA	1	0	1	0
hyfC	0	1	0	1
hyfD	2	3	3	3
hyfE	0	1	0	1
hyfG	7	7	7	7
hyfI	1	4	1	4
perM	7	17	7	17
yfgC	53	69	53	70
hda	4	5	4	5
uraA	9	14	9	14
upp	13	14	13	14
purM	30	26	31	26
purN	6	9	6	9
ppk	101	87	105	92
ppx	23	31	23	32
yfgF	7	13	7	13
guaA	38	50	39	51
guaB	18	14	20	16
xseA	5	7	5	7
der	92	101	92	101
yfgL	135	181	135	182
yfgM	38	40	38	40
hisS	96	100	99	104
ispG	350	414	367	432
yfgA	380	373	400	387
yfgB	43	51	43	51
pbpC	6	5	6	5
sseA	469	459	472	459
sseB	17	13	17	13
pepB	55	58	56	61
hscA	36	43	36	46
iscS	414	469	415	470
yfhQ	54	69	57	75
suhB	16	14	17	18
yfhR	5	6	4	6
hcaT	65	72	65	72
hcaR	78	89	74	82
hcaE	13	9	13	9
hcaB	3	0	3	0
yphB	11	5	11	5
yphC	4	3	3	5
yphD	6	4	6	4
yphE	6	13	8	12
yphF	10	14	11	16
yphH	28	23	28	24
glyA	108	128	112	139
hmp	69	76	69	78
yfhA	2	9	5	11
yfhG	18	14	8	10
yfhK	60	70	61	70
yfhD	5	11	6	11
yfhB	37	39	37	41
yfhH	10	2	10	2
pdxJ	29	36	33	41
recO	36	31	36	31
era	164	188	236	258
rnc	193	286	194	286
lepB	90	121	101	128
lepA	80	117	83	119
rseB	73	81	73	81
rseA	1433	1390	1433	1391
yfiC	4	3	4	3
srmB	15	13	16	14
yfiE	15	17	17	21
ung	22	14	26	18
yfiF	50	55	47	50
yfiP	3	3	3	3
yfiQ	1036	1104	1088	1158
pssA	364	353	369	355
kgtP	1774	1891	1881	2027
clpB	956	1016	985	1052
yfiH	13	9	13	11
rluD	62	71	65	81
yfiO	65	66	66	66
pheA	33	25	34	30
tyrA	77	63	81	67
aroF	98	130	98	130
yfiN	2	7	2	7
trmD	262	303	262	303
ffh	136	143	181	193
ypjD	7	7	7	6
yfjD	14	11	15	12
yfjB	15	23	15	23
recN	104	138	104	138
gabT	286	435	310	482
gabP	32	30	32	31
csiR	44	67	46	71
nrdF	8	5	8	5
proV	5	12	5	12
proW	6	9	6	9
proX	12	9	12	10
ygaZ	19	13	19	13
emrA	6	10	9	11
emrB	53	47	59	51
gshA	165	177	163	173
alaS	150	176	151	176
recA	554	493	556	496
mltB	4	5	4	5
srlE	8	9	8	9
srlD	15	19	15	19
srlR	27	21	28	23
gutQ	18	20	18	22
norV	4	7	6	8
norW	1	1	1	1
ascG	9	11	9	11
ascF	19	24	18	25
hycG	3	2	4	2
hycE	0	1	1	1
hycD	0	1	0	1
hycC	0	0	0	0
hycB	0	0	0	0
hypB	4	4	4	4
hypD	21	16	23	23
hypE	21	24	25	33
fhlA	25	22	25	23
mutS	9	11	11	14
ygbI	42	54	41	54
ygbJ	41	42	41	42
ygbK	23	29	22	27
ygbL	4	5	4	6
ygbM	4	7	4	7
ygbN	7	10	8	11
nlpD	2512	2666	2653	2838
pcm	57	63	57	63
surE	28	37	40	52
truD	54	55	54	55
ispD	5	11	5	12
cysC	6	19	6	19
cysN	57	77	59	80
cysD	14	29	14	29
iap	7	11	7	11
cysH	27	35	28	41
cysI	38	68	41	68
cysJ	22	27	22	27
ygcQ	2	2	2	2
ygcR	1	0	1	0
ygcS	0	2	0	2
ygcU	2	2	2	3
ygcW	2	1	2	1
yqcE	1	3	1	3
ygcF	498	470	501	472
eno	1620	1848	1620	1850
pyrG	999	973	1033	1021
mazG	74	69	84	88
relA	127	137	136	152
barA	18	21	18	21
gudD	20	23	21	24
gudX	7	20	8	22
gudP	21	14	22	14
truC	4	3	4	3
queF	13	17	14	17
ygdH	262	268	263	268
sdaC	34	41	35	42
sdaB	16	13	16	14
exo	6	7	6	7
fucO	59	79	59	79
fucA	19	17	20	17
fucP	17	19	21	19
fucI	23	19	26	19
fucK	12	15	12	15
fucR	22	27	22	27
ygdE	47	43	47	43
gcvA	32	29	34	32
csdA	9	15	12	17
ygdL	19	13	20	13
mltA	46	43	46	47
amiC	17	13	18	15
argA	33	39	35	41
recD	36	28	39	32
ptr	26	23	26	23
recC	31	45	34	45
thyA	8	10	8	12
lgt	5	11	5	12
ptsP	65	47	65	47
mutH	12	16	12	16
ygdQ	7	9	7	10
tas	50	60	50	60
ygeD	23	30	23	30
aas	31	34	31	34
galR	23	32	24	32
lysA	14	13	14	13
lysR	4	4	4	4
ygeA	13	22	13	22
araE	34	48	36	51
kduD	11	9	11	9
kduI	13	16	14	18
yqeF	149	185	153	188
yqeG	8	8	9	8
yqeH	3	2	3	2
yqeI	1	1	1	1
ygeH	2	4	2	4
ygeR	38	55	29	35
xdhA	13	12	13	12
xdhB	1	8	1	8
ygeV	542	614	551	622
ygeW	2	2	2	2
ygeX	2	5	2	5
ygeY	0	3	0	3
hyuA	2	3	2	3
yqeA	30	26	30	28
yqeB	155	190	156	193
yqeC	98	83	98	84
ssnA	2	4	2	5
ygfM	1	5	1	5
xdhD	26	22	26	23
ygfO	48	68	54	75
guaD	12	13	12	13
ygfT	10	16	10	18
ygfU	3	4	2	3
lysS	83	86	86	86
prfB	31	35	34	35
recJ	32	19	34	22
dsbC	37	42	37	42
xerD	74	61	75	65
ygfZ	155	155	155	156
yqfA	94	132	97	136
bglA	94	96	106	103
ygfF	3	7	4	8
gcvP	23	22	26	23
gcvT	26	25	26	25
visC	16	22	17	24
serA	123	118	126	121
rpiA	94	89	94	89
argP	46	44	46	44
yliK	4	7	4	7
argK	3	2	3	2
ygfG	1	1	1	1
ygfH	5	7	5	7
ygfI	8	11	8	11
yggE	144	149	144	151
argO	7	3	8	6
mscS	23	22	23	22
fbaA	480	533	494	543
pgk	861	951	861	951
epd	200	238	200	238
yggF	11	16	11	16
cmtA	0	0	0	1
tktA	104	105	108	111
yggG	454	481	505	520
speB	56	57	75	70
speA	836	810	951	921
metK	47	60	49	59
galP	5	4	6	4
endA	10	9	10	10
yggJ	21	12	21	12
gshB	47	60	47	60
yggS	11	16	12	19
yggW	0	5	1	5
yggM	3	4	3	4
ansB	13	13	13	13
yggN	40	36	40	36
yggH	57	57	58	57
mutY	10	13	10	14
mltC	10	10	10	10
nupG	158	184	158	184
yqgA	8	12	8	12
yghK	23	36	24	36
glcF	38	57	40	59
glcD	68	87	68	87
glcC	455	453	457	454
ECIAI1_3132	0	1	4	10
yghR	0	0	0	0
yghS	1	1	1	1
yghT	1	0	1	0
pitB	3	6	0	5
gss	27	34	27	34
yghU	57	55	60	55
hybC	36	30	36	31
hybB	3	2	3	2
hybA	8	7	8	7
hybO	11	22	11	23
yghZ	585	597	598	610
yghA	58	83	58	85
exbB	61	59	60	56
metC	36	26	37	29
yghB	123	110	123	110
yqhC	42	43	42	43
yqhD	34	44	34	44
dkgA	323	304	323	304
yqhG	17	22	17	22
ygiQ	15	18	16	19
sufI	34	38	34	38
plsC	29	30	30	31
parC	56	44	56	45
qseB	2	3	2	3
parE	44	43	50	48
cpdA	326	358	336	366
nudF	25	30	28	32
tolC	131	144	151	162
ygiC	120	109	132	125
ygiE	232	211	234	211
ribB	361	356	378	376
yqiJ	10	6	11	6
yqiK	5	3	6	3
rfaE	40	57	52	78
htrG	13	11	13	11
cca	30	37	32	40
bacA	36	38	39	41
plsY	26	26	26	26
ygiP	0	7	0	7
ttdA	0	2	0	2
ttdB	0	0	0	0
ygjE	3	1	3	1
gcp	22	24	23	25
dnaG	235	241	235	241
rpoD	1940	1969	1965	2001
yqjH	4	7	4	7
yqjI	26	19	26	20
aer	64	64	67	67
ygjG	1076	1160	1082	1167
ebgR	3	3	3	3
ygjI	2	2	2	2
ygjJ	0	0	0	0
ygjK	6	6	6	6
ygjO	6	7	7	7
ygjQ	0	1	1	1
ygjR	571	682	632	746
alx	1	2	1	2
sstT	865	943	935	1022
uxaA	50	40	52	40
uxaC	50	37	52	38
exuT	48	41	53	50
exuR	186	200	206	223
yqjA	148	159	148	159
yqjG	237	250	257	265
yhaJ	8	14	9	16
yhaK	7	13	8	13
yhaM	6	5	6	5
yhaO	5	7	6	8
tdcG	10	6	13	7
tdcE	30	39	30	39
tdcD	1	2	1	2
tdcC	6	11	6	12
tdcB	0	3	0	3
tdcA	6	6	7	6
garK	142	171	139	165
garR	159	161	171	174
garL	56	70	57	79
garP	58	75	57	79
garD	86	90	96	97
agaR	34	37	34	37
kbaZ	8	7	10	7
agaS	3	3	3	3
kbaY	1	1	1	1
agaC	0	0	0	0
agaD	3	2	3	2
agaI	0	0	0	0
yraI	0	0	0	0
yraL	14	19	14	20
yraQ	47	47	48	48
yraR	196	188	206	197
yhbU	1	0	1	0
yhbV	4	2	3	2
yhbW	8	13	10	13
mtr	86	69	108	90
deaD	70	77	68	78
nlpI	263	387	263	387
pnp	291	481	308	494
truB	24	25	29	34
infB	195	216	202	221
nusA	160	149	160	150
argG	96	111	99	118
yhbX	15	25	15	25
glmM	93	107	93	107
folP	11	20	11	20
ftsH	1578	1768	1610	1800
rrmJ	599	681	599	683
dacB	2	3	2	3
obgE	680	703	765	804
yhbE	157	168	158	168
ispB	64	96	64	97
murA	26	21	26	21
yrbC	130	117	131	117
yrbE	56	80	56	80
yrbF	100	107	101	109
yrbG	21	22	21	22
kdsD	18	38	18	38
lptB	89	93	89	93
rpoN	158	200	167	212
yhbJ	31	35	31	35
yrbL	757	760	757	762
mtgA	62	54	63	55
elbB	77	75	77	75
arcB	250	228	251	230
yhcC	2	3	2	3
gltB	93	91	98	100
gltD	32	57	38	69
nanE	19	18	21	19
nanT	33	30	37	39
nanA	15	16	15	16
nanR	26	16	31	18
dcuD	1	6	1	7
sspA	131	155	131	155
degQ	60	68	61	68
degS	12	18	12	18
mdh	546	651	593	697
aaeB	8	13	8	13
aaeA	4	10	4	10
aaeR	13	15	13	15
tldD	163	221	180	236
rng	52	51	56	58
mreC	14	14	14	16
mreB	40	33	43	35
csrD	88	97	90	98
yhdH	227	196	233	204
accC	88	110	92	114
panF	13	23	13	23
prmA	40	36	40	36
dusB	71	72	71	72
yhdJ	5	3	5	3
envR	0	0	0	0
acrE	0	0	0	0
acrF	21	29	25	33
aapQ	13	12	13	12
aapP	3	5	4	5
aroE	75	77	78	80
smf	231	248	231	249
fmt	684	598	700	610
rsmB	49	73	49	73
trkA	156	145	159	148
rpoA	700	830	700	830
rpsD	436	537	436	537
secY	1731	2117	1656	2023
rpsC	364	444	364	444
rplB	312	383	312	383
rplD	263	259	263	259
rplC	282	319	282	319
tufA	1962	2224	1962	2226
fusA	2055	2370	2041	2350
yheO	28	27	29	27
fkpA	169	215	171	215
kefB	70	70	73	73
yheS	21	32	22	33
yheT	25	23	25	23
prkB	60	46	62	47
crp	164	220	195	234
yhfK	10	13	11	13
argD	32	36	33	36
fic	696	649	725	664
tsgA	10	9	10	9
nirB	5	7	5	7
nirC	4	0	4	0
cysG	23	36	24	37
frlA	5	1	5	1
frlB	5	3	5	3
frlC	2	3	2	3
frlD	5	11	5	11
frlR	17	9	17	9
yhfS	8	4	8	4
yhfT	1	0	1	0
php	2	5	2	5
yhfZ	51	59	61	77
trpS	74	75	85	86
gph	15	10	16	12
rpe	12	14	12	16
dam	8	15	8	15
aroB	70	99	70	99
hofQ	4	2	4	2
yrfD	3	4	3	4
mrcA	21	21	22	21
igaA	42	31	42	31
yrfG	37	35	37	35
hslO	80	83	81	83
pck	1671	1594	1851	1789
envZ	57	60	60	63
ompR	198	188	198	190
yhgF	12	19	12	21
feoB	38	53	38	53
yhgA	2	1	2	2
bioH	9	15	9	15
gntX	8	10	8	11
gntT	43	57	43	59
malQ	43	54	43	56
malP	44	44	44	44
malT	1449	1356	1502	1437
rtcB	108	108	113	112
glpG	23	18	24	19
glpD	17482	16836	21419	20731
glgP	342	383	348	386
glgA	194	231	194	232
glgC	289	332	291	338
glgX	300	348	300	348
glgB	142	202	142	202
asd	180	217	180	217
gntU	8	9	8	10
gntR	36	30	39	35
yhhW	24	23	25	23
yhhX	122	137	127	137
yhhZ	1	0	1	0
ggt	5	7	6	7
ugpC	24	47	27	49
ugpE	8	10	8	10
ugpA	9	9	9	9
ugpB	1399	1573	1493	1657
livF	15	17	24	23
livG	7	19	9	22
livM	30	25	34	30
livH	24	27	27	30
livK	91	95	97	103
livJ	256	250	279	258
rpoH	419	412	449	455
ftsX	127	134	150	149
ftsE	59	62	61	64
ftsY	98	120	106	127
yhhN	37	38	39	40
yhhQ	7	5	8	5
yhhS	11	10	12	10
yhhT	87	111	89	116
nikA	1	1	1	1
nikB	0	0	0	0
nikC	1	0	1	0
nikD	0	0	0	0
nikE	2	6	2	6
yhhI	21	34	3	5
yhhJ	44	36	45	40
rbbA	53	63	56	65
yhiI	188	213	199	237
yhiM	11	9	12	10
yhiN	69	63	71	63
pitA	153	179	157	180
yhiP	142	158	144	169
yhiQ	17	36	21	40
prlC	220	278	251	309
yhiR	4	6	4	6
gor	57	55	57	55
arsB	13	17	13	17
yhiD	4	5	4	5
mdtE	4	2	4	2
mdtF	18	9	19	10
gadW	12	24	15	24
gadX	96	121	108	133
gadA	86	98	86	98
yhjA	10	12	10	12
treF	165	168	174	175
yhjB	10	14	10	14
yhjC	9	7	8	7
yhjD	253	233	267	245
yhjE	29	37	33	41
yhjG	185	205	186	209
yhjH	35	48	36	49
kdgK	21	20	24	21
yhjJ	9	20	10	21
dctA	269	321	270	321
yhjK	38	25	39	31
bcsC	79	83	79	83
bcsZ	0	1	0	1
bcsB	2	1	3	2
bcsA	6	9	2	3
bcsE	57	66	57	66
bcsG	12	12	13	12
yhjV	2	8	2	8
dppF	16	12	20	13
dppD	18	21	18	21
dppC	25	27	25	27
dppB	18	25	21	27
dppA	549	696	628	789
eptB	3	14	3	14
yhjX	4	8	6	8
yhjY	190	173	190	175
yiaD	4	7	4	7
tiaE	17	18	17	19
yiaF	202	249	215	264
glyS	121	112	128	120
glyQ	66	75	67	75
yiaH	8	10	8	10
xylB	96	100	110	115
xylA	127	153	130	156
xylF	14	18	14	19
xylG	10	19	10	19
xylH	28	23	27	23
xylR	10	13	12	13
bax	187	195	197	201
avtA	15	21	49	46
yiaJ	17	8	17	8
yiaK	7	6	7	6
yiaN	0	2	0	2
yiaO	0	0	0	0
sgbH	1	2	1	2
sgbU	2	1	1	1
sgbE	3	2	2	3
yiaT	42	41	46	42
yiaU	27	28	27	28
yiaV	11	12	11	12
aldB	966	1058	979	1074
yiaY	2	3	2	3
selB	16	19	17	19
selA	8	18	8	18
yibF	15	33	16	33
yibH	52	44	52	44
mtlA	1390	1427	1429	1479
mtlD	457	557	526	640
lldP	43	38	49	51
lldR	14	23	14	23
lldD	7	18	7	19
cysE	116	93	118	98
gpsA	115	153	133	192
gpmI	78	94	84	103
envC	10	8	10	9
yibQ	2	2	2	2
yibD	1	0	1	0
tdh	83	108	123	164
kbl	147	195	157	207
waaD	97	95	105	108
waaF	22	31	22	31
kdtA	20	19	21	19
mutM	8	9	8	9
yicR	53	37	79	62
dfp	11	7	11	7
pyrE	6	6	8	7
yicC	28	31	30	36
yicG	1	2	1	2
ligB	12	9	12	9
gmk	185	246	185	246
spoT	44	40	44	40
trmH	0	4	0	4
gltS	79	103	87	113
yicE	22	14	22	14
yicH	270	268	273	271
yicI	11	10	11	10
yicJ	4	8	4	8
setC	0	3	0	3
yicL	32	27	32	27
nlpA	49	51	49	51
yicM	4	2	3	2
uhpT	817	1106	820	1111
uhpC	2	1	2	1
uhpB	2	4	2	4
ilvB	48	66	46	58
emrD	5	4	5	4
yidJ	1	2	1	3
yidK	4	0	4	0
yidL	10	10	9	9
yidP	0	2	0	2
yidE	116	125	116	125
yidR	11	13	11	15
cbrA	1	2	2	2
dgoT	2	9	3	9
dgoD	16	25	17	28
dgoA	6	8	6	8
dgoR	56	53	57	55
yidX	19	21	19	21
yidA	11	7	12	7
gyrB	186	220	193	231
recF	2	6	2	7
dnaN	41	47	43	50
dnaA	47	66	47	67
yidC	58	71	58	71
trmE	14	16	14	17
tnaA	24	30	25	30
tnaB	10	7	10	7
mdtL	2	4	2	4
yidZ	31	28	33	29
yieE	10	9	10	9
yieH	5	6	5	7
yieK	6	12	6	12
yieL	1	4	1	4
bglH	4	1	4	1
bglB	2	0	2	0
bglG	0	0	0	0
phoU	11	14	12	15
pstB	16	12	16	12
pstA	10	6	11	6
pstC	21	15	21	15
pstS	25	16	25	16
glmS	441	433	519	528
glmU	333	340	376	393
atpD	261	294	264	297
atpG	109	159	109	159
atpA	288	360	288	360
atpB	148	155	148	155
gidB	11	9	11	9
gidA	25	33	25	33
asnA	19	18	21	22
yieM	13	13	13	13
ravA	40	52	42	58
trkD	34	26	35	26
rbsA	89	119	91	120
rbsC	68	92	69	92
rbsB	255	378	258	383
rbsK	25	41	25	41
rbsR	7	5	7	5
hsrA	9	8	9	8
yieP	38	38	40	43
hdfR	20	27	20	27
yifB	5	3	5	3
ilvE	17	13	17	13
ilvD	34	20	43	25
ilvA	16	23	22	32
ilvY	30	34	39	47
ilvC	160	183	195	233
rep	13	8	14	11
gpp	36	35	36	36
rhlB	152	180	152	182
rho	104	131	106	136
rfe	38	40	38	40
wzzE	18	10	18	10
rffE	10	4	10	4
rffD	12	8	12	8
rffG	9	9	9	9
rffH	11	16	11	16
rffC	1	2	1	2
rffA	20	22	20	23
wzxE	20	26	21	27
rffT	11	9	13	9
wzyE	13	13	14	13
rffM	12	13	12	18
yifK	169	209	169	209
hemY	41	57	43	59
hemX	66	76	66	77
hemD	28	27	28	27
hemC	129	118	138	130
cyaA	265	270	282	290
dapF	25	26	25	26
yigA	4	4	4	5
xerC	3	5	3	5
yigB	9	7	9	7
uvrD	27	24	27	26
yigE	1	1	1	1
corA	45	36	47	39
rarD	4	5	4	5
pldA	19	12	20	13
recQ	3	7	3	7
rhtC	7	4	7	4
rhtB	7	8	6	5
pldB	21	25	30	32
yigL	7	8	7	8
yigM	2	2	2	2
metR	6	13	7	14
ysgA	57	56	62	58
udp	69	99	71	101
rmuC	56	48	57	49
ubiE	41	51	41	51
yigP	34	40	19	22
ubiB	34	37	34	37
tatC	6	11	6	11
tatD	8	6	8	6
ubiD	224	267	233	280
fre	158	206	166	211
fadA	247	250	251	258
fadB	752	829	772	844
pepQ	142	133	158	147
yigZ	24	27	24	28
trkH	50	60	51	63
yihE	17	16	17	16
dsbA	71	50	71	50
yihG	0	0	0	0
polA	266	269	266	269
hemN	39	34	39	34
glnG	61	61	61	60
glnL	40	40	40	40
glnA	40	50	40	51
bipA	119	135	119	136
yihL	2	4	2	4
yihM	2	6	2	6
yihN	2	1	2	1
ompL	0	0	0	0
yihO	2	8	2	8
yihP	2	3	2	4
yihQ	1	5	1	5
yihS	5	13	5	13
yihT	2	5	2	5
yihU	2	1	2	1
yihV	22	23	22	23
yihW	34	36	34	36
rbn	62	64	64	65
yiiD	33	36	36	38
fdhE	29	44	31	47
fdoI	66	106	66	106
fdoH	149	183	153	185
fdoG	1205	1463	1232	1487
fdhD	88	78	91	80
frvB	3	1	3	1
rhaD	0	1	0	2
rhaA	2	0	2	1
rhaS	29	23	30	23
rhaR	7	14	7	13
sodA	336	345	336	345
kdgT	14	20	14	20
yiiM	86	97	90	99
cpxA	51	39	51	39
cpxR	44	47	44	47
fieF	78	84	78	84
pfkA	475	515	479	516
sbp	7	16	8	16
cdh	1	1	2	1
tpiA	110	128	123	139
fpr	27	24	29	27
glpX	161	176	161	176
glpK	8173	8684	8580	9119
glpF	6492	6722	6492	6722
menA	5	4	6	4
hslU	232	231	234	233
ftsN	66	58	67	59
cytR	17	18	17	18
yiiX	2	5	5	6
metB	20	13	20	13
metL	31	46	34	50
metF	32	39	37	43
katG	286	325	315	358
yijE	6	3	6	4
yijF	0	0	0	0
gldA	43	42	43	43
fsaB	5	4	10	6
ptsA	13	18	15	20
frwC	11	2	11	2
pflD	15	8	15	9
pflC	2	0	4	0
yijO	1	2	1	3
yijP	23	34	24	38
ppc	102	105	104	113
argE	60	80	60	81
argC	27	23	27	23
argB	17	19	17	19
argH	47	50	49	53
oxyR	41	39	41	39
sthA	123	133	125	138
fabR	64	65	63	66
trmA	137	159	148	174
btuB	55	39	55	39
murI	10	9	10	9
murB	17	34	19	34
birA	24	19	24	20
coaA	9	18	9	18
tufB	1930	2155	1930	2154
rplA	327	367	327	367
rpoB	756	862	757	862
rpoC	873	1003	875	1011
thiH	18	19	20	22
thiG	6	17	6	19
thiF	13	18	13	18
thiE	18	18	18	18
thiC	65	54	65	54
nudC	54	44	54	44
hemE	29	26	29	26
nfi	3	2	3	2
yjaH	6	7	7	7
zraR	41	27	45	29
purD	17	15	18	15
purH	11	13	14	18
metA	55	71	55	71
aceA	1175	1147	1230	1198
aceK	492	555	575	632
iclR	40	23	41	23
metH	154	176	171	192
yjbB	67	62	70	65
pepE	11	13	12	13
yjbC	19	19	24	23
lysC	21	30	22	30
pgi	200	236	213	254
yjbF	0	0	0	0
yjbG	1	0	1	0
yjbH	13	5	13	6
xylE	12	28	13	28
malG	37	50	37	50
malF	14	16	14	16
malE	135	128	140	131
malK	30	18	30	18
malM	55	75	55	75
ubiA	173	171	181	176
plsB	145	160	150	169
lexA	514	558	514	560
dinF	6	11	6	10
yjbM	2	2	2	2
yjbN	7	10	7	10
qor	262	367	270	382
dnaB	14	12	14	13
alr	4	11	4	11
tyrB	37	49	37	49
aphA	8	17	8	17
uvrA	65	79	80	97
yjcC	182	200	182	201
yjcE	22	45	22	45
actP	222	295	250	318
acs	2763	3261	2796	3309
nrfA	4	3	4	3
nrfC	0	2	0	2
nrfD	0	0	0	0
gltP	10	15	12	15
yjcO	28	38	31	41
fdhF	37	21	37	22
yjcQ	5	5	5	5
yjcR	2	1	2	3
phnL	6	8	9	9
phnK	5	2	5	2
phnJ	0	0	0	0
phnI	0	0	0	0
phnF	0	0	0	0
phnD	0	1	0	1
phnC	0	0	0	0
yjcZ	46	43	47	48
proP	56	77	58	77
basS	31	34	28	32
basR	58	82	65	88
eptA	61	51	61	51
adiC	8	8	8	8
adiY	4	8	4	8
adiA	5	4	5	4
melR	160	154	160	154
melA	114	105	116	105
melB	47	47	47	48
yjdF	8	7	8	7
fumB	24	26	24	26
dcuB	14	12	14	12
dcuR	11	16	12	19
dcuS	24	31	25	32
lysU	21	29	23	29
yjdL	6	3	6	3
cadA	4	3	4	3
cadB	1	2	1	2
cadC	23	14	23	14
dipZ	6	5	7	5
dcuA	491	521	492	523
aspA	5068	5039	5076	5050
yjeH	12	18	12	18
groL	789	855	807	877
yjeJ	7	5	7	6
yjeK	16	17	20	17
frdB	330	376	331	376
frdA	1141	1238	1145	1249
poxA	26	28	26	28
yjeP	12	12	12	13
psd	20	21	20	21
rsgA	34	42	35	42
yjeS	83	65	82	65
yjeF	110	119	112	121
amiB	33	36	33	40
mutL	33	47	33	47
miaA	620	633	620	633
hflX	216	232	216	232
hflK	144	137	144	137
hflC	111	123	111	123
purA	399	432	401	435
rnr	814	930	828	945
rlmB	46	49	50	55
yjfJ	2	3	2	3
yjfK	1	0	1	0
yjfC	2	2	2	3
aidB	249	268	275	304
yjfP	28	26	29	28
ulaR	25	33	25	34
ulaG	13	24	18	28
ulaA	4	7	5	11
ulaD	4	7	4	8
ulaE	10	5	12	6
ulaF	3	3	5	7
ytfB	207	212	189	201
fklB	39	31	38	31
cycA	608	684	656	724
ytfE	11	10	11	10
ytfF	3	8	3	9
ytfG	11	6	12	6
cpdB	47	47	56	54
cysQ	1360	1294	1412	1342
ytfL	33	27	33	27
msrA	60	37	60	37
ytfM	19	37	19	37
ytfQ	887	880	1168	1185
ytfT	91	142	115	165
yjfF	117	180	131	200
fbp	127	120	128	122
mpl	31	35	35	36
pmbA	129	121	136	124
nrdD	872	1156	972	1261
treC	5	3	5	3
treB	10	13	10	13
treR	16	11	17	13
mgtA	80	95	82	97
pyrB	35	44	35	44
yjgI	0	4	0	4
argI	33	40	41	49
valS	210	238	229	261
pepA	290	288	297	302
yjgP	194	223	194	224
yjgQ	135	150	143	159
yjgB	100	110	115	123
yjhT	81	85	83	88
yjhA	13	12	13	12
fimB	1	1	1	1
fimC	3	4	3	4
fimH	11	13	11	13
gntP	27	32	27	32
uxuA	62	51	64	53
uxuB	25	30	26	30
uxuR	123	127	129	133
yjiE	8	13	8	13
iadA	37	51	37	51
yjiH	0	0	0	0
yjiK	6	5	6	4
hgdC	2	7	2	7
yjiM	22	27	22	28
yjiN	34	36	45	44
yjiY	32	46	8	19
tsr	157	163	171	179
mdoB	82	117	84	120
dnaC	20	21	20	21
yjjP	1	6	1	6
yjjQ	1	1	1	1
bglJ	12	10	12	10
rsmC	10	19	10	19
yjjG	35	32	36	41
prfC	20	14	22	19
osmY	725	750	732	757
yjjU	23	38	23	38
yjjW	1	3	1	3
yjjI	72	70	72	72
deoC	122	154	131	157
deoA	133	176	139	185
deoB	302	334	335	372
deoD	127	181	145	202
ytjB	13	19	13	19
serB	8	14	8	14
radA	21	18	21	19
nadR	206	228	276	307
slt	96	97	98	100
ytjC	27	43	28	43
rob	573	616	624	659
creB	14	13	20	18
creC	9	3	9	2
arcA	4434	4126	4573	4272
yjtD	22	18	23	19
