	IAI1_chemostat1	IAI1_chemostat2	IAI1_K12ref_starvation1	IAI1_K12ref_starvation2
thrA	7733	7707	485	369
thrB	2660	2674	279	218
thrC	4664	4889	384	329
yaaA	373	299	132	141
yaaJ	63	51	55	36
talB	3420	3203	2074	2133
htpY	23	22	28	39
dnaK	11029	10408	38127	31379
dnaJ	1931	1802	3706	3031
nhaA	509	446	1278	1096
nhaR	190	155	83	56
ribF	1544	1257	411	333
ileS	5972	5433	1695	1266
ispH	917	796	145	85
rihC	325	285	68	69
dapB	912	940	176	157
carA	2259	1927	29	22
carB	5096	4789	96	69
caiD	39	37	9	10
caiB	29	21	19	21
caiA	90	45	32	38
caiT	9	6	12	6
fixA	34	31	5	8
fixB	26	27	6	8
fixC	25	18	7	3
yaaU	13	12	10	7
kefC	243	207	106	89
apaH	286	212	44	32
ksgA	692	611	146	115
surA	4656	4226	1259	961
imp	5115	4536	1877	1379
djlA	282	200	150	82
rluA	72	73	51	33
hepA	285	279	126	98
polB	96	82	115	115
araD	29	29	25	20
araA	166	149	170	103
araC	1380	1103	879	777
yabI	473	392	311	211
thiQ	105	95	11	10
tbpA	406	338	28	21
setA	659	538	264	176
leuD	2258	2037	257	183
leuC	3221	2907	182	171
leuB	2973	2688	224	186
leuA	3664	4258	321	265
leuO	395	344	240	143
ilvI	4333	3966	481	402
fruR	3405	3152	1948	1434
mraW	1224	1032	1064	908
ftsI	1102	858	609	505
murE	1364	1164	509	311
murF	1043	823	332	256
mraY	948	818	428	281
murD	1451	1295	378	263
ftsW	1367	1084	450	327
murG	957	890	294	206
murC	1494	1327	357	263
ddlB	1459	1257	714	495
ftsQ	1356	1156	741	494
ftsA	3017	2681	1307	930
ftsZ	6873	6163	2924	2249
lpxC	9956	8076	19995	17602
secA	5438	5031	3434	2533
yacF	298	255	215	137
coaE	353	359	314	212
guaC	908	844	169	154
hofC	50	40	9	15
hofB	58	50	29	26
nadC	156	164	98	93
ampE	583	495	294	196
aroP	5059	4688	854	667
pdhR	522	434	454	400
aceE	19329	17814	6144	4678
aceF	10550	9699	4843	3515
lpd	40564	37410	18370	14370
acnB	51359	46513	19096	16125
speD	918	985	241	199
speE	1317	1319	419	325
cueO	350	299	116	66
gcd	140	102	88	70
can	2397	2106	632	512
yadG	460	427	123	94
yadH	326	320	290	231
yadD	529	404	166	176
panC	1359	1278	525	499
yadL	46	48	26	31
ecpD	3	6	6	2
pcnB	1401	1277	105	101
yadB	273	216	57	48
sfsA	1647	1403	5147	4692
mrcB	1877	1679	411	327
fhuA	7427	6129	5264	4116
fhuC	609	470	148	111
fhuD	268	176	23	15
hemL	1906	1718	614	510
clcA	651	567	338	239
yadS	191	187	52	64
btuF	227	179	31	20
pfs	1091	1009	1527	1175
dgt	639	572	236	195
degP	5958	5536	1495	1093
cdaR	591	493	782	696
dapD	4065	4168	1006	786
glnD	484	429	265	234
map	1286	1091	1011	812
rpsB	20815	19475	1747	1616
tsf	12513	12785	828	706
pyrH	1701	1753	303	253
dxr	619	514	284	236
ispU	2978	2516	383	295
cdsA	1216	1005	326	249
yaeL	4575	4034	879	613
yaeT	13083	12086	1752	1352
lpxD	4387	4059	1128	764
lpxA	2564	2419	626	501
lpxB	1377	1148	161	103
dnaE	2143	1935	298	239
accA	3429	3271	628	508
ldcC	209	171	177	126
nlpE	320	317	139	89
proS	3524	3307	487	400
yaeB	59	54	20	18
metQ	11363	10305	1705	1087
metI	2168	1948	672	365
metN	2330	2032	789	483
dkgB	337	264	154	129
yafC	294	274	309	219
yafD	852	757	1006	799
mltD	11777	10698	627	472
gloB	390	308	150	139
yafS	281	254	177	169
dnaQ	587	487	377	305
yafT	17	15	6	1
yafV	165	140	100	86
fadE	1180	943	871	656
yafJ	379	308	365	272
yafK	739	624	237	202
dinB	79	64	110	83
pepD	3004	2770	898	732
frsA	368	293	403	312
phoE	106	82	92	79
proB	856	731	301	235
proA	1435	1276	506	390
yagR	15	13	24	16
yagS	6	1	4	4
yagT	7	3	5	10
yagU	252	222	185	138
yagV	305	620	29	9
yagW	921	1960	67	37
yagX	1336	2834	138	45
yagY	545	1316	90	29
insF	44	45	135	105
ykgC	66	39	41	15
ykgD	90	77	47	38
ykgE	1456	1206	635	613
ykgF	2370	2116	1117	887
ykgG	1193	1037	631	480
betA	173	166	54	52
betT	346	292	193	157
yahB	144	123	96	65
yahD	35	25	20	13
yahG	4	8	3	5
yahI	19	17	8	0
yahJ	82	68	31	16
yahK	283	289	337	194
yahN	47	39	330	354
prpR	131	95	98	67
prpB	58	55	113	117
prpC	103	74	95	114
prpD	154	106	140	105
prpE	272	194	199	205
codB	368	404	30	17
codA	479	479	86	67
cynT	17	16	7	14
cynX	18	8	7	8
lacY	32	31	60	72
lacI	737	594	626	417
mhpR	1601	1421	1961	1567
mhpB	15	13	7	4
mhpC	38	33	5	12
mhpD	31	26	5	5
mhpF	39	44	12	11
mhpE	57	51	16	16
mhpT	53	54	25	29
frmA	398	395	34	29
yaiO	55	52	184	116
yaiP	17	12	15	9
tauA	32	39	9	5
tauB	20	21	7	6
tauD	30	25	14	7
hemB	962	882	260	229
yaiV	13	11	34	47
ampH	285	239	55	44
sbmA	212	182	58	56
yaiW	341	313	133	97
ddlA	2134	1798	888	623
phoA	224	182	118	91
yaiC	23	21	21	21
proC	178	170	91	82
aroM	82	79	40	28
rdgC	1013	991	117	77
mak	504	434	359	274
araJ	127	95	62	47
sbcD	284	241	76	37
phoB	189	179	83	64
phoR	154	169	69	64
brnQ	208	179	1081	904
proY	246	217	218	195
malZ	309	313	91	72
queA	100	84	15	11
tgt	2801	2474	393	304
secD	7061	6604	763	562
secF	3694	3517	962	712
tsx	5387	4529	2507	2078
ribD	625	576	383	330
thiL	256	196	48	47
yajO	1319	1105	681	524
dxs	1110	1009	172	115
ispA	657	600	113	68
thiI	393	372	83	62
panE	247	217	147	115
yajR	295	243	104	84
cyoE	4450	4195	4329	3068
cyoC	3149	2924	1945	1455
cyoB	14175	13076	7058	5128
cyoA	10111	9355	5422	3982
ampG	199	163	19	14
tig	16101	15870	619	469
clpP	1534	1412	915	685
clpX	5279	4755	5343	4358
lon	5722	5384	3611	2659
ppiD	7845	7258	2670	1965
queC	477	468	155	123
ybaE	340	300	453	380
cof	163	155	540	465
mdlA	255	207	80	54
mdlB	173	157	38	29
amtB	92	75	68	47
tesB	167	163	122	90
ylaB	222	205	129	105
acrB	6312	5874	1825	1298
acrA	3166	3001	710	513
acrR	403	334	190	154
kefA	1403	1367	357	259
dnaX	969	819	132	89
recR	599	537	49	32
htpG	4626	4260	8350	6896
adk	3774	3686	327	266
hemH	207	193	82	67
aes	279	227	260	215
gsk	514	413	53	40
ybaL	599	489	214	205
fsr	159	114	59	63
ushA	1683	1453	517	398
ybaP	91	70	72	44
copA	537	476	497	365
ybaS	23	32	18	14
ybaT	47	41	28	18
ybbK	651	532	835	634
ybbL	211	178	134	111
ybbM	223	209	106	76
ybbN	735	728	577	457
ybbO	134	129	72	56
tesA	246	221	208	185
ybbA	177	136	143	123
ybbP	393	314	204	151
ybbB	68	61	26	16
ybbS	13	16	14	18
allR	894	693	1322	1185
gcl	34	41	14	18
hyi	14	12	13	12
glxR	16	17	10	4
ybbW	23	21	67	42
allB	120	127	412	242
ybbY	13	16	15	16
glxK	92	89	107	73
ylbA	228	210	165	150
allC	181	129	95	61
allD	72	65	25	22
ylbE	49	28	20	23
ylbF	14	18	13	12
ybcF	38	21	7	5
purK	886	717	16	15
lpxH	281	242	33	13
cysS	956	920	153	117
folD	551	512	301	281
sfmC	17	14	65	43
sfmH	10	8	10	6
fimZ	6	7	13	10
envY	36	38	32	22
ybcH	27	33	47	40
nfrB	69	63	65	44
cusR	82	80	13	9
cusC	7	7	21	22
cusB	13	15	12	2
cusA	63	63	35	20
pheP	402	349	139	109
ybdG	498	468	295	239
nfnB	730	735	264	191
ybdK	22	17	68	66
fepA	2257	2096	338	234
fepC	178	133	45	24
fepG	118	83	64	34
fepD	78	64	84	50
ybdA	140	112	77	46
fepB	197	190	85	63
entC	280	205	69	57
entE	421	364	98	76
entB	533	515	100	68
entA	353	344	91	62
cstA	55920	48127	31354	23479
ybdH	1630	1336	1024	628
ybdL	178	148	257	120
ibrB	47	38	39	38
ibrA	22	14	21	10
ybdO	24	12	15	10
dsbG	182	187	94	78
ahpF	2669	2552	712	542
ybdR	75	52	68	56
rna	199	171	334	283
citT	37	24	21	31
citG	8	6	0	1
citF	4	3	2	4
citE	7	7	5	5
citC	13	10	11	14
citA	167	174	72	47
citB	59	64	35	22
dcuC	49	37	21	17
lipA	1701	1412	2908	2396
ybeF	105	89	89	75
lipB	112	116	57	61
dacA	1078	936	266	239
rlpA	969	883	135	108
mrdB	480	390	58	34
mrdA	555	534	72	49
phpB	62	71	16	12
nadD	152	117	52	45
holA	497	418	73	60
leuS	6364	5826	2662	1931
ybeQ	186	167	157	146
ybeU	15	9	6	7
hscC	227	179	54	52
rihA	2423	2137	550	381
gltL	2822	2592	391	257
gltK	2036	1731	329	296
gltJ	2500	2328	397	276
gltI	30500	26909	8571	6698
ybeX	1574	1355	1068	822
ybeZ	1188	1059	1058	836
miaB	696	574	95	65
asnB	983	979	306	220
nagD	426	391	115	76
nagC	546	452	343	277
nagA	999	856	432	358
nagB	717	623	355	317
nagE	5721	5140	2950	2388
glnS	2770	2556	1076	887
ybfM	281	190	195	181
ybfF	248	219	91	87
pgm	8374	7844	3259	2317
potE	151	125	221	192
kdpE	57	39	46	40
kdpD	205	175	144	111
kdpB	74	96	14	8
ybgH	251	240	49	39
ybgI	1049	1005	463	317
ybgJ	781	697	282	215
ybgK	957	870	316	218
nei	166	140	50	33
abrB	20	23	19	15
gltA	13613	13498	8031	6031
sdhA	23844	22192	10256	7600
sdhB	11231	10027	4591	3495
sucA	39832	37801	19916	14335
sucB	28326	25864	8983	6136
sucC	46950	44087	11851	8420
sucD	37599	34805	11281	8803
mngR	168	123	104	92
mngA	24	33	7	13
cydA	12265	11184	4758	3368
cydB	7694	7219	3586	2671
tolQ	1022	891	155	83
tolA	1935	1734	352	257
tolB	9056	8126	2033	1455
ybgF	3364	3014	657	528
nadA	928	839	162	90
pnuC	585	564	173	124
zitB	200	192	207	169
aroG	2604	2485	1038	840
gpmA	7614	7320	3270	2270
galM	3530	3329	886	752
galK	1099	1193	283	213
galT	500	479	127	114
galE	376	392	222	178
modF	1250	1117	328	246
modE	336	309	179	172
modA	629	466	96	88
modB	274	240	101	44
modC	533	415	93	64
ybhA	271	225	67	44
pgl	560	477	172	109
ybhD	45	37	40	38
ybhH	18	9	22	15
ybhI	914	805	58	37
ybhJ	102	85	21	33
ybhC	1938	1807	85	65
bioB	1312	1154	965	621
bioC	326	252	37	27
bioD	366	292	32	22
uvrB	944	829	1095	934
ybhK	540	456	208	137
moaA	950	700	673	508
ybhL	615	554	1948	1778
ybhN	24	10	14	16
ybhO	26	12	31	15
ybhP	29	19	34	26
ybhR	114	78	77	62
ybhS	136	104	55	57
ybhF	382	261	119	70
ybhG	246	241	110	65
ybiH	77	58	49	28
rhlE	37	25	16	23
dinG	186	179	222	166
ybiB	269	238	259	182
ybiC	2114	2055	860	627
ybiX	85	98	71	52
fiu	84	62	73	41
ybiN	148	156	44	31
ybiO	65	47	48	42
glnQ	2476	2320	898	781
glnP	2172	2091	1231	1058
glnH	14207	12784	9478	7805
rhtA	82	50	28	21
ybiR	308	282	208	148
ybiS	1049	983	393	339
ybiT	1836	1668	379	292
ybiU	71	59	31	25
ybiV	153	135	70	41
ybiW	95	98	64	41
ybiY	22	16	5	3
fsaA	49	43	37	32
moeB	250	196	107	76
moeA	449	364	295	224
iaaA	1476	1289	390	272
yliA	1290	1151	224	161
yliB	1576	1446	242	180
yliC	506	437	56	45
yliD	352	280	28	25
yliE	180	149	20	20
yliF	58	50	44	25
yliG	323	276	50	83
yliI	40	36	69	61
yliJ	1277	1144	210	154
dacC	1052	945	1013	755
deoR	474	383	239	226
cmr	158	148	126	133
ybjI	223	202	68	50
ybjJ	88	87	53	53
ybjL	356	340	537	456
nfsA	458	383	146	114
rimK	394	349	83	86
potF	1608	1499	371	306
potG	727	605	89	80
potH	340	263	68	37
potI	315	221	96	78
rumB	117	130	24	9
artJ	2133	2033	104	80
artM	786	697	81	57
artQ	904	820	85	66
artI	2171	1876	432	313
artP	1015	898	192	153
ybjR	307	248	302	233
ybjS	290	257	94	73
ybjT	614	583	102	74
ltaE	919	800	105	92
poxB	52	48	91	74
hcr	23	27	35	31
hcp	21	16	17	16
ybjE	61	72	25	28
aqpZ	89	59	178	132
ybjD	632	549	1043	768
ybjX	1461	1208	2044	1798
macA	467	396	347	249
macB	505	446	514	391
clpA	13342	11653	27649	22768
aat	73	45	28	32
cydC	390	361	107	66
cydD	417	355	119	121
trxB	4145	4012	442	341
lolA	896	787	654	481
ycaJ	591	548	146	112
serS	5071	4538	3918	3105
dmsA	74	99	61	37
dmsB	35	33	34	20
dmsC	115	118	95	62
ycaC	94	73	95	81
ycaD	169	148	146	107
ycaM	59	38	29	26
ycaN	118	89	128	119
pflA	357	395	613	598
pflB	19681	17258	13894	10372
focA	2107	1744	1848	1240
ycaO	418	432	57	56
ycaP	644	465	533	469
serC	5372	5303	1270	985
aroA	1782	1764	191	115
ycaL	80	72	22	18
cmk	2078	1847	304	267
rpsA	55787	53439	9146	7932
msbA	1660	1495	309	205
lpxK	341	320	61	40
kdsB	976	874	388	274
ycbJ	259	265	311	234
smtA	775	641	234	161
mukF	1457	1356	277	200
mukE	894	742	163	105
mukB	5726	5319	692	533
ycbB	513	432	873	648
ycbL	2414	1974	1197	869
aspC	7375	6954	1900	1596
ompF	85427	73426	16540	12556
asnS	3005	2842	1313	1160
pncB	952	889	151	125
pepN	7058	6535	4191	3147
ssuC	14	13	11	7
ssuA	24	28	9	11
ycbR	20	16	15	14
ycbT	85	52	29	20
ycbF	44	36	22	11
pyrD	319	287	30	20
ycbX	555	449	230	135
ycbY	1081	902	129	111
uup	1369	1161	140	132
pqiA	270	216	123	80
pqiB	635	575	248	208
ycbZ	973	812	301	252
yccR	413	377	250	245
yccS	355	341	215	150
helD	770	694	522	367
yccT	16	14	20	25
yccW	426	382	221	168
yccA	3579	2945	5174	4146
hyaA	5	4	6	5
hyaB	10	15	6	7
hyaC	14	13	10	5
hyaF	17	11	12	9
appC	194	169	89	46
appB	41	36	23	12
appA	77	65	55	40
yccC	3151	2545	220	198
yccZ	1667	1369	31	32
ymcA	1520	1136	16	22
ymcB	357	297	8	7
ymcC	1125	691	82	78
yccM	47	48	39	32
torR	165	141	96	70
torC	42	35	12	11
torA	74	78	58	41
cbpA	310	311	304	205
agp	5207	4513	4420	3310
rutG	31	37	37	31
rutD	3	5	7	3
rutB	0	0	1	0
rutA	5	7	7	4
rutR	152	123	209	161
putP	7141	6119	3967	3458
efeO	2481	2200	95	66
efeB	1393	1175	88	63
phoH	1323	1098	8730	7435
ycdW	800	658	446	288
ycdX	957	890	555	357
csgG	105	76	86	57
csgD	45	42	96	59
ymdC	194	159	125	106
mdoC	89	61	60	37
mdoG	2598	2249	756	683
mdoH	1727	1574	501	401
mdtG	26	20	22	23
lpxL	140	105	115	97
yceA	972	753	59	58
solA	1084	1033	430	305
pyrC	444	465	54	50
grxB	433	465	109	104
mdtH	106	92	59	53
yceH	505	501	634	423
mviM	648	562	704	559
mviN	152	147	43	43
flgA	33	34	19	14
flgD	14	12	7	4
flgF	7	3	1	3
flgG	9	6	2	1
flgH	9	8	3	4
flgI	12	11	2	1
flgJ	13	8	6	2
flgK	51	65	61	44
flgL	92	71	86	77
rluC	960	808	148	118
plsX	2706	2278	257	185
fabH	3742	3417	562	453
fabD	4737	4609	631	423
fabG	8908	8562	3573	2487
fabF	6542	6277	3172	2591
pabC	401	262	138	102
yceG	308	240	94	55
tmk	244	223	72	52
holB	276	261	68	64
ycfH	465	353	83	88
ptsG	32078	28405	433	380
fhuE	312	254	190	182
ycfM	1044	966	248	175
ycfN	379	363	141	106
nagZ	926	903	536	434
ndh	263	262	119	89
ycfQ	247	213	471	409
ycfS	255	233	136	120
mfd	1383	1331	526	405
lolC	437	356	58	35
lolD	285	213	18	17
lolE	1138	1015	451	341
ycfX	1010	875	373	266
cobB	1073	960	175	148
potD	4800	4627	167	125
potC	468	435	33	42
potB	199	182	27	21
potA	336	316	58	45
pepT	651	528	646	521
ycfD	1099	915	510	443
phoQ	1480	1361	434	318
phoP	1329	1250	898	675
purB	878	835	85	62
hflD	176	177	61	60
trmU	841	702	102	78
ymfC	68	74	52	39
icd	84266	77839	35209	27191
ycgE	607	555	330	251
ycgF	373	332	107	89
ycgG	27	18	25	20
minD	5475	5239	1499	1120
minC	1498	1383	687	501
ycgM	1284	1156	495	362
umuC	82	74	95	74
nhaB	359	307	130	114
fadR	1097	842	1484	1154
ycgB	62	44	791	669
dadA	1053	1027	2751	1938
dadX	637	506	1005	776
cvrA	311	300	104	94
emtA	538	501	116	93
ycgR	80	54	22	11
treA	82	57	190	121
dhaH	636	588	237	188
dhaL	386	329	85	83
dhaK	692	665	190	140
dhaR	236	203	125	105
ychF	2367	2233	712	507
ychM	469	377	526	431
prsA	4219	4111	298	273
ispE	1113	1021	130	124
lolB	395	398	100	80
hemA	889	779	295	210
prfA	595	606	121	74
prmC	190	188	25	36
ychA	723	629	501	407
kdsA	1906	1879	785	564
chaA	1044	849	372	293
chaC	194	193	246	178
ychP	113	93	102	54
narL	303	226	93	61
narX	215	141	133	103
narK	26	15	40	25
narG	84	82	67	45
narH	74	82	50	49
narJ	27	16	19	22
narI	46	26	22	23
purU	1079	1046	351	239
rssA	433	387	287	216
rssB	290	244	250	164
galU	2175	2140	1040	739
tdk	407	341	146	114
adhE	3884	3538	8589	7087
ychE	66	68	66	71
oppA	3402	3119	942	657
oppB	508	457	70	67
oppC	658	620	79	65
oppD	815	810	128	87
oppF	841	699	243	181
cls	1048	869	1048	743
kch	234	211	172	113
tonB	733	631	580	498
yciC	769	729	683	540
ompW	6992	8263	2474	1543
trpA	1370	1271	144	141
trpB	2366	2125	206	171
trpD	1247	1106	74	77
trpE	511	482	26	30
yciV	495	472	374	385
yciO	372	381	223	205
rluB	686	692	130	79
yciK	888	834	468	352
sohB	1794	1558	942	760
topA	6384	5966	1335	1040
cysB	526	440	568	434
acnA	5041	4858	2359	1625
pgpB	349	300	225	167
yciM	1251	922	819	573
pyrF	758	723	48	32
deoT	424	352	192	183
gmr	488	414	402	330
rnb	2439	2403	206	155
fabI	4804	4613	2929	2402
sapF	195	154	44	33
sapD	267	242	85	75
sapC	105	85	45	31
sapB	125	104	83	43
sapA	247	225	170	140
puuP	389	301	68	43
puuA	2011	1424	143	120
puuD	2766	2023	300	293
puuB	256	225	3	5
puuE	293	203	23	16
pspF	190	161	141	99
pspA	700	595	1390	1063
ycjM	67	37	36	28
ycjN	28	23	9	3
ycjO	21	10	8	5
ycjP	11	12	6	3
ycjQ	26	25	7	5
ycjR	24	16	4	7
ycjS	38	28	15	11
ycjU	7	4	3	2
ompG	19	18	14	6
ycjW	274	229	42	42
ycjX	282	229	228	176
ycjF	312	277	218	167
tyrR	1121	986	861	644
ycjG	776	643	647	452
mpaA	225	187	136	109
ycjZ	216	166	111	69
mppA	2438	2044	1391	1063
ynaI	376	333	205	173
uspE	5007	4381	8899	6764
fnr	2988	2736	4029	3419
abgT	28	18	8	19
abgB	54	45	26	18
abgA	90	90	14	13
abgR	283	249	117	114
ydaM	93	58	158	104
ydaN	499	406	319	250
dbpA	137	95	45	27
ydaO	546	488	122	103
ompN	124	100	198	164
ldhA	685	615	478	337
feaR	2564	1735	1246	1053
feaB	406	328	400	362
maoC	190	144	23	17
paaA	231	171	14	14
paaC	159	134	20	10
paaJ	127	113	21	12
paaF	52	56	1	1
paaG	65	52	5	4
paaH	131	110	17	9
paaE	907	882	1310	957
paaK	1352	1145	766	572
paaX	558	418	202	146
ydbC	1310	1147	1306	1043
azoR	370	306	170	192
hrpA	806	770	202	167
ydcF	216	209	130	75
aldA	11735	10493	6295	4965
trg	190	145	144	109
ydcI	3027	2597	2202	1756
ydcJ	175	135	319	191
mdoD	2242	1858	636	448
ydcK	72	68	85	68
tehA	145	103	115	95
ydcL	926	846	420	318
ydcO	110	75	58	50
ydcP	1035	973	201	157
ydcR	240	209	55	79
ydcS	53	51	349	227
ydcT	12	9	58	67
ydcU	18	14	49	26
ydcV	13	23	36	23
ydcW	135	122	126	89
yncB	966	812	653	444
yncC	133	102	249	168
yncD	218	160	66	58
yncE	7371	6550	4020	3015
ansP	190	161	54	60
yncG	24	13	28	16
nhoA	125	135	92	59
narV	42	40	52	40
narW	20	13	17	20
narY	57	41	44	29
narZ	68	63	75	58
narU	9	13	43	44
yddG	108	108	22	24
fdnG	197	188	449	401
fdnH	62	64	99	85
fdnI	75	69	55	57
adhP	91	87	110	77
sfcA	1903	1868	584	444
ddpD	84	73	20	18
ddpC	50	60	22	15
ddpB	31	39	12	13
ddpA	124	99	44	39
dos	322	234	134	120
yddV	351	239	462	325
yddW	377	352	243	201
gadC	119	103	149	95
gadB	172	154	102	87
ydeM	274	240	86	71
ydeN	2786	2577	447	450
ydeO	6	6	13	5
ydeP	231	203	289	192
ydeQ	15	15	26	15
lsrK	552	462	666	554
lsrR	1077	936	553	450
lsrC	240	161	88	51
lsrD	175	127	44	34
lsrB	666	569	95	52
lsrF	751	693	110	71
tam	201	163	80	65
yneE	62	51	29	19
uxaB	275	239	166	125
yneF	253	205	142	144
yneH	227	206	18	15
yneI	143	110	50	40
ydeA	64	46	43	31
marC	95	83	92	57
eamA	721	574	326	260
ydeE	109	83	86	56
ydeH	656	527	1053	668
dcp	2441	2236	423	245
ydfG	1971	1654	636	463
ydfH	419	352	243	214
ydfT	70	41	55	38
ydfU	13	12	15	11
rspB	242	168	117	104
rspA	738	572	56	54
ynfC	370	299	359	250
ynfF	85	64	49	39
ynfG	19	23	8	8
ynfH	123	122	70	73
dmsD	150	127	85	76
clcB	33	24	16	14
ynfK	745	632	592	425
dgsA	4282	3311	652	463
ynfL	55	43	51	41
ynfM	56	48	47	39
ydgD	231	198	458	345
ydgG	90	102	172	108
pntB	13964	13573	2308	1607
pntA	18161	17493	1984	1385
ydgH	6688	5705	1748	1472
ydgI	178	149	58	46
folM	355	331	134	107
rstA	742	762	195	153
rstB	882	685	169	125
tus	281	240	232	153
fumC	4777	3900	4403	3434
fumA	26011	24513	19681	16929
manA	1017	988	331	279
ydgA	2036	1908	1039	786
uidC	46	28	90	54
uidB	63	43	90	70
uidA	273	234	376	240
hdhA	724	700	263	209
malI	137	144	152	112
malX	306	305	139	91
malY	601	557	192	167
add	428	351	515	390
ydgJ	1561	1313	948	740
rsxD	183	156	18	14
rsxG	146	107	9	16
rsxE	99	65	19	17
nth	108	84	29	7
ydgR	216	163	60	49
gst	1874	1653	1827	1558
pdxY	557	541	128	91
tyrS	4328	4031	1053	796
pdxH	718	696	238	214
anmK	848	753	449	334
ydhJ	29	39	13	8
ydhF	508	446	459	300
nemA	236	250	68	54
rnt	95	88	20	19
ydhO	721	623	135	109
ydhP	91	75	18	15
purR	2180	1977	242	205
ydhB	125	89	37	43
ydhC	56	45	16	20
cfa	416	323	899	800
ribC	985	892	598	448
mdtK	211	150	626	494
ydhQ	938	760	605	465
ydhS	35	30	120	89
ydhT	50	40	44	29
ydhU	98	68	78	59
ydhX	43	56	25	15
ydhV	108	69	54	35
ydhY	11	6	10	13
pykF	1771	1740	483	331
ynhG	343	281	843	649
sufS	550	380	186	148
sufC	337	223	179	120
sufB	621	462	446	332
ydiK	453	380	277	232
ydiM	36	18	65	59
ydiN	52	41	52	42
ydiB	82	77	45	34
aroD	421	368	120	124
ydiF	20	26	23	23
ydiO	38	21	12	19
ydiP	138	137	216	195
ydiQ	21	13	9	10
ydiR	32	30	16	13
ydiS	23	19	14	10
ydiD	142	82	74	56
pps	25294	23474	12474	9653
ydiA	275	223	195	198
aroH	164	157	32	27
ydiV	433	312	134	80
btuD	337	288	52	34
btuC	317	235	125	99
pheT	9569	8861	3328	2600
pheS	2910	2611	243	168
thrS	24342	21660	11950	10102
ydiY	48	43	32	30
pfkB	187	174	191	126
yniA	1406	1235	8513	6513
yniC	324	312	153	190
ydjN	2626	2410	359	282
katE	180	198	57	32
chbF	202	241	243	175
chbR	249	226	283	203
chbC	217	187	457	396
nadE	1256	1169	502	359
ydjQ	63	56	54	33
astE	69	73	120	107
astB	102	68	168	126
astA	85	68	220	160
astC	144	101	418	328
xthA	584	546	190	154
ydjX	92	66	80	55
ydjZ	47	50	17	17
ynjE	912	871	60	45
ynjF	62	53	42	33
gdhA	10066	10826	590	516
topB	1775	1512	299	204
selD	2674	2390	1216	918
sppA	1109	943	534	406
ansA	393	347	64	60
pncA	582	481	245	221
ydjE	84	68	135	84
ydjF	525	400	364	293
ydjG	167	149	68	45
ydjH	69	88	36	18
ydjI	75	118	54	30
ydjJ	109	85	34	16
ydjK	78	86	24	18
ydjL	87	78	27	15
gapA	18990	17862	5443	4409
yeaD	297	281	70	57
yeaE	330	327	135	127
mipA	2640	2369	247	201
yeaG	327	286	3160	2311
yeaH	93	56	1056	820
yeaI	10	5	30	25
yeaJ	165	115	130	100
yeaM	93	57	56	47
yeaN	58	37	27	24
yeaP	815	623	370	301
yeaS	52	42	84	75
yeaT	236	182	103	79
yeaU	90	57	86	104
yeaV	444	353	341	300
yeaW	1665	1601	605	476
yeaX	1104	1051	372	250
rnd	420	363	94	48
fadD	5864	5214	6636	5113
yeaZ	471	399	28	29
yoaA	476	421	103	51
sdaA	205	151	627	505
adrB	69	61	54	44
yoaE	507	469	142	102
manX	44991	40214	1142	891
manY	33046	30451	859	648
rrmA	185	151	41	36
kdgR	2177	1910	1431	1120
yebQ	43	38	27	19
htpX	5256	4539	19130	15535
prc	5361	4981	919	703
yebS	200	137	125	116
yebT	439	358	86	95
yebU	231	199	60	53
pphA	73	54	61	49
yebZ	223	171	73	69
yobB	164	169	307	271
exoX	274	248	202	115
ptrB	194	185	137	113
yebE	471	439	933	744
purT	1003	819	26	23
eda	545	502	217	156
edd	305	288	95	86
zwf	2229	2050	780	631
yebK	1147	996	548	499
pykA	2861	2940	731	579
lpxM	580	527	212	207
yebA	3733	3229	1446	1000
znuA	8837	8091	629	497
znuC	744	653	175	137
znuB	609	555	50	46
ruvB	713	585	324	236
ruvA	443	389	338	275
yebB	21	15	38	24
yebC	2404	2336	451	295
aspS	4289	4011	846	735
yecE	106	94	30	31
yecO	174	137	89	61
yecP	334	289	81	75
torY	55	40	42	25
cutC	696	600	242	227
argS	2313	2034	380	300
flhA	159	149	78	65
flhB	11	12	6	5
cheZ	55	38	22	25
cheB	16	14	14	7
cheR	10	5	9	6
tap	24	19	16	7
tar	13	11	41	21
cheA	67	55	14	7
motB	18	20	9	3
motA	14	6	2	8
otsA	165	129	240	173
otsB	40	35	77	76
araH	407	384	876	727
araG	794	739	797	577
araF	1714	1451	1564	1205
tyrP	301	218	109	79
yecA	1809	1467	1696	1323
uvrC	728	599	205	135
uvrY	1238	968	581	441
sdiA	296	230	260	196
yecC	261	204	52	53
yecS	185	152	46	45
yedO	461	432	151	123
fliY	4945	4854	1218	861
fliA	7	9	6	3
fliD	25	18	19	13
amyA	257	222	304	279
yedE	6468	5953	303	191
fliF	7	4	6	2
fliG	7	10	8	7
fliH	9	3	5	2
fliI	6	4	4	4
fliM	14	16	6	5
fliP	4	12	4	4
fliR	45	25	106	106
rcsA	334	245	28	21
yedP	42	44	94	54
yedQ	280	232	170	131
yedI	425	387	205	138
yedA	44	30	19	9
dcm	729	593	148	118
yedJ	192	151	30	22
hchA	232	195	787	796
yedW	371	287	271	228
yedZ	77	63	61	53
yodA	4414	4222	77	65
yeeI	4103	3400	4850	4093
shiA	422	363	239	205
amn	414	402	260	221
yeeN	1432	1248	279	197
yeeO	152	99	174	144
cbl	1054	991	72	58
nac	53	54	69	47
erfK	501	385	266	202
cobS	280	241	208	139
yeeA	148	145	100	79
dacD	71	62	26	29
yeeE	2655	2125	84	55
yeeF	1691	1694	47	35
yeeY	175	130	324	259
yeeZ	692	622	881	787
hisG	1919	1789	178	154
hisD	1651	1630	128	112
hisC	1585	1448	123	115
hisB	2607	2498	241	184
hisA	2129	2085	172	110
hisF	2123	2086	126	92
ugd	752	654	251	172
gnd	4246	4073	951	632
galF	4608	4046	472	345
wcaL	32	35	10	5
wcaK	16	11	10	13
wzxC	11	9	1	4
wcaJ	6	16	5	5
cpsG	1249	1209	5	2
cpsB	743	742	12	11
fcl	22	26	4	4
gmd	33	20	7	7
wcaE	8	2	2	4
wcaD	17	13	4	2
wcaC	18	17	9	6
wcaA	11	7	5	5
wzc	31	27	20	22
wza	6	3	3	2
yegH	427	370	198	169
asmA	1601	1229	636	467
udk	365	313	38	37
yegL	18	12	1	1
mdtA	35	32	16	19
mdtB	105	79	18	17
mdtC	100	84	20	9
baeS	60	62	15	7
baeR	132	111	120	90
yegQ	241	243	68	55
yegS	51	41	61	41
gatD	34	28	57	29
gatZ	42	50	31	19
gatY	34	28	35	18
fbaB	1360	1181	560	385
yegT	130	101	40	34
yegU	116	91	21	21
yegV	89	82	34	22
yegW	194	146	98	58
yegX	109	86	12	17
thiD	1606	1374	117	76
thiM	1869	1531	89	83
rncA	63	61	70	44
yehA	28	28	27	24
yehC	0	0	0	0
mrp	2013	1975	855	697
metG	2138	2146	397	358
yehL	24	10	3	8
yehP	37	37	9	4
yehT	793	636	268	170
yehU	1551	1260	934	735
mlrA	54	51	55	45
yehW	27	14	7	4
yehX	34	26	14	6
yehY	28	18	9	8
yehZ	44	27	47	40
bglX	2015	1940	407	281
dld	5144	4611	1579	1234
pbpG	443	427	182	151
yohF	35	27	39	37
dusC	291	217	34	34
yohK	32	24	42	22
cdd	444	393	345	285
sanA	131	87	82	58
yeiT	674	650	1543	1127
yeiA	790	649	1193	824
mglC	3127	2770	692	483
mglA	6085	5389	1673	1064
mglB	24056	21562	6728	5069
galS	968	742	648	415
yeiB	164	143	34	20
folE	800	835	182	147
frmC	612	514	300	288
cirA	1873	1567	444	311
lysP	1854	1686	121	125
yeiE	285	229	159	126
yeiH	260	206	332	270
nfo	308	273	96	78
yeiJ	131	113	66	63
rihB	64	56	33	32
yeiL	112	57	107	74
yeiC	53	37	31	11
fruA	1209	1032	536	407
fruK	557	463	190	161
fruB	489	468	141	102
setB	50	52	19	12
yeiQ	200	167	162	153
yeiR	182	165	10	14
yeiU	141	100	16	10
rtn	375	300	175	146
yejB	150	149	44	24
yejE	169	130	31	22
yejF	392	384	89	48
bcr	259	195	91	92
rsuA	274	251	89	44
yejH	45	40	25	21
yejK	1134	1066	356	321
yejM	870	674	122	108
narP	323	328	323	254
ccmH	307	322	108	72
ccmF	374	363	70	31
ccmC	139	129	32	29
ccmB	64	82	29	17
ccmA	146	141	103	104
napC	220	215	148	141
napH	128	115	49	26
napG	126	117	35	18
napA	684	736	184	159
mqo	128	116	19	21
yojI	703	603	58	37
alkB	28	24	33	19
ada	132	105	121	76
yojL	80	71	17	13
rcsB	2425	2217	1381	1054
rcsC	952	814	296	237
yfaP	17	15	7	12
yfaQ	59	48	26	15
yfaT	4	2	2	3
gyrA	8148	7428	951	704
ubiG	485	416	42	41
nrdA	1833	1639	87	82
nrdB	1635	1512	146	103
inaA	283	236	232	170
glpQ	3210	2701	1233	926
glpT	1575	1240	483	362
glpA	21	22	20	14
glpB	18	12	11	10
glpC	46	31	30	35
yfaY	297	246	183	147
ais	143	146	42	16
yfbE	1415	1130	157	120
yfbF	259	247	38	26
yfbG	717	623	79	52
yfbH	326	303	26	19
arnT	406	335	59	60
menE	278	235	22	12
menC	368	370	47	28
menB	666	651	83	62
yfbB	168	146	21	16
menD	311	286	49	49
menF	353	326	70	57
elaC	171	135	64	52
nuoN	2747	2429	628	586
nuoM	2474	2212	436	348
nuoL	4454	3970	1065	842
nuoH	2765	2530	623	514
nuoG	9240	8690	2174	1576
nuoF	4013	3693	771	570
nuoC	5491	5075	2002	1456
nuoB	3580	3292	1932	1332
lrhA	3181	2811	6370	5372
yfbQ	1434	1392	904	756
yfbS	442	395	362	303
yfbT	1081	885	753	578
ackA	3601	3501	1496	1336
pta	5469	5214	815	543
yfcF	108	88	39	23
yfcG	24	19	42	41
yfcH	702	662	820	666
hisP	1140	1099	160	108
hisM	954	866	170	130
hisQ	2443	2162	425	285
hisJ	11776	10555	1231	941
purF	2409	2228	205	178
dedD	634	512	317	231
folC	943	868	395	309
accD	5512	4702	1878	1599
truA	557	517	114	82
usg	997	968	131	95
pdxB	1029	998	229	185
flk	279	205	40	25
yfcJ	57	59	8	11
fabB	9821	9027	12141	9860
trmC	382	306	103	101
yfcA	328	345	164	130
mepA	425	376	109	79
aroC	1327	1119	206	159
prmB	1277	1135	167	106
yfcY	853	796	679	473
fadL	1081	1006	671	496
vacJ	1645	1404	349	290
yfdC	68	40	62	50
dsdA	98	98	64	61
emrY	13	8	27	17
emrK	11	10	26	19
evgA	143	139	32	23
yfdE	41	26	64	52
yfdV	14	24	45	29
oxc	51	64	46	34
frc	43	62	27	31
yfdX	29	37	39	17
ddg	43	32	44	29
yfdZ	866	788	764	633
ypdA	137	89	129	73
ypdB	196	164	240	164
ypdC	69	41	71	40
ypdD	103	90	23	28
ypdE	28	30	9	4
ypdF	53	38	14	11
ypdG	47	38	22	8
glk	984	828	617	490
yfeO	116	103	124	114
mntH	416	382	1219	865
nupC	2472	2140	611	560
yfeA	563	448	187	167
gltX	2310	2143	413	326
yfeR	116	100	98	77
yfeH	515	410	236	281
ligA	916	802	315	257
zipA	3328	3112	2786	2191
cysZ	387	303	493	440
cysK	18922	18332	1778	1337
ptsI	25773	23771	3924	3389
pdxK	558	577	140	118
cysM	1398	1433	62	40
cysA	1940	1963	57	43
cysW	1217	1095	38	29
cysU	854	823	24	30
cysP	2337	2011	116	64
ucpA	7036	6406	7276	6437
yfeT	139	128	49	41
yfeU	269	218	334	279
murP	230	198	433	323
murQ	402	370	539	466
yfeX	864	780	502	371
amiA	397	299	113	108
hemF	176	134	43	22
yfeG	61	59	19	21
eutL	59	45	17	15
eutC	53	52	25	14
eutB	86	93	32	22
eutA	28	28	11	13
eutH	54	40	19	12
eutG	25	23	5	10
eutJ	7	10	1	2
eutE	17	25	9	6
eutI	137	116	102	83
eutT	86	84	50	41
eutQ	121	115	75	46
maeB	18584	18886	9360	7028
talA	375	298	486	350
tktB	275	235	481	326
ypfG	135	137	62	56
aegA	102	100	76	44
narQ	212	200	226	182
acrD	193	188	78	61
dapE	707	721	677	464
ypfH	234	237	120	130
ypfJ	671	531	551	375
purC	3751	3274	371	300
nlpB	5250	4800	1500	1208
dapA	6314	5828	1949	1664
hyfA	4	5	1	0
hyfC	5	10	14	6
hyfD	9	9	8	6
hyfE	7	0	8	5
hyfG	19	20	13	8
hyfI	14	8	4	3
perM	320	245	277	211
yfgC	1642	1487	786	549
hda	436	356	158	106
uraA	576	554	23	21
upp	2141	2143	48	18
purM	2791	2517	123	98
purN	499	460	46	36
ppk	915	784	882	751
ppx	659	605	302	244
yfgF	110	89	74	48
guaA	2036	1880	389	333
guaB	1433	1247	117	98
xseA	253	215	63	50
der	1605	1421	373	281
yfgL	4217	3794	650	501
yfgM	1800	1712	343	266
hisS	3265	2891	724	521
ispG	1607	1445	962	703
yfgA	1339	1118	953	752
yfgB	1031	948	179	129
pbpC	229	195	36	41
sseA	2619	2158	1260	1045
sseB	592	489	485	354
pepB	1578	1384	668	467
hscA	1698	1661	707	554
iscS	7660	8281	9161	6867
yfhQ	488	388	393	311
suhB	878	721	58	42
yfhR	25	26	13	10
hcaT	299	216	235	181
hcaR	5498	4341	1872	1437
hcaE	43	37	29	20
hcaB	29	29	9	3
yphB	69	65	171	113
yphC	82	56	192	111
yphD	35	31	163	95
yphE	114	98	363	260
yphF	112	93	454	319
yphH	187	160	107	94
glyA	16726	15274	2009	1581
hmp	963	832	1190	1069
yfhA	444	335	42	31
yfhG	286	262	58	30
yfhK	477	374	137	96
yfhD	184	168	46	19
yfhB	242	200	282	177
yfhH	272	217	73	70
pdxJ	1408	1266	243	165
recO	339	352	47	45
era	1106	949	112	72
rnc	691	590	90	74
lepB	1490	1339	242	210
lepA	3573	3253	364	264
rseB	1648	1264	675	507
rseA	7225	5984	6881	5367
yfiC	218	200	36	17
srmB	327	287	153	116
yfiE	125	120	210	171
ung	391	341	127	104
yfiF	737	683	112	97
yfiP	74	49	21	18
yfiQ	3946	3295	4393	3565
pssA	4029	3503	2622	2061
kgtP	4746	4081	3028	2260
clpB	5540	5135	22700	19108
yfiH	179	159	51	59
rluD	561	498	285	260
yfiO	3585	3271	951	649
pheA	883	849	446	354
tyrA	1470	1481	281	198
aroF	2007	1884	249	186
yfiN	107	78	95	65
trmD	16382	15633	2182	1823
ffh	1428	1321	1073	979
ypjD	348	278	84	53
yfjD	582	470	202	174
yfjB	315	279	232	178
recN	309	271	581	468
gabT	1048	820	351	226
gabP	262	229	124	87
csiR	338	227	274	231
nrdF	106	71	33	22
proV	283	225	77	68
proW	76	92	25	26
proX	248	223	54	36
ygaZ	597	490	218	156
emrA	141	123	18	8
emrB	135	139	40	34
gshA	2255	2150	885	656
alaS	11708	11123	1856	1378
recA	3726	3311	1640	1383
mltB	106	91	6	11
srlE	31	34	109	88
srlD	92	93	186	116
srlR	412	347	587	490
gutQ	420	347	347	253
norV	24	17	30	22
norW	17	17	14	7
ascG	419	359	98	84
ascF	35	41	85	68
hycG	64	56	14	8
hycE	21	22	4	1
hycD	8	5	2	0
hycC	12	11	5	6
hycB	2	2	0	0
hypB	126	105	73	51
hypD	121	107	40	48
hypE	100	99	44	42
fhlA	87	84	73	72
mutS	656	589	125	76
ygbI	701	596	542	396
ygbJ	62	35	152	136
ygbK	83	56	131	113
ygbL	28	27	99	55
ygbM	48	34	102	70
ygbN	64	35	63	61
nlpD	40216	35415	64583	56790
pcm	632	533	240	156
surE	570	503	153	94
truD	1164	1052	263	209
ispD	468	424	40	34
cysC	1011	867	43	33
cysN	3931	3748	203	148
cysD	1964	1837	84	50
iap	230	202	134	128
cysH	2368	2318	40	34
cysI	4546	4707	69	31
cysJ	2541	2493	36	17
ygcQ	38	30	15	12
ygcR	21	22	3	5
ygcS	10	9	7	4
ygcU	99	111	28	20
ygcW	71	59	15	13
yqcE	66	64	27	22
ygcF	473	429	456	349
eno	13729	12550	1828	1343
pyrG	3528	3354	895	674
mazG	818	662	281	242
relA	3245	2915	1792	1283
barA	605	521	177	141
gudD	174	153	357	253
gudX	94	81	258	182
gudP	40	45	465	410
truC	181	123	9	8
queF	673	534	235	186
ygdH	1449	1239	879	832
sdaC	117	100	55	46
sdaB	112	96	66	61
exo	272	231	97	83
fucO	4493	3809	1479	940
fucA	887	756	361	249
fucP	153	110	235	203
fucI	418	400	368	248
fucK	277	269	256	211
fucR	2031	1791	575	460
ygdE	549	490	235	182
gcvA	284	243	233	207
csdA	237	195	98	73
ygdL	295	279	88	65
mltA	2118	1791	997	781
amiC	560	467	80	57
argA	2756	2681	192	161
recD	569	517	103	69
ptr	1278	1115	291	224
recC	758	617	300	270
thyA	699	658	256	184
lgt	470	386	102	75
ptsP	1402	1164	458	324
mutH	257	201	188	169
ygdQ	128	92	73	76
tas	457	477	397	370
ygeD	345	333	106	69
aas	1065	940	141	91
galR	281	243	187	165
lysA	933	865	30	23
lysR	91	68	71	56
ygeA	284	202	132	93
araE	380	333	226	225
kduD	118	90	113	80
kduI	99	78	76	45
yqeF	6353	5556	2861	2054
yqeG	106	79	78	65
yqeH	47	22	23	11
yqeI	42	21	11	10
ygeH	10	6	19	12
ygeR	657	611	331	267
xdhA	355	347	213	155
xdhB	122	111	72	39
ygeV	2790	2293	4814	3962
ygeW	49	40	36	24
ygeX	58	31	12	12
ygeY	47	41	32	14
hyuA	24	22	25	17
yqeA	99	65	120	108
yqeB	336	297	869	622
yqeC	217	177	609	369
ssnA	33	16	57	56
ygfM	12	28	46	27
xdhD	122	118	298	198
ygfO	36	46	33	32
guaD	201	167	74	51
ygfT	147	170	117	92
ygfU	111	75	50	30
lysS	3967	3484	540	446
prfB	2960	2705	511	462
recJ	739	633	153	125
dsbC	651	591	178	152
xerD	589	519	221	185
ygfZ	1066	919	614	497
yqfA	204	179	828	594
bglA	926	885	367	285
ygfF	19	24	11	5
gcvP	1126	986	213	169
gcvT	907	787	158	127
visC	469	406	187	153
serA	5919	5939	1402	1148
rpiA	1560	1498	594	440
argP	514	448	507	371
yliK	58	39	32	19
argK	10	16	12	5
ygfG	19	16	5	3
ygfH	48	49	24	19
ygfI	118	76	77	86
yggE	548	507	387	253
argO	140	122	40	38
mscS	771	688	224	172
fbaA	10477	10134	2355	1908
pgk	8986	8268	2284	1940
epd	1618	1544	690	564
yggF	17	13	12	13
cmtA	40	31	12	3
tktA	9907	8983	2202	1829
yggG	2400	2113	1366	1174
speB	471	377	98	74
speA	6825	6755	593	459
metK	4886	4353	1997	1311
galP	65	63	24	15
endA	19	22	11	7
yggJ	309	293	95	95
gshB	794	748	329	264
yggS	381	356	125	100
yggW	359	327	39	34
yggM	101	90	66	45
ansB	143	151	113	88
yggN	534	540	229	172
yggH	743	621	139	114
mutY	174	164	47	39
mltC	343	278	42	51
nupG	3086	2437	3627	3275
yqgA	40	34	39	35
yghK	492	401	410	336
glcF	1500	1322	890	722
glcD	1253	1135	1758	1472
glcC	2282	1797	2642	1991
ECIAI1_3132	22	21	4	1
yghR	18	8	4	3
yghS	16	17	17	11
yghT	9	9	11	9
pitB	45	27	22	17
gss	642	577	480	421
yghU	1587	1348	504	385
hybC	611	628	284	245
hybB	147	156	116	70
hybA	129	146	113	89
hybO	192	188	254	158
yghZ	1932	1691	978	842
yghA	21	18	33	30
exbB	2103	1708	963	660
metC	1378	1250	246	150
yghB	286	246	306	277
yqhC	137	108	142	92
yqhD	462	424	570	557
dkgA	212	170	680	542
yqhG	69	39	45	32
ygiQ	341	309	42	26
sufI	628	496	217	175
plsC	370	263	106	93
parC	1330	1241	323	245
qseB	145	128	73	59
parE	1529	1477	235	185
cpdA	1837	1479	1925	1630
nudF	451	382	212	179
tolC	2151	2089	985	843
ygiC	2848	2715	1151	820
ygiE	613	526	1009	716
ribB	592	554	1877	1440
yqiJ	43	42	53	45
yqiK	113	75	44	30
rfaE	1489	1356	209	202
htrG	815	753	123	87
cca	630	522	231	179
bacA	492	417	218	178
plsY	205	155	61	57
ygiP	33	30	30	30
ttdA	7	6	4	1
ttdB	9	5	4	4
ygjE	24	19	16	10
gcp	417	360	179	135
dnaG	1768	1577	530	505
rpoD	5243	4819	5060	4054
yqjH	135	101	50	67
yqjI	112	120	46	40
aer	174	123	47	30
ygjG	107	90	223	158
ebgR	101	76	42	44
ygjI	15	19	19	16
ygjJ	7	3	4	4
ygjK	40	27	21	14
ygjO	125	102	20	16
ygjQ	30	26	4	2
ygjR	756	658	794	674
alx	27	34	17	20
sstT	2654	2279	4600	3799
uxaA	345	333	402	324
uxaC	488	406	357	306
exuT	402	362	233	182
exuR	558	482	580	511
yqjA	373	303	838	764
yqjG	83	79	94	79
yhaJ	501	477	110	79
yhaK	58	45	100	86
yhaM	81	81	70	38
yhaO	54	47	69	60
tdcG	103	73	65	39
tdcE	490	431	270	190
tdcD	141	103	64	46
tdcC	446	342	274	198
tdcB	225	155	150	98
tdcA	185	128	320	244
garK	131	99	1412	1012
garR	176	146	2041	1432
garL	42	34	997	833
garP	82	56	1275	1107
garD	482	404	922	663
agaR	528	443	283	229
kbaZ	88	98	46	43
agaS	22	19	16	18
kbaY	26	18	11	17
agaC	18	13	15	10
agaD	30	22	21	23
agaI	15	19	2	5
yraI	15	13	33	42
yraL	346	315	113	76
yraQ	367	301	48	36
yraR	82	75	75	49
yhbU	43	30	15	2
yhbV	30	26	21	16
yhbW	62	57	34	36
mtr	310	245	211	193
deaD	776	734	400	309
nlpI	5728	4807	1924	1911
pnp	12633	11762	1121	932
truB	995	1009	167	114
infB	12568	12430	940	747
nusA	5342	5182	626	441
argG	4183	4073	209	168
yhbX	74	64	39	33
glmM	1802	1763	692	504
folP	395	406	102	91
ftsH	10765	9667	14252	12126
rrmJ	2357	2069	4420	3998
dacB	156	122	64	51
obgE	1176	1060	810	652
yhbE	457	363	169	131
ispB	978	903	404	252
murA	2315	2330	187	145
yrbC	1229	1153	477	377
yrbE	640	560	175	147
yrbF	950	900	321	253
yrbG	338	282	163	117
kdsD	1037	1013	207	166
lptB	1199	1094	272	183
rpoN	4766	4073	1904	1408
yhbJ	981	818	244	165
yrbL	2651	2484	3760	3176
mtgA	662	608	465	338
elbB	1418	1267	734	565
arcB	1550	1403	1831	1424
yhcC	20	23	4	6
gltB	2349	2495	155	124
gltD	1313	1308	130	80
nanE	132	127	99	68
nanT	293	208	159	130
nanA	211	179	50	55
nanR	573	403	217	173
dcuD	68	42	28	29
sspA	2457	2199	1727	1386
degQ	1057	923	437	328
degS	351	264	135	107
mdh	28976	26620	9237	6900
aaeB	53	51	39	23
aaeA	62	58	40	46
aaeR	93	68	90	62
tldD	944	863	482	351
rng	981	894	184	152
mreC	411	339	28	13
mreB	2280	2270	209	169
csrD	1086	973	348	294
yhdH	1092	1049	356	314
accC	7193	7198	856	670
panF	172	168	18	21
prmA	408	382	49	36
dusB	4212	3724	359	317
yhdJ	81	86	22	13
envR	32	16	3	6
acrE	22	11	8	5
acrF	229	189	191	157
aapQ	64	49	115	85
aapP	106	86	102	77
aroE	475	417	179	110
smf	757	645	837	710
fmt	1003	918	847	628
rsmB	496	449	119	86
trkA	490	456	240	164
rpoA	41803	39530	3632	3080
rpsD	29833	28012	2248	1944
secY	39647	38127	6381	5213
rpsC	24030	24096	1152	942
rplB	24211	24319	755	611
rplD	19199	18662	510	447
rplC	24179	24243	646	552
tufA	96211	89262	7086	5480
fusA	58585	56492	3064	2338
yheO	991	787	222	180
fkpA	8453	7456	1868	1496
kefB	338	301	270	270
yheS	491	446	92	68
yheT	167	141	28	17
prkB	354	325	332	290
crp	4021	3524	2510	2249
yhfK	634	543	93	105
argD	1745	1601	96	67
fic	53	57	93	67
tsgA	58	45	34	26
nirB	77	48	42	49
nirC	24	22	12	3
cysG	634	520	326	237
frlA	17	13	4	10
frlB	11	11	11	6
frlC	28	31	9	6
frlD	34	38	14	12
frlR	145	134	102	91
yhfS	53	38	29	31
yhfT	53	49	12	18
php	21	20	12	8
yhfZ	376	351	509	431
trpS	2175	1973	492	414
gph	665	695	120	72
rpe	837	757	146	110
dam	569	511	137	83
aroB	3256	2996	600	444
hofQ	94	86	15	14
yrfD	119	107	22	20
mrcA	1121	927	78	64
igaA	1078	954	567	474
yrfG	328	289	108	83
hslO	706	679	271	186
pck	30557	27715	19738	16517
envZ	656	510	270	208
ompR	1388	1210	1308	1047
yhgF	1595	1470	68	43
feoB	1216	1113	1135	890
yhgA	51	49	29	25
bioH	209	147	62	47
gntX	218	175	95	82
gntT	2017	1899	75	69
malQ	1255	1203	72	54
malP	1325	1231	92	69
malT	16032	13690	2162	1703
rtcB	62	66	66	55
glpG	405	341	60	41
glpD	81	83	143	120
glgP	7656	6802	4486	3502
glgA	3890	3531	2083	1534
glgC	4335	4263	2749	1979
glgX	3686	3496	2104	1788
glgB	6931	6372	1214	957
asd	4625	4518	1288	1004
gntU	98	69	24	14
gntR	234	225	66	82
yhhW	168	161	154	132
yhhX	709	619	334	306
yhhZ	6	5	4	3
ggt	70	41	13	15
ugpC	160	161	34	14
ugpE	62	72	12	9
ugpA	44	50	15	4
ugpB	895	753	828	610
livF	902	847	169	126
livG	1056	832	208	143
livM	1682	1459	413	280
livH	1850	1687	559	360
livK	4774	4384	1423	983
livJ	16109	14481	4006	2992
rpoH	4340	3933	2206	1746
ftsX	995	844	642	464
ftsE	553	521	223	165
ftsY	2306	1991	806	616
yhhN	165	167	96	70
yhhQ	71	63	28	51
yhhS	71	73	99	68
yhhT	70	56	51	54
nikA	32	22	3	10
nikB	13	12	7	5
nikC	13	8	2	2
nikD	10	6	2	6
nikE	10	8	4	2
yhhI	889	558	124	82
yhhJ	1294	1173	515	401
rbbA	2006	1796	756	575
yhiI	1899	1743	1129	846
yhiM	62	60	85	66
yhiN	271	214	202	142
pitA	1355	1249	451	334
yhiP	47	34	49	33
yhiQ	73	69	17	13
prlC	1028	1003	752	633
yhiR	122	99	28	22
gor	908	795	229	174
arsB	57	42	25	29
yhiD	33	27	17	11
mdtE	18	7	5	3
mdtF	97	87	54	50
gadW	36	28	23	11
gadX	89	66	58	36
gadA	159	140	98	86
yhjA	81	63	68	56
treF	78	75	107	105
yhjB	59	44	41	31
yhjC	70	68	30	31
yhjD	57	51	68	42
yhjE	2219	2001	575	468
yhjG	48	66	74	64
yhjH	15	20	4	2
kdgK	289	263	134	125
yhjJ	965	795	183	123
dctA	7155	6717	9568	9062
yhjK	394	352	129	101
bcsC	668	597	164	120
bcsZ	227	184	60	50
bcsB	312	310	130	94
bcsA	425	389	158	120
bcsE	338	255	395	282
bcsG	171	157	75	58
yhjV	179	140	58	71
dppF	624	579	32	27
dppD	839	727	48	28
dppC	681	718	36	18
dppB	879	825	45	31
dppA	16999	15663	1788	1478
eptB	883	662	571	438
yhjX	29	23	75	49
yhjY	76	62	132	93
yiaD	116	77	10	10
tiaE	601	518	99	49
yiaF	2103	1932	930	735
glyS	4552	4214	708	633
glyQ	1891	1721	406	283
yiaH	65	48	80	71
xylB	250	209	152	144
xylA	356	304	256	176
xylF	674	617	471	353
xylG	375	288	157	153
xylH	255	195	174	100
xylR	507	411	221	190
bax	15891	13900	2237	1721
avtA	1216	1063	354	296
yiaJ	236	200	96	81
yiaK	96	102	144	114
yiaN	28	32	49	36
yiaO	94	72	61	42
sgbH	64	61	19	8
sgbU	92	78	20	28
sgbE	77	60	22	18
yiaT	30	36	34	9
yiaU	111	84	131	90
yiaV	30	21	28	19
aldB	428	314	405	260
yiaY	52	59	21	23
selB	943	905	176	137
selA	402	351	77	75
yibF	206	173	54	36
yibH	68	56	61	40
mtlA	1701	1312	1459	1157
mtlD	753	659	645	455
lldP	327	264	199	159
lldR	126	93	74	45
lldD	180	169	92	73
cysE	1137	1031	895	634
gpsA	2357	2234	542	405
gpmI	514	467	138	145
envC	600	453	65	37
yibQ	238	207	45	46
yibD	78	38	19	13
tdh	437	357	292	252
kbl	553	472	568	453
waaD	991	854	617	494
waaF	809	712	172	121
kdtA	591	493	167	118
mutM	190	144	156	135
yicR	813	696	508	376
dfp	414	398	64	57
pyrE	337	300	10	7
yicC	938	865	209	193
yicG	14	5	9	9
ligB	89	73	43	32
gmk	735	637	457	387
spoT	1841	1600	125	110
trmH	285	278	23	16
gltS	335	268	363	267
yicE	605	523	23	18
yicH	1059	888	808	621
yicI	113	93	82	74
yicJ	58	37	29	29
setC	21	11	21	16
yicL	331	259	129	79
nlpA	984	944	195	113
yicM	34	20	6	10
uhpT	115	81	38	40
uhpC	39	39	10	3
uhpB	105	63	9	5
ilvB	2187	2505	238	218
emrD	26	12	26	35
yidJ	128	101	89	74
yidK	46	30	23	12
yidL	120	109	109	101
yidP	26	18	11	8
yidE	1639	1436	958	660
yidR	336	276	161	129
cbrA	32	33	21	14
dgoT	89	51	42	54
dgoD	168	132	117	87
dgoA	59	57	60	46
dgoR	308	319	296	215
yidX	167	92	82	87
yidA	220	170	55	55
gyrB	2625	2513	1376	1182
recF	198	173	13	21
dnaN	854	699	163	136
dnaA	1546	1346	625	518
yidC	4049	3768	317	231
trmE	427	374	164	111
tnaA	1184	993	207	137
tnaB	109	95	67	60
mdtL	21	17	8	6
yidZ	119	77	46	25
yieE	408	330	69	58
yieH	248	186	69	48
yieK	35	32	18	23
yieL	45	37	15	21
bglH	22	26	40	25
bglB	18	17	10	9
bglG	30	19	17	18
phoU	977	886	273	228
pstB	819	682	211	145
pstA	211	169	22	11
pstC	245	185	59	43
pstS	760	667	60	50
glmS	2860	2647	554	447
glmU	2669	2443	426	336
atpD	26002	24286	1983	1550
atpG	15487	14304	854	734
atpA	39671	37096	2373	1768
atpB	15310	14055	1876	1341
gidB	247	214	81	77
gidA	1094	1017	148	145
asnA	786	691	95	91
yieM	244	197	49	38
ravA	225	229	84	78
trkD	332	263	67	61
rbsA	414	358	250	135
rbsC	586	411	384	279
rbsB	9857	7878	3779	3080
rbsK	1659	1493	432	314
rbsR	484	390	56	45
hsrA	119	90	45	41
yieP	170	149	135	116
hdfR	313	289	228	206
yifB	67	54	32	26
ilvE	6079	6109	285	183
ilvD	6268	5972	310	247
ilvA	3408	3150	160	121
ilvY	132	124	66	52
ilvC	8549	8392	120	94
rep	560	463	111	94
gpp	1002	885	167	115
rhlB	2006	1733	584	501
rho	2606	2270	2387	2124
rfe	972	826	342	239
wzzE	786	664	140	115
rffE	430	378	24	20
rffD	475	379	29	15
rffG	409	362	39	12
rffH	282	265	18	15
rffC	141	131	17	13
rffA	348	306	76	53
wzxE	258	225	64	32
rffT	216	185	41	24
wzyE	136	149	35	28
rffM	173	151	52	43
yifK	597	578	117	86
hemY	2186	1892	723	557
hemX	2366	2165	578	455
hemD	632	577	213	174
hemC	820	749	529	392
cyaA	1208	1080	806	638
dapF	705	572	133	103
yigA	462	365	39	25
xerC	452	409	18	17
yigB	249	274	15	14
uvrD	652	557	246	180
yigE	57	44	7	4
corA	1183	1059	483	453
rarD	114	113	66	24
pldA	842	711	160	118
recQ	605	527	34	21
rhtC	453	350	295	244
rhtB	285	240	153	95
pldB	389	311	240	166
yigL	196	179	59	57
yigM	151	110	53	54
metR	592	457	312	170
ysgA	3022	2750	341	242
udp	4260	3815	2219	1844
rmuC	676	567	501	397
ubiE	1179	1119	634	514
yigP	779	649	160	122
ubiB	1075	1007	448	350
tatC	744	646	115	123
tatD	204	141	24	32
ubiD	2652	2179	1485	1206
fre	1476	1271	944	683
fadA	2276	1971	1265	1035
fadB	6971	6022	3097	2338
pepQ	3311	3112	1273	961
yigZ	388	390	159	124
trkH	544	455	216	136
yihE	924	871	450	351
dsbA	2466	2219	695	518
yihG	91	66	16	21
polA	2405	2134	1484	1213
hemN	977	795	420	299
glnG	312	271	147	109
glnL	206	175	86	74
glnA	4268	4189	842	660
bipA	4874	4531	1427	1175
yihL	107	85	43	42
yihM	187	181	90	70
yihN	94	111	13	15
ompL	3	5	17	14
yihO	24	16	58	55
yihP	53	37	45	39
yihQ	89	80	85	66
yihS	172	161	60	40
yihT	90	106	20	24
yihU	41	34	25	7
yihV	111	86	74	59
yihW	516	416	370	303
rbn	518	459	221	190
yiiD	816	755	170	135
fdhE	611	527	272	207
fdoI	269	269	603	449
fdoH	504	441	1147	953
fdoG	3740	3451	7609	6899
fdhD	298	257	272	232
frvB	11	17	3	2
rhaD	16	18	9	7
rhaA	15	8	7	5
rhaS	257	189	87	60
rhaR	286	200	259	239
sodA	19138	14676	5107	4119
kdgT	126	106	88	65
yiiM	303	254	147	133
cpxA	1603	1405	426	387
cpxR	1636	1375	618	455
fieF	573	525	407	346
pfkA	1569	1384	935	770
sbp	427	473	37	32
cdh	113	117	17	15
tpiA	5094	4892	724	526
fpr	674	517	443	311
glpX	195	159	198	168
glpK	1685	1390	969	786
glpF	490	355	348	320
menA	303	302	72	58
hslU	1718	1775	1928	1412
ftsN	657	561	283	228
cytR	447	391	168	149
yiiX	127	116	31	12
metB	1344	1168	1046	471
metL	1768	1537	1226	649
metF	3173	2722	1296	679
katG	8468	7404	3362	2415
yijE	96	76	57	60
yijF	19	10	6	5
gldA	348	338	254	154
fsaB	52	63	24	13
ptsA	75	69	53	51
frwC	98	76	30	26
pflD	135	116	72	52
pflC	46	54	19	11
yijO	53	28	16	18
yijP	943	884	94	85
ppc	2301	2123	655	567
argE	802	748	172	135
argC	1225	1076	81	41
argB	876	916	62	31
argH	1744	1617	118	65
oxyR	1288	1168	609	465
sthA	3528	2967	2800	2438
fabR	1808	1534	1258	1094
trmA	554	474	185	136
btuB	1435	1257	395	301
murI	279	269	139	107
murB	1064	964	424	312
birA	550	471	227	183
coaA	990	868	232	200
tufB	98636	91204	7048	5450
rplA	15297	15336	1759	1333
rpoB	34632	31699	5908	4429
rpoC	38008	35815	6773	5281
thiH	2552	2018	319	206
thiG	1904	1456	232	132
thiF	2112	1613	204	171
thiE	1847	1436	219	149
thiC	7550	5897	1144	778
nudC	250	220	79	67
hemE	581	547	180	123
nfi	259	215	40	29
yjaH	762	568	73	70
zraR	340	328	238	165
purD	868	775	77	55
purH	790	677	40	35
metA	3606	3032	2570	1376
aceA	3848	3644	3204	2481
aceK	503	473	968	854
iclR	269	238	243	217
metH	6322	5731	2390	1745
yjbB	340	246	117	100
pepE	1278	1107	280	306
yjbC	711	601	244	208
lysC	2275	2146	476	493
pgi	3449	3069	1706	1365
yjbF	3	8	1	1
yjbG	9	1	0	0
yjbH	33	22	14	14
xylE	52	32	89	58
malG	839	731	135	117
malF	1919	1700	33	33
malE	12946	11690	85	87
malK	3337	3035	23	19
malM	2134	1824	57	76
ubiA	647	538	1127	842
plsB	2009	1882	1246	918
lexA	863	783	1352	1037
dinF	118	120	70	54
yjbM	6	4	7	11
yjbN	467	477	146	108
qor	587	520	295	269
dnaB	678	620	101	87
alr	301	266	118	87
tyrB	2642	2269	193	157
aphA	1013	879	356	312
uvrA	630	632	297	247
yjcC	61	59	147	107
yjcE	674	619	183	173
actP	7858	6913	869	666
acs	22400	21202	6090	4266
nrfA	64	59	33	29
nrfC	14	10	5	1
nrfD	22	19	8	7
gltP	79	72	56	33
yjcO	874	810	440	471
fdhF	173	136	139	92
yjcQ	40	26	5	10
yjcR	19	10	5	5
phnL	0	1	0	1
phnK	18	20	12	11
phnJ	9	4	1	1
phnI	0	5	1	1
phnF	3	1	0	0
phnD	7	2	3	2
phnC	9	4	1	1
yjcZ	17	12	17	10
proP	284	285	264	206
basS	414	343	50	39
basR	420	340	91	65
eptA	456	436	54	56
adiC	17	12	31	19
adiY	13	12	53	34
adiA	36	31	46	37
melR	306	228	517	377
melA	320	297	127	104
melB	172	123	95	62
yjdF	108	85	57	36
fumB	500	471	453	353
dcuB	61	36	66	47
dcuR	793	689	247	196
dcuS	889	776	360	250
lysU	539	492	163	149
yjdL	33	27	28	26
cadA	97	78	83	72
cadB	15	7	11	8
cadC	58	52	120	109
dipZ	457	417	88	73
dcuA	2483	2175	4969	4475
aspA	20727	16754	24367	19894
yjeH	175	139	134	102
groL	30232	28015	22769	16149
yjeJ	151	134	95	83
yjeK	267	268	71	45
frdB	1205	1085	1330	1071
frdA	3142	2968	3468	2643
poxA	135	124	100	68
yjeP	755	693	103	73
psd	859	726	263	188
rsgA	958	809	267	204
yjeS	110	98	98	87
yjeF	201	201	142	110
amiB	509	464	239	150
mutL	867	769	561	423
miaA	5344	4757	3227	2601
hflX	4244	3358	1480	1136
hflK	4728	4521	1139	800
hflC	4173	3899	1069	793
purA	5639	5159	2032	1539
rnr	4018	3628	2955	2177
rlmB	603	577	266	191
yjfJ	44	38	18	17
yjfK	11	17	4	5
yjfC	69	63	36	33
aidB	136	116	121	70
yjfP	167	156	132	86
ulaR	262	198	326	280
ulaG	58	42	46	35
ulaA	59	53	29	15
ulaD	93	64	32	22
ulaE	79	88	29	14
ulaF	47	36	22	15
ytfB	659	562	515	408
fklB	552	525	58	69
cycA	6804	5754	2913	2311
ytfE	140	93	128	86
ytfF	58	54	34	28
ytfG	48	32	45	24
cpdB	2779	2370	944	753
cysQ	559	464	977	715
ytfL	245	211	227	183
msrA	211	167	209	167
ytfM	417	358	186	143
ytfQ	971	777	454	309
ytfT	70	48	92	69
yjfF	79	80	106	95
fbp	1108	1080	2075	1942
mpl	1493	1250	411	292
pmbA	726	604	380	288
nrdD	202	183	119	127
treC	112	137	26	14
treB	145	122	58	38
treR	192	186	93	76
mgtA	1980	1696	324	254
pyrB	231	228	12	7
yjgI	20	18	27	14
argI	858	802	41	31
valS	5487	5189	926	676
pepA	3791	3474	707	557
yjgP	986	806	387	322
yjgQ	914	768	381	320
yjgB	48	35	32	20
yjhT	243	167	192	162
yjhA	99	100	43	21
fimB	237	206	27	16
fimC	665	768	310	220
fimH	321	310	100	69
gntP	209	148	174	144
uxuA	509	427	706	548
uxuB	599	525	345	235
uxuR	358	306	399	326
yjiE	133	115	47	26
iadA	365	347	43	44
yjiH	13	10	24	12
yjiK	105	68	49	44
hgdC	73	66	23	25
yjiM	202	229	114	69
yjiN	74	55	30	22
yjiY	814	746	506	372
tsr	107	84	68	58
mdoB	1881	1478	415	302
dnaC	200	184	38	45
yjjP	74	55	54	52
yjjQ	13	15	8	12
bglJ	54	26	44	28
rsmC	312	263	50	51
yjjG	161	144	31	15
prfC	826	770	31	30
osmY	45	39	167	146
yjjU	235	196	59	54
yjjW	20	24	6	4
yjjI	40	25	31	26
deoC	298	289	376	272
deoA	726	595	412	332
deoB	1480	1299	1725	1383
deoD	1316	1206	1686	1532
ytjB	228	206	142	125
serB	688	619	61	45
radA	869	818	108	64
nadR	978	853	139	97
slt	986	833	715	532
ytjC	1138	953	257	208
rob	1283	1066	1000	981
creB	517	420	106	74
creC	241	231	49	56
arcA	4677	3951	13066	10504
yjtD	138	155	126	94
