	IAI1_batch1	IAI1_batch2	IAI1_K12ref_starvation1	IAI1_K12ref_starvation2
thrA	18353	12023	485	369
thrB	5999	3822	279	218
thrC	10508	6982	384	329
yaaA	471	329	132	141
yaaJ	56	39	55	36
talB	4437	2099	2074	2133
htpY	20	14	28	39
dnaK	12813	8992	38127	31379
dnaJ	2247	1567	3706	3031
nhaA	722	584	1278	1096
nhaR	237	195	83	56
ribF	1870	1221	411	333
ileS	7749	5378	1695	1266
ispH	1065	728	145	85
rihC	87	49	68	69
dapB	4138	2461	176	157
carA	4552	3110	29	22
carB	10986	7394	96	69
caiD	38	28	9	10
caiB	29	27	19	21
caiA	63	77	32	38
caiT	11	4	12	6
fixA	14	10	5	8
fixB	12	10	6	8
fixC	18	10	7	3
yaaU	3	10	10	7
kefC	178	136	106	89
apaH	313	206	44	32
ksgA	727	455	146	115
surA	3526	2423	1259	961
imp	4285	3011	1877	1379
djlA	320	195	150	82
rluA	140	94	51	33
hepA	669	469	126	98
polB	109	59	115	115
araD	3	7	25	20
araA	42	20	170	103
araC	377	280	879	777
yabI	180	165	311	211
thiQ	148	117	11	10
tbpA	638	373	28	21
setA	319	241	264	176
leuD	2902	1727	257	183
leuC	4807	2764	182	171
leuB	4326	2441	224	186
leuA	4087	2444	321	265
leuO	60	44	240	143
ilvI	4607	3074	481	402
fruR	1377	977	1948	1434
mraW	1384	945	1064	908
ftsI	1107	803	609	505
murE	1888	1208	509	311
murF	1392	953	332	256
mraY	1063	734	428	281
murD	1637	1142	378	263
ftsW	1354	1051	450	327
murG	1078	726	294	206
murC	1757	1199	357	263
ddlB	1198	863	714	495
ftsQ	1193	905	741	494
ftsA	2939	2166	1307	930
ftsZ	6742	4875	2924	2249
lpxC	7305	5220	19995	17602
secA	5050	3546	3434	2533
yacF	334	249	215	137
coaE	371	222	314	212
guaC	1930	1171	169	154
hofC	43	39	9	15
hofB	35	31	29	26
nadC	190	122	98	93
ampE	294	216	294	196
aroP	5176	3644	854	667
pdhR	666	472	454	400
aceE	24203	17878	6144	4678
aceF	13275	9644	4843	3515
lpd	21510	15182	18370	14370
acnB	13397	7948	19096	16125
speD	2722	1998	241	199
speE	3324	2378	419	325
cueO	395	308	116	66
gcd	483	286	88	70
can	3720	2504	632	512
yadG	403	306	123	94
yadH	294	223	290	231
yadD	202	184	166	176
panC	1640	1135	525	499
yadL	21	20	26	31
ecpD	3	9	6	2
pcnB	2068	1417	105	101
yadB	221	162	57	48
sfsA	569	397	5147	4692
mrcB	1524	1019	411	327
fhuA	8264	5069	5264	4116
fhuC	770	465	148	111
fhuD	423	291	23	15
hemL	3072	2222	614	510
clcA	506	353	338	239
yadS	165	140	52	64
btuF	228	177	31	20
pfs	1218	859	1527	1175
dgt	476	298	236	195
degP	2492	2133	1495	1093
cdaR	211	122	782	696
dapD	11706	7523	1006	786
glnD	571	342	265	234
map	1552	1034	1011	812
rpsB	32406	24349	1747	1616
tsf	20441	15345	828	706
pyrH	2583	2044	303	253
dxr	675	451	284	236
ispU	2338	1714	383	295
cdsA	1124	759	326	249
yaeL	3532	2657	879	613
yaeT	10457	7571	1752	1352
lpxD	4944	3536	1128	764
lpxA	3099	2327	626	501
lpxB	1306	909	161	103
dnaE	2631	1795	298	239
accA	3811	2583	628	508
ldcC	190	115	177	126
nlpE	249	156	139	89
proS	4696	3265	487	400
yaeB	105	73	20	18
metQ	9968	7020	1705	1087
metI	2125	1584	672	365
metN	2781	2152	789	483
dkgB	168	161	154	129
yafC	217	156	309	219
yafD	612	471	1006	799
mltD	8918	6809	627	472
gloB	255	213	150	139
yafS	235	159	177	169
dnaQ	530	422	377	305
yafT	9	9	6	1
yafV	149	103	100	86
fadE	198	154	871	656
yafJ	395	297	365	272
yafK	799	614	237	202
dinB	103	68	110	83
pepD	2633	1786	898	732
frsA	347	235	403	312
phoE	57	49	92	79
proB	1388	869	301	235
proA	1734	1202	506	390
yagR	11	4	24	16
yagS	4	0	4	4
yagT	4	2	5	10
yagU	414	337	185	138
yagV	159	109	29	9
yagW	468	359	67	37
yagX	1006	677	138	45
yagY	503	331	90	29
insF	32	25	135	105
ykgC	40	29	41	15
ykgD	62	62	47	38
ykgE	92	67	635	613
ykgF	160	138	1117	887
ykgG	131	95	631	480
betA	353	244	54	52
betT	336	268	193	157
yahB	85	58	96	65
yahD	26	15	20	13
yahG	3	7	3	5
yahI	15	13	8	0
yahJ	68	42	31	16
yahK	108	92	337	194
yahN	12	13	330	354
prpR	22	14	98	67
prpB	3	1	113	117
prpC	9	6	95	114
prpD	14	7	140	105
prpE	30	16	199	205
codB	798	600	30	17
codA	1021	792	86	67
cynT	14	5	7	14
cynX	12	6	7	8
lacY	14	12	60	72
lacI	264	173	626	417
mhpR	100	72	1961	1567
mhpB	3	4	7	4
mhpC	12	15	5	12
mhpD	12	7	5	5
mhpF	25	9	12	11
mhpE	28	19	16	16
mhpT	32	21	25	29
frmA	376	251	34	29
yaiO	16	13	184	116
yaiP	19	8	15	9
tauA	58	47	9	5
tauB	38	16	7	6
tauD	36	23	14	7
hemB	1068	828	260	229
yaiV	10	8	34	47
ampH	233	134	55	44
sbmA	139	88	58	56
yaiW	273	183	133	97
ddlA	1133	862	888	623
phoA	140	90	118	91
yaiC	14	13	21	21
proC	272	143	91	82
aroM	144	120	40	28
rdgC	1382	932	117	77
mak	200	144	359	274
araJ	112	96	62	47
sbcD	225	168	76	37
phoB	148	119	83	64
phoR	134	92	69	64
brnQ	358	289	1081	904
proY	350	286	218	195
malZ	296	208	91	72
queA	304	184	15	11
tgt	2566	1841	393	304
secD	7142	5128	763	562
secF	4078	2730	962	712
tsx	2930	2218	2507	2078
ribD	642	395	383	330
thiL	307	244	48	47
yajO	199	155	681	524
dxs	896	680	172	115
ispA	560	335	113	68
thiI	863	638	83	62
panE	264	199	147	115
yajR	293	207	104	84
cyoE	5930	4337	4329	3068
cyoC	4300	2849	1945	1455
cyoB	17776	13265	7058	5128
cyoA	11468	8536	5422	3982
ampG	279	145	19	14
tig	23876	16964	619	469
clpP	1845	1336	915	685
clpX	5310	3766	5343	4358
lon	7562	5168	3611	2659
ppiD	6413	4667	2670	1965
queC	477	371	155	123
ybaE	70	48	453	380
cof	141	62	540	465
mdlA	217	115	80	54
mdlB	166	103	38	29
amtB	131	120	68	47
tesB	147	123	122	90
ylaB	138	108	129	105
acrB	8391	5750	1825	1298
acrA	4291	3151	710	513
acrR	368	276	190	154
kefA	1331	1065	357	259
dnaX	1146	754	132	89
recR	802	574	49	32
htpG	3901	2838	8350	6896
adk	4242	3369	327	266
hemH	256	177	82	67
aes	70	46	260	215
gsk	921	663	53	40
ybaL	795	525	214	205
fsr	112	88	59	63
ushA	993	695	517	398
ybaP	188	122	72	44
copA	624	448	497	365
ybaS	166	161	18	14
ybaT	132	108	28	18
ybbK	256	225	835	634
ybbL	191	138	134	111
ybbM	197	141	106	76
ybbN	999	597	577	457
ybbO	214	117	72	56
tesA	212	114	208	185
ybbA	126	80	143	123
ybbP	282	179	204	151
ybbB	91	53	26	16
ybbS	14	9	14	18
allR	1110	752	1322	1185
gcl	36	16	14	18
hyi	12	6	13	12
glxR	12	18	10	4
ybbW	6	6	67	42
allB	46	38	412	242
ybbY	22	9	15	16
glxK	57	57	107	73
ylbA	118	86	165	150
allC	49	38	95	61
allD	16	17	25	22
ylbE	11	13	20	23
ylbF	10	6	13	12
ybcF	39	18	7	5
purK	1930	1281	16	15
lpxH	340	296	33	13
cysS	1580	1169	153	117
folD	781	534	301	281
sfmC	10	8	65	43
sfmH	5	12	10	6
fimZ	1	1	13	10
envY	47	32	32	22
ybcH	29	15	47	40
nfrB	61	38	65	44
cusR	94	75	13	9
cusC	7	6	21	22
cusB	11	4	12	2
cusA	42	28	35	20
pheP	854	699	139	109
ybdG	643	537	295	239
nfnB	968	658	264	191
ybdK	18	8	68	66
fepA	8388	2866	338	234
fepC	266	102	45	24
fepG	158	55	64	34
fepD	100	51	84	50
ybdA	381	147	77	46
fepB	365	141	85	63
entC	1002	296	69	57
entE	1613	476	98	76
entB	1693	505	100	68
entA	1201	373	91	62
cstA	3522	2438	31354	23479
ybdH	593	434	1024	628
ybdL	203	141	257	120
ibrB	37	29	39	38
ibrA	19	10	21	10
ybdO	7	12	15	10
dsbG	272	166	94	78
ahpF	2862	2053	712	542
ybdR	40	26	68	56
rna	189	130	334	283
citT	19	13	21	31
citG	6	5	0	1
citF	3	1	2	4
citE	4	5	5	5
citC	9	7	11	14
citA	156	92	72	47
citB	52	47	35	22
dcuC	17	15	21	17
lipA	945	701	2908	2396
ybeF	47	48	89	75
lipB	241	138	57	61
dacA	1361	946	266	239
rlpA	1170	750	135	108
mrdB	510	351	58	34
mrdA	739	547	72	49
phpB	75	49	16	12
nadD	171	121	52	45
holA	585	399	73	60
leuS	7709	5412	2662	1931
ybeQ	64	48	157	146
ybeU	7	11	6	7
hscC	62	43	54	52
rihA	499	361	550	381
gltL	680	508	391	257
gltK	446	315	329	296
gltJ	515	372	397	276
gltI	4413	3067	8571	6698
ybeX	1711	1158	1068	822
ybeZ	1309	915	1058	836
miaB	1355	966	95	65
asnB	2387	1490	306	220
nagD	497	294	115	76
nagC	550	374	343	277
nagA	990	709	432	358
nagB	554	404	355	317
nagE	1345	981	2950	2388
glnS	3616	2528	1076	887
ybfM	28	22	195	181
ybfF	289	181	91	87
pgm	4898	3386	3259	2317
potE	78	60	221	192
kdpE	60	37	46	40
kdpD	161	91	144	111
kdpB	33	20	14	8
ybgH	403	307	49	39
ybgI	1190	885	463	317
ybgJ	825	528	282	215
ybgK	966	730	316	218
nei	245	192	50	33
abrB	58	37	19	15
gltA	9599	6088	8031	6031
sdhA	9641	6753	10256	7600
sdhB	3931	2942	4591	3495
sucA	18838	12552	19916	14335
sucB	12045	7925	8983	6136
sucC	13132	8836	11851	8420
sucD	10225	6606	11281	8803
mngR	109	82	104	92
mngA	15	2	7	13
cydA	4231	3587	4758	3368
cydB	2581	2160	3586	2671
tolQ	1298	927	155	83
tolA	2152	1428	352	257
tolB	8869	6433	2033	1455
ybgF	3869	2686	657	528
nadA	1475	863	162	90
pnuC	782	488	173	124
zitB	211	130	207	169
aroG	8700	6027	1038	840
gpmA	8103	5576	3270	2270
galM	3012	2282	886	752
galK	684	559	283	213
galT	349	213	127	114
galE	379	242	222	178
modF	1791	1253	328	246
modE	286	182	179	172
modA	270	202	96	88
modB	148	107	101	44
modC	262	178	93	64
ybhA	298	226	67	44
pgl	644	450	172	109
ybhD	26	9	40	38
ybhH	4	1	22	15
ybhI	1169	845	58	37
ybhJ	67	67	21	33
ybhC	2704	2226	85	65
bioB	1635	1034	965	621
bioC	458	278	37	27
bioD	455	308	32	22
uvrB	742	529	1095	934
ybhK	377	237	208	137
moaA	963	588	673	508
ybhL	493	294	1948	1778
ybhN	8	4	14	16
ybhO	13	8	31	15
ybhP	14	13	34	26
ybhR	46	37	77	62
ybhS	74	60	55	57
ybhF	252	185	119	70
ybhG	160	100	110	65
ybiH	58	40	49	28
rhlE	188	111	16	23
dinG	205	136	222	166
ybiB	313	226	259	182
ybiC	2642	1885	860	627
ybiX	50	41	71	52
fiu	378	123	73	41
ybiN	282	201	44	31
ybiO	53	27	48	42
glnQ	785	571	898	781
glnP	540	440	1231	1058
glnH	2287	1675	9478	7805
rhtA	66	46	28	21
ybiR	264	192	208	148
ybiS	1606	1102	393	339
ybiT	2162	1539	379	292
ybiU	108	79	31	25
ybiV	283	220	70	41
ybiW	65	39	64	41
ybiY	11	5	5	3
fsaA	49	32	37	32
moeB	274	194	107	76
moeA	446	291	295	224
iaaA	1526	1027	390	272
yliA	1244	848	224	161
yliB	1149	822	242	180
yliC	414	262	56	45
yliD	330	234	28	25
yliE	417	421	20	20
yliF	167	181	44	25
yliG	656	412	50	83
yliI	23	25	69	61
yliJ	877	643	210	154
dacC	928	730	1013	755
deoR	472	363	239	226
cmr	224	173	126	133
ybjI	225	137	68	50
ybjJ	107	77	53	53
ybjL	422	264	537	456
nfsA	429	263	146	114
rimK	370	247	83	86
potF	1473	1053	371	306
potG	608	439	89	80
potH	313	208	68	37
potI	273	177	96	78
rumB	279	190	24	9
artJ	3931	2815	104	80
artM	730	544	81	57
artQ	656	525	85	66
artI	1543	1202	432	313
artP	937	636	192	153
ybjR	231	162	302	233
ybjS	263	149	94	73
ybjT	561	344	102	74
ltaE	893	540	105	92
poxB	47	23	91	74
hcr	27	8	35	31
hcp	15	16	17	16
ybjE	155	76	25	28
aqpZ	100	54	178	132
ybjD	448	325	1043	768
ybjX	2316	1691	2044	1798
macA	351	228	347	249
macB	377	248	514	391
clpA	6294	4321	27649	22768
aat	116	54	28	32
cydC	484	311	107	66
cydD	566	374	119	121
trxB	5468	3746	442	341
lolA	723	542	654	481
ycaJ	507	405	146	112
serS	5551	4025	3918	3105
dmsA	80	92	61	37
dmsB	26	33	34	20
dmsC	71	68	95	62
ycaC	40	25	95	81
ycaD	239	200	146	107
ycaM	22	11	29	26
ycaN	91	70	128	119
pflA	300	214	613	598
pflB	11469	10594	13894	10372
focA	966	945	1848	1240
ycaO	1743	1174	57	56
ycaP	333	237	533	469
serC	12366	8189	1270	985
aroA	5723	3980	191	115
ycaL	77	53	22	18
cmk	2884	2112	304	267
rpsA	85900	63854	9146	7932
msbA	1873	1250	309	205
lpxK	431	272	61	40
kdsB	1218	849	388	274
ycbJ	80	66	311	234
smtA	549	426	234	161
mukF	1113	789	277	200
mukE	664	531	163	105
mukB	4496	3148	692	533
ycbB	559	360	873	648
ycbL	1247	895	1197	869
aspC	6452	3976	1900	1596
ompF	25326	18016	16540	12556
asnS	4933	3386	1313	1160
pncB	1338	812	151	125
pepN	2360	1523	4191	3147
ssuC	13	8	11	7
ssuA	15	16	9	11
ycbR	19	8	15	14
ycbT	64	36	29	20
ycbF	30	24	22	11
pyrD	811	523	30	20
ycbX	475	252	230	135
ycbY	1224	883	129	111
uup	1396	970	140	132
pqiA	317	229	123	80
pqiB	714	567	248	208
ycbZ	1034	748	301	252
yccR	144	105	250	245
yccS	411	326	215	150
helD	820	608	522	367
yccT	12	6	20	25
yccW	587	424	221	168
yccA	2525	1723	5174	4146
hyaA	7	2	6	5
hyaB	9	4	6	7
hyaC	6	8	10	5
hyaF	12	8	12	9
appC	78	72	89	46
appB	33	24	23	12
appA	62	43	55	40
yccC	7462	5813	220	198
yccZ	3544	2552	31	32
ymcA	2988	2143	16	22
ymcB	705	472	8	7
ymcC	1470	1103	82	78
yccM	56	30	39	32
torR	102	71	96	70
torC	15	13	12	11
torA	31	30	58	41
cbpA	264	227	304	205
agp	269	212	4420	3310
rutG	34	14	37	31
rutD	4	4	7	3
rutB	0	2	1	0
rutA	2	4	7	4
rutR	123	87	209	161
putP	2727	1796	3967	3458
efeO	3026	1636	95	66
efeB	1599	904	88	63
phoH	361	243	8730	7435
ycdW	788	523	446	288
ycdX	937	667	555	357
csgG	47	39	86	57
csgD	25	22	96	59
ymdC	101	77	125	106
mdoC	72	54	60	37
mdoG	2007	1350	756	683
mdoH	1694	1138	501	401
mdtG	20	11	22	23
lpxL	114	71	115	97
yceA	1678	1103	59	58
solA	1233	739	430	305
pyrC	648	344	54	50
grxB	316	171	109	104
mdtH	41	23	59	53
yceH	460	323	634	423
mviM	542	387	704	559
mviN	265	196	43	43
flgA	21	11	19	14
flgD	11	4	7	4
flgF	6	4	1	3
flgG	11	5	2	1
flgH	3	5	3	4
flgI	9	7	2	1
flgJ	8	4	6	2
flgK	43	33	61	44
flgL	40	30	86	77
rluC	1035	820	148	118
plsX	2944	2198	257	185
fabH	4207	3027	562	453
fabD	4953	3258	631	423
fabG	7863	5253	3573	2487
fabF	8161	5678	3172	2591
pabC	331	254	138	102
yceG	328	245	94	55
tmk	299	188	72	52
holB	319	192	68	64
ycfH	443	300	83	88
ptsG	12883	9249	433	380
fhuE	325	127	190	182
ycfM	823	574	248	175
ycfN	411	256	141	106
nagZ	921	643	536	434
ndh	959	651	119	89
ycfQ	116	69	471	409
ycfS	155	113	136	120
mfd	1646	996	526	405
lolC	485	268	58	35
lolD	395	232	18	17
lolE	803	597	451	341
ycfX	584	414	373	266
cobB	760	526	175	148
potD	4785	3519	167	125
potC	573	402	33	42
potB	373	243	27	21
potA	728	420	58	45
pepT	363	307	646	521
ycfD	1081	780	510	443
phoQ	1704	1327	434	318
phoP	1371	1090	898	675
purB	1521	848	85	62
hflD	274	138	61	60
trmU	1009	674	102	78
ymfC	100	71	52	39
icd	39514	27458	35209	27191
ycgE	497	328	330	251
ycgF	192	119	107	89
ycgG	13	10	25	20
minD	3298	2523	1499	1120
minC	1154	745	687	501
ycgM	975	677	495	362
umuC	68	51	95	74
nhaB	360	226	130	114
fadR	497	360	1484	1154
ycgB	31	29	791	669
dadA	244	163	2751	1938
dadX	133	93	1005	776
cvrA	360	275	104	94
emtA	553	409	116	93
ycgR	92	54	22	11
treA	30	24	190	121
dhaH	1048	733	237	188
dhaL	474	322	85	83
dhaK	871	562	190	140
dhaR	268	161	125	105
ychF	3004	2322	712	507
ychM	215	138	526	431
prsA	3780	2211	298	273
ispE	1008	568	130	124
lolB	440	291	100	80
hemA	824	636	295	210
prfA	717	594	121	74
prmC	289	206	25	36
ychA	654	533	501	407
kdsA	2216	1715	785	564
chaA	1646	1167	372	293
chaC	320	249	246	178
ychP	146	106	102	54
narL	355	232	93	61
narX	272	185	133	103
narK	14	11	40	25
narG	63	48	67	45
narH	56	33	50	49
narJ	16	17	19	22
narI	20	13	22	23
purU	2111	1607	351	239
rssA	321	243	287	216
rssB	232	172	250	164
galU	2097	1583	1040	739
tdk	514	415	146	114
adhE	8423	5824	8589	7087
ychE	75	61	66	71
oppA	1658	1115	942	657
oppB	321	223	70	67
oppC	422	311	79	65
oppD	559	383	128	87
oppF	610	393	243	181
cls	952	665	1048	743
kch	342	245	172	113
tonB	731	377	580	498
yciC	574	443	683	540
ompW	525	927	2474	1543
trpA	2496	1633	144	141
trpB	4600	2742	206	171
trpD	2482	1274	74	77
trpE	1305	743	26	30
yciV	418	317	374	385
yciO	356	234	223	205
rluB	1206	860	130	79
yciK	626	439	468	352
sohB	1637	1123	942	760
topA	5958	4136	1335	1040
cysB	568	434	568	434
acnA	1476	1105	2359	1625
pgpB	225	154	225	167
yciM	814	612	819	573
pyrF	1329	959	48	32
deoT	314	201	192	183
gmr	644	481	402	330
rnb	5397	3536	206	155
fabI	6623	4837	2929	2402
sapF	188	133	44	33
sapD	301	196	85	75
sapC	107	71	45	31
sapB	122	93	83	43
sapA	276	186	170	140
puuP	47	31	68	43
puuA	134	66	143	120
puuD	180	108	300	293
puuB	14	6	3	5
puuE	20	12	23	16
pspF	137	82	141	99
pspA	524	425	1390	1063
ycjM	9	7	36	28
ycjN	2	4	9	3
ycjO	3	4	8	5
ycjP	3	3	6	3
ycjQ	13	13	7	5
ycjR	8	8	4	7
ycjS	18	10	15	11
ycjU	2	1	3	2
ompG	6	11	14	6
ycjW	161	100	42	42
ycjX	243	160	228	176
ycjF	245	151	218	167
tyrR	957	723	861	644
ycjG	172	119	647	452
mpaA	111	68	136	109
ycjZ	159	123	111	69
mppA	959	777	1391	1063
ynaI	220	171	205	173
uspE	1375	1043	8899	6764
fnr	2207	1453	4029	3419
abgT	17	10	8	19
abgB	19	11	26	18
abgA	28	20	14	13
abgR	91	67	117	114
ydaM	55	45	158	104
ydaN	391	264	319	250
dbpA	155	107	45	27
ydaO	866	688	122	103
ompN	77	51	198	164
ldhA	607	424	478	337
feaR	155	108	1246	1053
feaB	131	95	400	362
maoC	37	30	23	17
paaA	26	14	14	14
paaC	26	21	20	10
paaJ	29	19	21	12
paaF	17	16	1	1
paaG	27	11	5	4
paaH	50	38	17	9
paaE	87	64	1310	957
paaK	81	58	766	572
paaX	205	137	202	146
ydbC	66	47	1306	1043
azoR	340	261	170	192
hrpA	1394	931	202	167
ydcF	144	101	130	75
aldA	580	374	6295	4965
trg	68	63	144	109
ydcI	491	332	2202	1756
ydcJ	56	27	319	191
mdoD	1437	994	636	448
ydcK	41	28	85	68
tehA	100	60	115	95
ydcL	417	283	420	318
ydcO	75	41	58	50
ydcP	1475	1097	201	157
ydcR	269	169	55	79
ydcS	28	20	349	227
ydcT	9	15	58	67
ydcU	13	9	49	26
ydcV	19	12	36	23
ydcW	97	71	126	89
yncB	137	113	653	444
yncC	62	51	249	168
yncD	337	211	66	58
yncE	8137	3875	4020	3015
ansP	444	325	54	60
yncG	7	9	28	16
nhoA	90	71	92	59
narV	36	13	52	40
narW	11	7	17	20
narY	25	27	44	29
narZ	55	38	75	58
narU	9	10	43	44
yddG	149	115	22	24
fdnG	112	82	449	401
fdnH	29	30	99	85
fdnI	47	39	55	57
adhP	85	40	110	77
sfcA	1784	1315	584	444
ddpD	24	7	20	18
ddpC	19	11	22	15
ddpB	9	4	12	13
ddpA	16	14	44	39
dos	286	206	134	120
yddV	355	230	462	325
yddW	255	195	243	201
gadC	76	59	149	95
gadB	162	115	102	87
ydeM	21	11	86	71
ydeN	120	68	447	450
ydeO	8	5	13	5
ydeP	211	168	289	192
ydeQ	70	70	26	15
lsrK	79	57	666	554
lsrR	130	110	553	450
lsrC	17	13	88	51
lsrD	12	11	44	34
lsrB	28	30	95	52
lsrF	70	39	110	71
tam	35	28	80	65
yneE	66	49	29	19
uxaB	164	108	166	125
yneF	215	177	142	144
yneH	283	207	18	15
yneI	147	138	50	40
ydeA	128	107	43	31
marC	108	85	92	57
eamA	422	264	326	260
ydeE	66	48	86	56
ydeH	230	194	1053	668
dcp	2048	1488	423	245
ydfG	1567	1097	636	463
ydfH	357	285	243	214
ydfT	32	33	55	38
ydfU	6	3	15	11
rspB	105	77	117	104
rspA	243	159	56	54
ynfC	235	166	359	250
ynfF	50	46	49	39
ynfG	19	12	8	8
ynfH	127	81	70	73
dmsD	185	137	85	76
clcB	39	30	16	14
ynfK	132	121	592	425
dgsA	996	689	652	463
ynfL	61	37	51	41
ynfM	176	96	47	39
ydgD	175	125	458	345
ydgG	138	120	172	108
pntB	26422	18184	2308	1607
pntA	35926	23832	1984	1385
ydgH	3349	2354	1748	1472
ydgI	152	113	58	46
folM	207	148	134	107
rstA	661	499	195	153
rstB	738	532	169	125
tus	117	62	232	153
fumC	814	421	4403	3434
fumA	3208	2383	19681	16929
manA	657	491	331	279
ydgA	2375	1778	1039	786
uidC	13	12	90	54
uidB	7	8	90	70
uidA	21	18	376	240
hdhA	675	540	263	209
malI	81	64	152	112
malX	112	108	139	91
malY	393	300	192	167
add	183	114	515	390
ydgJ	1395	938	948	740
rsxD	272	153	18	14
rsxG	214	105	9	16
rsxE	135	91	19	17
nth	151	79	29	7
ydgR	210	123	60	49
gst	644	441	1827	1558
pdxY	490	327	128	91
tyrS	6087	4221	1053	796
pdxH	663	472	238	214
anmK	378	257	449	334
ydhJ	39	29	13	8
ydhF	233	161	459	300
nemA	222	142	68	54
rnt	138	77	20	19
ydhO	282	190	135	109
ydhP	361	256	18	15
purR	2158	1563	242	205
ydhB	118	85	37	43
ydhC	66	51	16	20
cfa	585	305	899	800
ribC	887	639	598	448
mdtK	152	102	626	494
ydhQ	587	415	605	465
ydhS	19	17	120	89
ydhT	17	17	44	29
ydhU	42	32	78	59
ydhX	25	16	25	15
ydhV	26	16	54	35
ydhY	4	2	10	13
pykF	5250	3691	483	331
ynhG	252	200	843	649
sufS	805	297	186	148
sufC	603	219	179	120
sufB	1221	457	446	332
ydiK	464	299	277	232
ydiM	5	6	65	59
ydiN	3	5	52	42
ydiB	53	34	45	34
aroD	382	221	120	124
ydiF	25	9	23	23
ydiO	27	14	12	19
ydiP	75	47	216	195
ydiQ	7	9	9	10
ydiR	13	17	16	13
ydiS	18	11	14	10
ydiD	32	36	74	56
pps	7622	5474	12474	9653
ydiA	179	108	195	198
aroH	476	300	32	27
ydiV	253	197	134	80
btuD	246	164	52	34
btuC	262	184	125	99
pheT	15295	10576	3328	2600
pheS	5466	3745	243	168
thrS	19354	14094	11950	10102
ydiY	91	58	32	30
pfkB	241	90	191	126
yniA	145	108	8513	6513
yniC	338	240	153	190
ydjN	7611	5672	359	282
katE	82	54	57	32
chbF	107	77	243	175
chbR	80	80	283	203
chbC	36	40	457	396
nadE	1778	1244	502	359
ydjQ	92	51	54	33
astE	6	12	120	107
astB	12	9	168	126
astA	12	6	220	160
astC	11	11	418	328
xthA	645	427	190	154
ydjX	45	29	80	55
ydjZ	37	26	17	17
ynjE	343	270	60	45
ynjF	57	45	42	33
gdhA	12043	7309	590	516
topB	1081	740	299	204
selD	1449	961	1216	918
sppA	1164	819	534	406
ansA	391	257	64	60
pncA	466	292	245	221
ydjE	35	25	135	84
ydjF	241	227	364	293
ydjG	89	66	68	45
ydjH	43	28	36	18
ydjI	53	36	54	30
ydjJ	43	41	34	16
ydjK	27	24	24	18
ydjL	32	35	27	15
gapA	42272	29884	5443	4409
yeaD	595	325	70	57
yeaE	257	165	135	127
mipA	4362	3193	247	201
yeaG	284	188	3160	2311
yeaH	45	32	1056	820
yeaI	2	3	30	25
yeaJ	155	113	130	100
yeaM	70	37	56	47
yeaN	50	40	27	24
yeaP	940	695	370	301
yeaS	26	25	84	75
yeaT	70	62	103	79
yeaU	67	44	86	104
yeaV	21	15	341	300
yeaW	56	34	605	476
yeaX	55	33	372	250
rnd	235	156	94	48
fadD	429	319	6636	5113
yeaZ	581	395	28	29
yoaA	515	332	103	51
sdaA	151	112	627	505
adrB	31	41	54	44
yoaE	335	233	142	102
manX	5828	3975	1142	891
manY	4750	3406	859	648
rrmA	228	185	41	36
kdgR	1301	1050	1431	1120
yebQ	16	19	27	19
htpX	4203	3013	19130	15535
prc	5880	4217	919	703
yebS	180	115	125	116
yebT	466	341	86	95
yebU	340	239	60	53
pphA	37	26	61	49
yebZ	864	636	73	69
yobB	124	69	307	271
exoX	210	131	202	115
ptrB	208	111	137	113
yebE	238	150	933	744
purT	1577	1101	26	23
eda	1079	752	217	156
edd	684	421	95	86
zwf	4412	2853	780	631
yebK	368	234	548	499
pykA	1852	1175	731	579
lpxM	616	421	212	207
yebA	3632	2652	1446	1000
znuA	19263	13534	629	497
znuC	892	656	175	137
znuB	767	571	50	46
ruvB	576	377	324	236
ruvA	367	223	338	275
yebB	24	14	38	24
yebC	3200	2356	451	295
aspS	5329	3743	846	735
yecE	61	35	30	31
yecO	293	185	89	61
yecP	467	364	81	75
torY	4	6	42	25
cutC	641	459	242	227
argS	2985	2213	380	300
flhA	125	95	78	65
flhB	6	5	6	5
cheZ	31	34	22	25
cheB	12	11	14	7
cheR	10	9	9	6
tap	16	7	16	7
tar	15	7	41	21
cheA	56	36	14	7
motB	19	12	9	3
motA	16	8	2	8
otsA	111	85	240	173
otsB	24	20	77	76
araH	29	22	876	727
araG	54	31	797	577
araF	34	19	1564	1205
tyrP	331	264	109	79
yecA	795	606	1696	1323
uvrC	968	704	205	135
uvrY	1302	1077	581	441
sdiA	260	180	260	196
yecC	381	264	52	53
yecS	283	182	46	45
yedO	771	435	151	123
fliY	6432	4397	1218	861
fliA	3	3	6	3
fliD	22	12	19	13
amyA	132	85	304	279
yedE	1487	1062	303	191
fliF	9	3	6	2
fliG	13	8	8	7
fliH	6	3	5	2
fliI	7	3	4	4
fliM	13	5	6	5
fliP	6	4	4	4
fliR	14	10	106	106
rcsA	63	38	28	21
yedP	19	23	94	54
yedQ	177	101	170	131
yedI	312	230	205	138
yedA	24	14	19	9
dcm	818	520	148	118
yedJ	213	128	30	22
hchA	158	124	787	796
yedW	435	357	271	228
yedZ	65	43	61	53
yodA	17212	16450	77	65
yeeI	583	414	4850	4093
shiA	897	519	239	205
amn	411	240	260	221
yeeN	1937	1594	279	197
yeeO	96	94	174	144
cbl	1621	1199	72	58
nac	31	16	69	47
erfK	353	243	266	202
cobS	231	165	208	139
yeeA	90	48	100	79
dacD	54	50	26	29
yeeE	944	659	84	55
yeeF	4880	3739	47	35
yeeY	137	89	324	259
yeeZ	745	458	881	787
hisG	2065	1238	178	154
hisD	1898	1023	128	112
hisC	1694	957	123	115
hisB	2688	1460	241	184
hisA	2081	1266	172	110
hisF	2135	1326	126	92
ugd	437	313	251	172
gnd	8306	6421	951	632
galF	3653	2728	472	345
wcaL	24	17	10	5
wcaK	15	8	10	13
wzxC	7	4	1	4
wcaJ	9	1	5	5
cpsG	2178	1433	5	2
cpsB	1332	926	12	11
fcl	17	9	4	4
gmd	17	9	7	7
wcaE	3	3	2	4
wcaD	6	3	4	2
wcaC	15	10	9	6
wcaA	6	2	5	5
wzc	22	16	20	22
wza	8	4	3	2
yegH	500	399	198	169
asmA	1142	758	636	467
udk	424	321	38	37
yegL	10	4	1	1
mdtA	36	34	16	19
mdtB	111	82	18	17
mdtC	82	78	20	9
baeS	69	55	15	7
baeR	146	95	120	90
yegQ	621	445	68	55
yegS	23	24	61	41
gatD	19	13	57	29
gatZ	3	10	31	19
gatY	5	5	35	18
fbaB	405	306	560	385
yegT	59	35	40	34
yegU	63	53	21	21
yegV	62	33	34	22
yegW	128	82	98	58
yegX	142	85	12	17
thiD	1423	844	117	76
thiM	1568	986	89	83
rncA	46	39	70	44
yehA	12	8	27	24
yehC	0	1	0	0
mrp	2349	1812	855	697
metG	3024	1825	397	358
yehL	23	15	3	8
yehP	24	28	9	4
yehT	262	201	268	170
yehU	490	347	934	735
mlrA	38	19	55	45
yehW	17	15	7	4
yehX	26	19	14	6
yehY	18	5	9	8
yehZ	26	17	47	40
bglX	1898	1294	407	281
dld	1770	1129	1579	1234
pbpG	453	315	182	151
yohF	33	15	39	37
dusC	392	239	34	34
yohK	35	18	42	22
cdd	69	49	345	285
sanA	160	87	82	58
yeiT	38	37	1543	1127
yeiA	70	67	1193	824
mglC	337	263	692	483
mglA	561	465	1673	1064
mglB	1455	1112	6728	5069
galS	100	78	648	415
yeiB	348	188	34	20
folE	2469	1301	182	147
frmC	383	182	300	288
cirA	8202	2689	444	311
lysP	5929	3858	121	125
yeiE	182	109	159	126
yeiH	200	107	332	270
nfo	304	206	96	78
yeiJ	59	35	66	63
rihB	13	4	33	32
yeiL	19	18	107	74
yeiC	4	1	31	11
fruA	859	604	536	407
fruK	476	286	190	161
fruB	473	293	141	102
setB	36	21	19	12
yeiQ	229	135	162	153
yeiR	237	208	10	14
yeiU	386	323	16	10
rtn	310	189	175	146
yejB	89	69	44	24
yejE	123	105	31	22
yejF	314	199	89	48
bcr	298	189	91	92
rsuA	449	301	89	44
yejH	63	39	25	21
yejK	1479	1099	356	321
yejM	780	509	122	108
narP	241	196	323	254
ccmH	174	179	108	72
ccmF	283	293	70	31
ccmC	93	99	32	29
ccmB	68	57	29	17
ccmA	66	80	103	104
napC	95	121	148	141
napH	43	59	49	26
napG	44	64	35	18
napA	305	404	184	159
mqo	1095	694	19	21
yojI	953	624	58	37
alkB	23	20	33	19
ada	69	44	121	76
yojL	49	38	17	13
rcsB	1923	1343	1381	1054
rcsC	915	671	296	237
yfaP	13	3	7	12
yfaQ	29	22	26	15
yfaT	1	2	2	3
gyrA	8946	6396	951	704
ubiG	443	277	42	41
nrdA	2307	1368	87	82
nrdB	1607	1123	146	103
inaA	301	187	232	170
glpQ	331	247	1233	926
glpT	100	59	483	362
glpA	20	13	20	14
glpB	14	10	11	10
glpC	23	14	30	35
yfaY	333	223	183	147
ais	146	85	42	16
yfbE	547	374	157	120
yfbF	144	76	38	26
yfbG	360	251	79	52
yfbH	123	84	26	19
arnT	146	103	59	60
menE	341	266	22	12
menC	437	291	47	28
menB	780	557	83	62
yfbB	160	142	21	16
menD	252	199	49	49
menF	325	237	70	57
elaC	145	91	64	52
nuoN	2334	1580	628	586
nuoM	2164	1484	436	348
nuoL	3941	2699	1065	842
nuoH	2602	1883	623	514
nuoG	8739	6362	2174	1576
nuoF	3788	2804	771	570
nuoC	4672	3515	2002	1456
nuoB	2457	1674	1932	1332
lrhA	636	565	6370	5372
yfbQ	690	464	904	756
yfbS	205	139	362	303
yfbT	1907	1345	753	578
ackA	2302	1554	1496	1336
pta	3849	2537	815	543
yfcF	111	58	39	23
yfcG	13	11	42	41
yfcH	691	437	820	666
hisP	1338	909	160	108
hisM	1094	758	170	130
hisQ	2094	1634	425	285
hisJ	10536	7580	1231	941
purF	4608	3337	205	178
dedD	569	370	317	231
folC	1061	762	395	309
accD	5631	4128	1878	1599
truA	625	456	114	82
usg	1225	873	131	95
pdxB	1379	1008	229	185
flk	289	199	40	25
yfcJ	153	92	8	11
fabB	7074	4692	12141	9860
trmC	369	260	103	101
yfcA	380	290	164	130
mepA	537	354	109	79
aroC	1742	1084	206	159
prmB	1284	842	167	106
yfcY	85	51	679	473
fadL	1106	682	671	496
vacJ	1243	984	349	290
yfdC	23	31	62	50
dsdA	131	90	64	61
emrY	18	14	27	17
emrK	19	14	26	19
evgA	460	361	32	23
yfdE	25	23	64	52
yfdV	11	14	45	29
oxc	45	25	46	34
frc	60	31	27	31
yfdX	18	17	39	17
ddg	34	39	44	29
yfdZ	855	536	764	633
ypdA	140	99	129	73
ypdB	165	124	240	164
ypdC	54	40	71	40
ypdD	56	53	23	28
ypdE	13	3	9	4
ypdF	16	15	14	11
ypdG	17	9	22	8
glk	937	614	617	490
yfeO	70	50	124	114
mntH	451	302	1219	865
nupC	2371	1823	611	560
yfeA	399	356	187	167
gltX	3307	2523	413	326
yfeR	91	66	98	77
yfeH	725	454	236	281
ligA	884	591	315	257
zipA	2879	1965	2786	2191
cysZ	168	150	493	440
cysK	20013	15004	1778	1337
ptsI	32290	22767	3924	3389
pdxK	687	492	140	118
cysM	2579	1704	62	40
cysA	2950	1875	57	43
cysW	1682	1064	38	29
cysU	1347	915	24	30
cysP	3181	2024	116	64
ucpA	816	517	7276	6437
yfeT	53	53	49	41
yfeU	108	54	334	279
murP	51	56	433	323
murQ	87	74	539	466
yfeX	924	687	502	371
amiA	461	302	113	108
hemF	195	127	43	22
yfeG	46	15	19	21
eutL	36	31	17	15
eutC	17	19	25	14
eutB	38	30	32	22
eutA	6	7	11	13
eutH	21	10	19	12
eutG	7	6	5	10
eutJ	5	2	1	2
eutE	10	5	9	6
eutI	9	10	102	83
eutT	11	7	50	41
eutQ	7	9	75	46
maeB	3700	2499	9360	7028
talA	150	106	486	350
tktB	174	116	481	326
ypfG	27	24	62	56
aegA	54	45	76	44
narQ	136	115	226	182
acrD	123	88	78	61
dapE	983	738	677	464
ypfH	178	158	120	130
ypfJ	669	494	551	375
purC	3831	2825	371	300
nlpB	4939	3500	1500	1208
dapA	5699	4011	1949	1664
hyfA	4	3	1	0
hyfC	3	6	14	6
hyfD	6	3	8	6
hyfE	6	2	8	5
hyfG	13	13	13	8
hyfI	6	6	4	3
perM	263	196	277	211
yfgC	855	606	786	549
hda	558	414	158	106
uraA	1187	918	23	21
upp	3026	2098	48	18
purM	4147	2809	123	98
purN	1075	751	46	36
ppk	847	600	882	751
ppx	713	474	302	244
yfgF	68	56	74	48
guaA	4792	3023	389	333
guaB	3819	2538	117	98
xseA	516	294	63	50
der	1867	1396	373	281
yfgL	4077	2966	650	501
yfgM	1867	1365	343	266
hisS	4259	2941	724	521
ispG	1636	1213	962	703
yfgA	1253	822	953	752
yfgB	1216	841	179	129
pbpC	131	80	36	41
sseA	591	336	1260	1045
sseB	571	349	485	354
pepB	1247	683	668	467
hscA	2196	1199	707	554
iscS	6003	3204	9161	6867
yfhQ	574	341	393	311
suhB	1684	1323	58	42
yfhR	22	13	13	10
hcaT	136	77	235	181
hcaR	506	357	1872	1437
hcaE	21	13	29	20
hcaB	13	7	9	3
yphB	29	24	171	113
yphC	27	19	192	111
yphD	9	2	163	95
yphE	26	22	363	260
yphF	13	10	454	319
yphH	126	93	107	94
glyA	22427	15714	2009	1581
hmp	386	296	1190	1069
yfhA	424	326	42	31
yfhG	317	238	58	30
yfhK	395	241	137	96
yfhD	241	194	46	19
yfhB	212	187	282	177
yfhH	143	123	73	70
pdxJ	1201	850	243	165
recO	474	341	47	45
era	1511	1018	112	72
rnc	1018	691	90	74
lepB	1660	1136	242	210
lepA	4341	3036	364	264
rseB	873	647	675	507
rseA	2194	1616	6881	5367
yfiC	192	135	36	17
srmB	506	280	153	116
yfiE	93	70	210	171
ung	340	274	127	104
yfiF	970	675	112	97
yfiP	70	62	21	18
yfiQ	405	335	4393	3565
pssA	2042	1401	2622	2061
kgtP	795	563	3028	2260
clpB	3454	2614	22700	19108
yfiH	328	257	51	59
rluD	671	483	285	260
yfiO	2593	1901	951	649
pheA	1982	1349	446	354
tyrA	4932	3013	281	198
aroF	5935	4057	249	186
yfiN	87	54	95	65
trmD	24226	17483	2182	1823
ffh	1920	1287	1073	979
ypjD	361	225	84	53
yfjD	495	366	202	174
yfjB	226	168	232	178
recN	255	167	581	468
gabT	82	57	351	226
gabP	28	18	124	87
csiR	166	109	274	231
nrdF	164	68	33	22
proV	793	461	77	68
proW	295	161	25	26
proX	412	201	54	36
ygaZ	780	478	218	156
emrA	405	304	18	8
emrB	321	261	40	34
gshA	2460	1838	885	656
alaS	14322	9894	1856	1378
recA	3395	2377	1640	1383
mltB	184	103	6	11
srlE	15	4	109	88
srlD	82	57	186	116
srlR	201	116	587	490
gutQ	205	153	347	253
norV	13	3	30	22
norW	22	11	14	7
ascG	338	238	98	84
ascF	16	13	85	68
hycG	37	17	14	8
hycE	17	4	4	1
hycD	6	7	2	0
hycC	7	12	5	6
hycB	5	1	0	0
hypB	54	36	73	51
hypD	65	60	40	48
hypE	79	65	44	42
fhlA	74	52	73	72
mutS	692	471	125	76
ygbI	233	166	542	396
ygbJ	16	14	152	136
ygbK	39	27	131	113
ygbL	21	12	99	55
ygbM	31	25	102	70
ygbN	30	20	63	61
nlpD	11162	8193	64583	56790
pcm	670	415	240	156
surE	720	461	153	94
truD	1282	847	263	209
ispD	624	423	40	34
cysC	2209	1373	43	33
cysN	8430	5542	203	148
cysD	4831	3141	84	50
iap	199	152	134	128
cysH	4612	3377	40	34
cysI	9685	6504	69	31
cysJ	6920	4520	36	17
ygcQ	37	24	15	12
ygcR	8	11	3	5
ygcS	9	6	7	4
ygcU	31	21	28	20
ygcW	13	9	15	13
yqcE	26	28	27	22
ygcF	498	411	456	349
eno	33637	26255	1828	1343
pyrG	6889	5208	895	674
mazG	609	520	281	242
relA	2610	1868	1792	1283
barA	532	443	177	141
gudD	112	77	357	253
gudX	48	45	258	182
gudP	11	16	465	410
truC	202	116	9	8
queF	693	493	235	186
ygdH	736	439	879	832
sdaC	412	283	55	46
sdaB	210	175	66	61
exo	148	112	97	83
fucO	96	69	1479	940
fucA	19	13	361	249
fucP	10	13	235	203
fucI	74	35	368	248
fucK	92	63	256	211
fucR	354	241	575	460
ygdE	540	422	235	182
gcvA	274	182	233	207
csdA	309	202	98	73
ygdL	356	219	88	65
mltA	1331	959	997	781
amiC	856	709	80	57
argA	7972	5541	192	161
recD	700	490	103	69
ptr	961	719	291	224
recC	732	485	300	270
thyA	1011	665	256	184
lgt	599	350	102	75
ptsP	1445	962	458	324
mutH	150	108	188	169
ygdQ	111	68	73	76
tas	582	359	397	370
ygeD	283	185	106	69
aas	872	543	141	91
galR	257	175	187	165
lysA	1853	1221	30	23
lysR	92	49	71	56
ygeA	205	125	132	93
araE	349	284	226	225
kduD	60	50	113	80
kduI	45	37	76	45
yqeF	1173	817	2861	2054
yqeG	70	58	78	65
yqeH	14	15	23	11
yqeI	33	30	11	10
ygeH	5	6	19	12
ygeR	460	290	331	267
xdhA	61	36	213	155
xdhB	17	14	72	39
ygeV	148	118	4814	3962
ygeW	12	4	36	24
ygeX	17	16	12	12
ygeY	9	9	32	14
hyuA	14	10	25	17
yqeA	32	31	120	108
yqeB	36	23	869	622
yqeC	5	3	609	369
ssnA	13	4	57	56
ygfM	13	8	46	27
xdhD	61	55	298	198
ygfO	27	20	33	32
guaD	127	121	74	51
ygfT	56	36	117	92
ygfU	3	8	50	30
lysS	5423	3784	540	446
prfB	4244	2911	511	462
recJ	1209	879	153	125
dsbC	783	571	178	152
xerD	653	450	221	185
ygfZ	909	570	614	497
yqfA	116	90	828	594
bglA	1198	827	367	285
ygfF	33	29	11	5
gcvP	2529	1899	213	169
gcvT	2242	1700	158	127
visC	525	365	187	153
serA	22724	15304	1402	1148
rpiA	1453	1058	594	440
argP	565	401	507	371
yliK	48	33	32	19
argK	10	13	12	5
ygfG	11	5	5	3
ygfH	30	28	24	19
ygfI	47	44	77	86
yggE	430	334	387	253
argO	124	78	40	38
mscS	2076	1593	224	172
fbaA	13947	10631	2355	1908
pgk	11509	8717	2284	1940
epd	2469	1738	690	564
yggF	13	7	12	13
cmtA	16	10	12	3
tktA	7882	4872	2202	1829
yggG	1100	875	1366	1174
speB	875	569	98	74
speA	8625	5938	593	459
metK	9908	6580	1997	1311
galP	161	121	24	15
endA	76	60	11	7
yggJ	372	246	95	95
gshB	804	496	329	264
yggS	417	304	125	100
yggW	477	363	39	34
yggM	29	21	66	45
ansB	67	47	113	88
yggN	469	360	229	172
yggH	1216	908	139	114
mutY	414	296	47	39
mltC	456	277	42	51
nupG	164	134	3627	3275
yqgA	30	23	39	35
yghK	29	25	410	336
glcF	52	30	890	722
glcD	32	23	1758	1472
glcC	153	96	2642	1991
ECIAI1_3132	11	9	4	1
yghR	10	8	4	3
yghS	9	11	17	11
yghT	3	6	11	9
pitB	38	28	22	17
gss	1035	771	480	421
yghU	595	390	504	385
hybC	342	252	284	245
hybB	39	52	116	70
hybA	31	18	113	89
hybO	65	51	254	158
yghZ	213	123	978	842
yghA	15	5	33	30
exbB	2937	1655	963	660
metC	1476	1052	246	150
yghB	256	181	306	277
yqhC	116	70	142	92
yqhD	343	191	570	557
dkgA	84	58	680	542
yqhG	48	25	45	32
ygiQ	831	532	42	26
sufI	761	512	217	175
plsC	394	285	106	93
parC	1750	1254	323	245
qseB	126	110	73	59
parE	1969	1455	235	185
cpdA	869	603	1925	1630
nudF	423	296	212	179
tolC	2906	1609	985	843
ygiC	2218	1640	1151	820
ygiE	393	272	1009	716
ribB	570	431	1877	1440
yqiJ	18	13	53	45
yqiK	36	18	44	30
rfaE	1730	1170	209	202
htrG	246	164	123	87
cca	414	284	231	179
bacA	573	524	218	178
plsY	212	126	61	57
ygiP	34	33	30	30
ttdA	10	6	4	1
ttdB	8	5	4	4
ygjE	27	31	16	10
gcp	556	394	179	135
dnaG	2041	1460	530	505
rpoD	4349	2783	5060	4054
yqjH	277	102	50	67
yqjI	194	135	46	40
aer	115	106	47	30
ygjG	65	45	223	158
ebgR	83	46	42	44
ygjI	5	4	19	16
ygjJ	7	4	4	4
ygjK	24	18	21	14
ygjO	264	182	20	16
ygjQ	19	18	4	2
ygjR	161	108	794	674
alx	63	48	17	20
sstT	1857	1274	4600	3799
uxaA	326	187	402	324
uxaC	347	178	357	306
exuT	141	87	233	182
exuR	487	346	580	511
yqjA	371	263	838	764
yqjG	85	52	94	79
yhaJ	536	352	110	79
yhaK	32	25	100	86
yhaM	76	57	70	38
yhaO	31	26	69	60
tdcG	45	37	65	39
tdcE	207	140	270	190
tdcD	13	18	64	46
tdcC	89	72	274	198
tdcB	9	8	150	98
tdcA	8	9	320	244
garK	73	55	1412	1012
garR	53	49	2041	1432
garL	12	12	997	833
garP	44	23	1275	1107
garD	63	45	922	663
agaR	383	352	283	229
kbaZ	27	13	46	43
agaS	18	9	16	18
kbaY	10	11	11	17
agaC	8	12	15	10
agaD	14	9	21	23
agaI	19	17	2	5
yraI	6	7	33	42
yraL	383	230	113	76
yraQ	321	234	48	36
yraR	66	38	75	49
yhbU	22	29	15	2
yhbV	29	32	21	16
yhbW	118	76	34	36
mtr	347	210	211	193
deaD	1747	1297	400	309
nlpI	3871	3012	1924	1911
pnp	11016	7951	1121	932
truB	1389	1104	167	114
infB	16318	12137	940	747
nusA	6532	4770	626	441
argG	15664	11641	209	168
yhbX	69	47	39	33
glmM	2130	1454	692	504
folP	513	304	102	91
ftsH	11824	8288	14252	12126
rrmJ	1755	1199	4420	3998
dacB	243	132	64	51
obgE	1345	933	810	652
yhbE	636	453	169	131
ispB	1209	880	404	252
murA	3253	2099	187	145
yrbC	1273	898	477	377
yrbE	938	701	175	147
yrbF	1269	965	321	253
yrbG	382	227	163	117
kdsD	1112	793	207	166
lptB	1135	809	272	183
rpoN	3074	2171	1904	1408
yhbJ	936	655	244	165
yrbL	2288	1497	3760	3176
mtgA	437	298	465	338
elbB	870	656	734	565
arcB	829	611	1831	1424
yhcC	24	16	4	6
gltB	16360	9971	155	124
gltD	8058	5349	130	80
nanE	32	11	99	68
nanT	32	25	159	130
nanA	67	43	50	55
nanR	484	387	217	173
dcuD	31	20	28	29
sspA	2879	2108	1727	1386
degQ	730	541	437	328
degS	373	256	135	107
mdh	16193	11565	9237	6900
aaeB	37	34	39	23
aaeA	56	41	40	46
aaeR	121	82	90	62
tldD	1236	865	482	351
rng	1244	852	184	152
mreC	620	425	28	13
mreB	2562	1622	209	169
csrD	507	385	348	294
yhdH	548	356	356	314
accC	7404	5309	856	670
panF	255	184	18	21
prmA	575	393	49	36
dusB	5549	4377	359	317
yhdJ	51	48	22	13
envR	19	13	3	6
acrE	9	13	8	5
acrF	198	144	191	157
aapQ	35	26	115	85
aapP	38	28	102	77
aroE	613	474	179	110
smf	377	279	837	710
fmt	1236	825	847	628
rsmB	563	420	119	86
trkA	524	423	240	164
rpoA	72728	52971	3632	3080
rpsD	47661	35056	2248	1944
secY	63778	48810	6381	5213
rpsC	41711	30497	1152	942
rplB	44418	33293	755	611
rplD	36653	27363	510	447
rplC	46335	34264	646	552
tufA	128693	94285	7086	5480
fusA	100410	75567	3064	2338
yheO	920	721	222	180
fkpA	5998	4603	1868	1496
kefB	288	176	270	270
yheS	695	499	92	68
yheT	237	148	28	17
prkB	275	190	332	290
crp	2706	1764	2510	2249
yhfK	763	449	93	105
argD	4534	3085	96	67
fic	47	39	93	67
tsgA	203	124	34	26
nirB	94	152	42	49
nirC	32	20	12	3
cysG	663	434	326	237
frlA	12	7	4	10
frlB	15	7	11	6
frlC	25	16	9	6
frlD	19	20	14	12
frlR	135	68	102	91
yhfS	32	24	29	31
yhfT	21	15	12	18
php	13	11	12	8
yhfZ	187	168	509	431
trpS	3029	2008	492	414
gph	933	621	120	72
rpe	821	620	146	110
dam	682	500	137	83
aroB	4198	3254	600	444
hofQ	27	19	15	14
yrfD	36	33	22	20
mrcA	1835	1319	78	64
igaA	660	458	567	474
yrfG	427	293	108	83
hslO	1079	687	271	186
pck	2084	1547	19738	16517
envZ	341	200	270	208
ompR	595	365	1308	1047
yhgF	2625	1679	68	43
feoB	1245	759	1135	890
yhgA	48	46	29	25
bioH	262	183	62	47
gntX	217	143	95	82
gntT	1089	857	75	69
malQ	718	523	72	54
malP	1050	782	92	69
malT	3693	2658	2162	1703
rtcB	83	51	66	55
glpG	582	442	60	41
glpD	43	47	143	120
glgP	4562	3088	4486	3502
glgA	2465	1644	2083	1534
glgC	2791	1781	2749	1979
glgX	2978	2053	2104	1788
glgB	6267	4361	1214	957
asd	11939	7537	1288	1004
gntU	110	88	24	14
gntR	266	154	66	82
yhhW	130	94	154	132
yhhX	717	483	334	306
yhhZ	3	0	4	3
ggt	48	32	13	15
ugpC	63	28	34	14
ugpE	11	10	12	9
ugpA	16	9	15	4
ugpB	126	85	828	610
livF	989	691	169	126
livG	1179	805	208	143
livM	1933	1313	413	280
livH	1792	1263	559	360
livK	3550	2507	1423	983
livJ	12210	7523	4006	2992
rpoH	2145	1510	2206	1746
ftsX	936	659	642	464
ftsE	681	452	223	165
ftsY	2230	1622	806	616
yhhN	238	124	96	70
yhhQ	67	52	28	51
yhhS	151	108	99	68
yhhT	52	33	51	54
nikA	28	12	3	10
nikB	9	7	7	5
nikC	8	6	2	2
nikD	8	3	2	6
nikE	11	8	4	2
yhhI	406	388	124	82
yhhJ	507	434	515	401
rbbA	1030	773	756	575
yhiI	948	662	1129	846
yhiM	57	55	85	66
yhiN	489	352	202	142
pitA	1999	1364	451	334
yhiP	32	29	49	33
yhiQ	116	67	17	13
prlC	1306	733	752	633
yhiR	170	94	28	22
gor	1092	716	229	174
arsB	44	32	25	29
yhiD	27	15	17	11
mdtE	21	19	5	3
mdtF	120	63	54	50
gadW	184	118	23	11
gadX	271	290	58	36
gadA	149	109	98	86
yhjA	65	43	68	56
treF	83	48	107	105
yhjB	49	40	41	31
yhjC	114	80	30	31
yhjD	68	57	68	42
yhjE	3927	2299	575	468
yhjG	62	40	74	64
yhjH	9	10	4	2
kdgK	240	156	134	125
yhjJ	584	418	183	123
dctA	425	284	9568	9062
yhjK	410	266	129	101
bcsC	659	407	164	120
bcsZ	151	116	60	50
bcsB	330	173	130	94
bcsA	440	305	158	120
bcsE	292	184	395	282
bcsG	135	93	75	58
yhjV	164	119	58	71
dppF	425	319	32	27
dppD	470	363	48	28
dppC	434	358	36	18
dppB	485	407	45	31
dppA	5704	4310	1788	1478
eptB	118	100	571	438
yhjX	18	12	75	49
yhjY	61	38	132	93
yiaD	151	113	10	10
tiaE	1031	566	99	49
yiaF	1781	1420	930	735
glyS	5689	4037	708	633
glyQ	2547	1891	406	283
yiaH	79	58	80	71
xylB	118	69	152	144
xylA	83	49	256	176
xylF	32	22	471	353
xylG	36	29	157	153
xylH	61	45	174	100
xylR	211	146	221	190
bax	2277	1573	2237	1721
avtA	1443	1001	354	296
yiaJ	408	308	96	81
yiaK	13	8	144	114
yiaN	5	4	49	36
yiaO	2	1	61	42
sgbH	2	4	19	8
sgbU	7	3	20	28
sgbE	12	6	22	18
yiaT	18	16	34	9
yiaU	84	46	131	90
yiaV	19	20	28	19
aldB	37	27	405	260
yiaY	25	21	21	23
selB	1256	886	176	137
selA	586	404	77	75
yibF	188	121	54	36
yibH	26	24	61	40
mtlA	574	384	1459	1157
mtlD	539	413	645	455
lldP	128	84	199	159
lldR	76	57	74	45
lldD	149	78	92	73
cysE	848	529	895	634
gpsA	1742	1169	542	405
gpmI	2250	1665	138	145
envC	842	587	65	37
yibQ	313	234	45	46
yibD	32	14	19	13
tdh	211	141	292	252
kbl	233	192	568	453
waaD	1239	810	617	494
waaF	990	724	172	121
kdtA	543	334	167	118
mutM	192	156	156	135
yicR	839	640	508	376
dfp	507	277	64	57
pyrE	952	747	10	7
yicC	1143	780	209	193
yicG	5	4	9	9
ligB	41	31	43	32
gmk	1005	652	457	387
spoT	3072	2074	125	110
trmH	513	342	23	16
gltS	556	439	363	267
yicE	1309	769	23	18
yicH	720	511	808	621
yicI	89	53	82	74
yicJ	22	20	29	29
setC	16	11	21	16
yicL	305	226	129	79
nlpA	1815	1282	195	113
yicM	102	81	6	10
uhpT	12	11	38	40
uhpC	93	54	10	3
uhpB	174	128	9	5
ilvB	1855	1159	238	218
emrD	6	7	26	35
yidJ	39	25	89	74
yidK	8	3	23	12
yidL	39	26	109	101
yidP	25	16	11	8
yidE	501	389	958	660
yidR	214	147	161	129
cbrA	20	6	21	14
dgoT	27	13	42	54
dgoD	43	31	117	87
dgoA	17	15	60	46
dgoR	130	116	296	215
yidX	95	99	82	87
yidA	422	233	55	55
gyrB	3642	2529	1376	1182
recF	443	348	13	21
dnaN	1049	786	163	136
dnaA	1771	1215	625	518
yidC	5152	3553	317	231
trmE	497	351	164	111
tnaA	71	44	207	137
tnaB	16	9	67	60
mdtL	33	20	8	6
yidZ	125	78	46	25
yieE	139	81	69	58
yieH	250	193	69	48
yieK	40	28	18	23
yieL	23	29	15	21
bglH	17	8	40	25
bglB	16	9	10	9
bglG	5	4	17	18
phoU	437	351	273	228
pstB	441	325	211	145
pstA	145	106	22	11
pstC	165	131	59	43
pstS	405	288	60	50
glmS	7380	5414	554	447
glmU	5782	4129	426	336
atpD	27211	18697	1983	1550
atpG	16672	11309	854	734
atpA	41597	29737	2373	1768
atpB	13608	9902	1876	1341
gidB	326	264	81	77
gidA	1981	1387	148	145
asnA	2223	1312	95	91
yieM	244	195	49	38
ravA	259	196	84	78
trkD	426	268	67	61
rbsA	212	145	250	135
rbsC	142	88	384	279
rbsB	789	867	3779	3080
rbsK	415	289	432	314
rbsR	181	138	56	45
hsrA	98	90	45	41
yieP	251	209	135	116
hdfR	310	228	228	206
yifB	36	38	32	26
ilvE	9807	6367	285	183
ilvD	10524	6609	310	247
ilvA	6150	3840	160	121
ilvY	184	99	66	52
ilvC	22146	16004	120	94
rep	748	519	111	94
gpp	1195	702	167	115
rhlB	2450	1589	584	501
rho	3096	1809	2387	2124
rfe	1117	864	342	239
wzzE	947	658	140	115
rffE	805	588	24	20
rffD	828	554	29	15
rffG	678	375	39	12
rffH	434	305	18	15
rffC	208	171	17	13
rffA	435	297	76	53
wzxE	383	232	64	32
rffT	306	225	41	24
wzyE	197	174	35	28
rffM	216	155	52	43
yifK	1049	729	117	86
hemY	1491	965	723	557
hemX	1544	1008	578	455
hemD	507	293	213	174
hemC	766	487	529	392
cyaA	2857	1891	806	638
dapF	814	535	133	103
yigA	470	310	39	25
xerC	563	371	18	17
yigB	318	210	15	14
uvrD	702	453	246	180
yigE	60	38	7	4
corA	981	689	483	453
rarD	154	106	66	24
pldA	887	643	160	118
recQ	807	511	34	21
rhtC	393	294	295	244
rhtB	216	153	153	95
pldB	385	283	240	166
yigL	260	165	59	57
yigM	171	121	53	54
metR	486	355	312	170
ysgA	838	530	341	242
udp	920	562	2219	1844
rmuC	189	159	501	397
ubiE	1144	818	634	514
yigP	714	452	160	122
ubiB	1104	741	448	350
tatC	1136	836	115	123
tatD	265	193	24	32
ubiD	1677	1148	1485	1206
fre	1010	728	944	683
fadA	118	73	1265	1035
fadB	269	171	3097	2338
pepQ	2141	1448	1273	961
yigZ	290	214	159	124
trkH	559	380	216	136
yihE	1016	766	450	351
dsbA	2169	1615	695	518
yihG	111	89	16	21
polA	1535	1066	1484	1213
hemN	1031	695	420	299
glnG	818	555	147	109
glnL	676	427	86	74
glnA	8991	6186	842	660
bipA	11721	8297	1427	1175
yihL	82	56	43	42
yihM	106	89	90	70
yihN	55	48	13	15
ompL	7	6	17	14
yihO	6	8	58	55
yihP	12	15	45	39
yihQ	35	17	85	66
yihS	69	36	60	40
yihT	29	20	20	24
yihU	14	12	25	7
yihV	30	25	74	59
yihW	257	164	370	303
rbn	203	171	221	190
yiiD	658	431	170	135
fdhE	385	224	272	207
fdoI	107	73	603	449
fdoH	180	128	1147	953
fdoG	1371	957	7609	6899
fdhD	213	191	272	232
frvB	11	6	3	2
rhaD	19	6	9	7
rhaA	5	5	7	5
rhaS	22	22	87	60
rhaR	31	22	259	239
sodA	16891	8516	5107	4119
kdgT	31	25	88	65
yiiM	272	187	147	133
cpxA	1515	1085	426	387
cpxR	1327	972	618	455
fieF	708	510	407	346
pfkA	3175	2168	935	770
sbp	846	642	37	32
cdh	263	176	17	15
tpiA	6248	4380	724	526
fpr	597	325	443	311
glpX	182	116	198	168
glpK	139	116	969	786
glpF	20	17	348	320
menA	412	286	72	58
hslU	1943	1312	1928	1412
ftsN	673	488	283	228
cytR	496	319	168	149
yiiX	57	50	31	12
metB	1493	954	1046	471
metL	2673	1705	1226	649
metF	7118	5254	1296	679
katG	3493	2505	3362	2415
yijE	55	47	57	60
yijF	8	5	6	5
gldA	102	81	254	154
fsaB	23	13	24	13
ptsA	27	26	53	51
frwC	19	8	30	26
pflD	58	35	72	52
pflC	27	9	19	11
yijO	31	20	16	18
yijP	1544	942	94	85
ppc	7041	4003	655	567
argE	2180	1392	172	135
argC	3930	2741	81	41
argB	2768	1832	62	31
argH	5937	3977	118	65
oxyR	1281	847	609	465
sthA	1007	738	2800	2438
fabR	857	661	1258	1094
trmA	570	362	185	136
btuB	1492	1072	395	301
murI	248	154	139	107
murB	881	693	424	312
birA	494	325	227	183
coaA	724	550	232	200
tufB	129863	95058	7048	5450
rplA	30120	21880	1759	1333
rpoB	39413	27910	5908	4429
rpoC	41848	29584	6773	5281
thiH	3502	1929	319	206
thiG	2501	1272	232	132
thiF	3127	1647	204	171
thiE	2597	1340	219	149
thiC	10766	6125	1144	778
nudC	375	241	79	67
hemE	815	484	180	123
nfi	276	200	40	29
yjaH	427	310	73	70
zraR	212	148	238	165
purD	1842	1258	77	55
purH	1836	1186	40	35
metA	4367	3113	2570	1376
aceA	471	325	3204	2481
aceK	88	52	968	854
iclR	314	214	243	217
metH	8389	5344	2390	1745
yjbB	285	237	117	100
pepE	142	111	280	306
yjbC	739	453	244	208
lysC	7796	4633	476	493
pgi	5636	4168	1706	1365
yjbF	7	9	1	1
yjbG	14	4	0	0
yjbH	37	16	14	14
xylE	30	15	89	58
malG	67	49	135	117
malF	154	130	33	33
malE	878	625	85	87
malK	201	135	23	19
malM	170	116	57	76
ubiA	451	323	1127	842
plsB	1696	1129	1246	918
lexA	904	615	1352	1037
dinF	164	88	70	54
yjbM	2	4	7	11
yjbN	538	395	146	108
qor	434	275	295	269
dnaB	1091	732	101	87
alr	500	339	118	87
tyrB	2562	1605	193	157
aphA	67	65	356	312
uvrA	682	483	297	247
yjcC	40	32	147	107
yjcE	791	573	183	173
actP	174	115	869	666
acs	1024	665	6090	4266
nrfA	37	22	33	29
nrfC	7	3	5	1
nrfD	12	5	8	7
gltP	601	543	56	33
yjcO	394	281	440	471
fdhF	94	63	139	92
yjcQ	14	10	5	10
yjcR	12	2	5	5
phnL	5	1	0	1
phnK	7	2	12	11
phnJ	2	2	1	1
phnI	1	4	1	1
phnF	5	1	0	0
phnD	5	5	3	2
phnC	2	2	1	1
yjcZ	20	14	17	10
proP	1481	1059	264	206
basS	338	234	50	39
basR	298	201	91	65
eptA	384	259	54	56
adiC	13	3	31	19
adiY	4	2	53	34
adiA	19	11	46	37
melR	69	59	517	377
melA	55	41	127	104
melB	43	34	95	62
yjdF	134	99	57	36
fumB	65	60	453	353
dcuB	19	17	66	47
dcuR	196	159	247	196
dcuS	378	308	360	250
lysU	608	480	163	149
yjdL	17	13	28	26
cadA	57	50	83	72
cadB	5	1	11	8
cadC	45	28	120	109
dipZ	453	284	88	73
dcuA	2007	1442	4969	4475
aspA	993	807	24367	19894
yjeH	281	191	134	102
groL	25091	18140	22769	16149
yjeJ	76	72	95	83
yjeK	354	237	71	45
frdB	134	111	1330	1071
frdA	327	251	3468	2643
poxA	238	192	100	68
yjeP	533	377	103	73
psd	638	417	263	188
rsgA	934	598	267	204
yjeS	158	104	98	87
yjeF	217	136	142	110
amiB	542	382	239	150
mutL	889	575	561	423
miaA	4400	3029	3227	2601
hflX	4460	2985	1480	1136
hflK	4763	3238	1139	800
hflC	4300	2958	1069	793
purA	8359	5490	2032	1539
rnr	3350	2369	2955	2177
rlmB	759	487	266	191
yjfJ	16	21	18	17
yjfK	10	4	4	5
yjfC	32	27	36	33
aidB	131	73	121	70
yjfP	163	105	132	86
ulaR	226	143	326	280
ulaG	52	33	46	35
ulaA	20	20	29	15
ulaD	42	33	32	22
ulaE	58	32	29	14
ulaF	33	17	22	15
ytfB	495	301	515	408
fklB	808	385	58	69
cycA	1326	952	2913	2311
ytfE	41	19	128	86
ytfF	76	32	34	28
ytfG	59	29	45	24
cpdB	610	437	944	753
cysQ	422	306	977	715
ytfL	229	155	227	183
msrA	233	149	209	167
ytfM	644	523	186	143
ytfQ	45	22	454	309
ytfT	12	7	92	69
yjfF	20	15	106	95
fbp	1065	657	2075	1942
mpl	1757	1247	411	292
pmbA	916	603	380	288
nrdD	102	100	119	127
treC	34	25	26	14
treB	42	25	58	38
treR	220	138	93	76
mgtA	1924	1514	324	254
pyrB	321	226	12	7
yjgI	36	22	27	14
argI	1548	1104	41	31
valS	8002	5626	926	676
pepA	4392	2914	707	557
yjgP	1005	701	387	322
yjgQ	891	603	381	320
yjgB	19	24	32	20
yjhT	56	69	192	162
yjhA	18	10	43	21
fimB	491	450	27	16
fimC	1331	887	310	220
fimH	533	358	100	69
gntP	36	33	174	144
uxuA	231	146	706	548
uxuB	252	156	345	235
uxuR	343	258	399	326
yjiE	139	90	47	26
iadA	524	405	43	44
yjiH	8	9	24	12
yjiK	52	50	49	44
hgdC	8	8	23	25
yjiM	16	24	114	69
yjiN	79	45	30	22
yjiY	92	57	506	372
tsr	73	38	68	58
mdoB	1513	1097	415	302
dnaC	222	150	38	45
yjjP	32	31	54	52
yjjQ	9	5	8	12
bglJ	44	22	44	28
rsmC	477	309	50	51
yjjG	234	155	31	15
prfC	1580	1081	31	30
osmY	83	69	167	146
yjjU	184	134	59	54
yjjW	14	20	6	4
yjjI	37	27	31	26
deoC	170	89	376	272
deoA	220	170	412	332
deoB	790	558	1725	1383
deoD	1033	611	1686	1532
ytjB	262	222	142	125
serB	1333	815	61	45
radA	1506	962	108	64
nadR	1037	742	139	97
slt	620	475	715	532
ytjC	706	461	257	208
rob	834	628	1000	981
creB	529	360	106	74
creC	221	168	49	56
arcA	2235	1730	13066	10504
yjtD	104	89	126	94
