Gene	Identity	Score	Length	Mismatches	DE
yeaI	1464	1440.0	1476	12	1
yeaH	1276	1260.0	1284	8	1
abrB	1021	969.0	1047	26	0
xseA	1350	1308.0	1371	21	1
speD	792	786.0	795	3	1
speE	867	867.0	867	0	1
speB	892	834.0	921	29	1
speA	1937	1857.0	1977	40	1
ybcH	874	840.0	891	17	0
mrcA	2527	2475.0	2553	26	1
frdA	1798	1776.0	1809	11	1
frdB	731	723.0	735	4	1
hchA	837	807.0	852	15	1
ytfF	940	888.0	966	26	0
pgpB	765	765.0	765	0	1
kbaY	855	843.0	861	6	0
kbaZ	1267	1239.0	1281	14	0
ucpA	779	753.0	792	13	1
yeaG	1911	1863.0	1935	24	1
cmk	677	663.0	684	7	0
upp	621	609.0	627	6	1
yhbE	963	957.0	966	3	1
tolQ	686	672.0	693	7	1
ydgJ	1040	1038.0	1041	1	0
ydgH	942	936.0	945	3	1
ycjQ	1016	942.0	1053	37	0
tolC	1459	1413.0	1482	23	1
tolB	1291	1287.0	1293	2	1
tolA	1266	1266.0	1266	0	0
ydgA	1482	1428.0	1509	27	1
ydgD	806	774.0	822	16	1
entA	735	711.0	747	12	0
entC	1153	1107.0	1176	23	0
entB	851	837.0	858	7	0
cheR	857	849.0	861	4	1
nei	772	732.0	792	20	1
cheZ	645	645.0	645	0	1
cheB	1038	1014.0	1050	12	1
cmtA	1367	1323.0	1389	22	0
cheA	1942	1896.0	1965	23	1
rcsA	618	606.0	624	6	1
rcsB	649	645.0	651	2	0
rcsC	2785	2751.0	2802	17	1
uspE	945	933.0	951	6	1
gltX	1405	1383.0	1416	11	1
glk	955	933.0	966	11	1
gltP	1295	1257.0	1314	19	0
gltS	1196	1176.0	1206	10	1
gltI	896	870.0	909	13	0
gpsA	1001	963.0	1020	19	0
gltK	661	633.0	675	14	1
gltJ	725	693.0	741	16	1
gltL	702	654.0	726	24	1
gltA	1271	1245.0	1284	13	0
gltB	4368	4182.0	4461	93	1
gltD	1400	1362.0	1419	19	1
ycjG	951	921.0	966	15	1
maeB	2234	2142.0	2280	46	1
apaH	825	789.0	843	18	1
kgtP	1284	1254.0	1299	15	1
glgA	1432	1428.0	1434	2	1
yhgF	2309	2283.0	2322	13	1
sgbE	678	642.0	696	18	0
yfeH	995	987.0	999	4	1
yfeO	1243	1215.0	1257	14	1
yhgA	864	834.0	879	15	0
yfeR	922	912.0	927	5	0
sgbU	829	765.0	861	32	0
yfeX	897	891.0	900	3	1
yhbX	1617	1599.0	1626	9	1
fbaB	1048	1038.0	1053	5	1
fbaA	1071	1053.0	1080	9	1
rssA	905	903.0	906	1	1
rssB	1005	987.0	1014	9	1
ddlA	1082	1056.0	1095	13	0
ddlB	908	882.0	921	13	1
wcaL	1166	1056.0	1221	55	0
era	879	825.0	906	27	1
holB	997	981.0	1005	8	1
holA	1027	1017.0	1032	5	1
gatY	849	837.0	855	6	1
gatZ	1257	1245.0	1263	6	0
gatD	1032	1014.0	1041	9	1
ygiC	1136	1086.0	1161	25	0
ytjC	643	633.0	648	5	1
ytjB	634	612.0	645	11	0
yjiK	856	846.0	861	5	0
eno	1298	1296.0	1299	1	1
ygiQ	2181	2103.0	2220	39	1
smtA	779	765.0	786	7	1
yjiM	1134	1098.0	1152	18	1
amiA	858	834.0	870	12	0
amiC	1225	1167.0	1254	29	1
amiB	1325	1299.0	1338	13	0
glnH	747	747.0	747	0	0
kdpB	2001	1905.0	2049	48	0
kdpE	653	613.0	673	20	1
kdpD	2623	2499.0	2685	62	1
yhiD	647	645.0	648	1	0
carA	1134	1104.0	1149	15	1
adiY	761	759.0	762	1	1
yhiN	1189	1161.0	1203	14	1
hslO	875	867.0	879	4	1
yhiI	1042	990.0	1068	26	1
adiA	2257	2235.0	2268	11	0
adiC	1327	1305.0	1338	11	1
arcA	712	702.0	717	5	1
arcB	2329	2313.0	2337	8	1
yjeJ	865	855.0	870	5	1
yjeH	1245	1221.0	1257	12	0
fadR	718	714.0	720	2	1
fadB	2175	2145.0	2190	15	1
fadA	1150	1122.0	1164	14	1
fadE	2406	2328.0	2445	39	1
fadD	1667	1629.0	1686	19	1
ypdC	844	816.0	858	14	1
ypdB	735	735.0	735	0	1
creB	669	627.0	690	21	0
creC	1391	1323.0	1425	34	1
frsA	1228	1194.0	1245	17	1
ypdF	1062	1014.0	1086	24	0
ypdE	1008	948.0	1038	30	0
fadL	1325	1293.0	1341	16	1
ompW	632	618.0	639	7	0
ompR	716	708.0	720	4	1
fiu	2255	2199.0	2283	28	1
fic	593	573.0	603	10	1
ompF	1088	1086.0	1089	1	1
ompN	1127	1113.0	1134	7	1
srlE	959	957.0	960	1	1
srlD	780	780.0	780	0	1
gcvP	2838	2766.0	2874	36	1
gcvT	1091	1083.0	1095	4	1
srlR	767	753.0	774	7	0
gcvA	909	891.0	918	9	1
ftsE	659	639.0	669	10	1
yieK	714	696.0	723	9	1
ftsA	1256	1242.0	1263	7	0
yiiX	577	513.0	609	32	0
ftsN	948	924.0	960	12	1
ftsI	1754	1728.0	1767	13	1
ftsH	1925	1905.0	1935	10	1
ftsW	1233	1209.0	1245	12	1
yieE	745	735.0	750	5	0
ftsQ	827	819.0	831	4	1
hyi	775	771.0	777	2	1
ftsZ	1152	1152.0	1152	0	1
ftsY	1467	1404.0	1497	30	1
ftsX	1035	987.0	1059	24	1
mdh	930	912.0	939	9	1
ybdR	1220	1182.0	1239	19	0
yrfG	668	666.0	669	1	0
fepC	798	762.0	816	18	1
fepB	938	900.0	957	19	0
fepA	2182	2064.0	2241	59	1
fepG	966	912.0	993	27	0
yggW	1120	1086.0	1137	17	1
fepD	986	948.0	1005	19	1
ligA	2003	1977.0	2016	13	1
ligB	1667	1635.0	1683	16	0
aidB	1586	1506.0	1626	40	1
abgA	1301	1281.0	1311	10	0
abgB	1436	1416.0	1446	10	1
ybdK	1097	1053.0	1119	22	1
sfsA	704	702.0	705	1	1
yggS	697	681.0	705	8	0
smf	1106	1068.0	1125	19	1
abgR	901	885.0	909	8	0
abgT	1321	1287.0	1338	17	0
gor	1351	1347.0	1353	2	1
prfA	1072	1050.0	1083	11	1
prfB	1089	1068.0	1099	10	1
prfC	1557	1491.0	1590	33	1
dcuD	1349	1311.0	1368	19	0
dcuA	1295	1281.0	1302	7	1
dcuB	1336	1326.0	1341	5	1
dcuC	1373	1347.0	1386	13	1
nth	634	630.0	636	2	1
sodA	620	618.0	621	1	1
dcuR	712	696.0	720	8	1
dcuS	1612	1572.0	1632	20	1
ybbO	802	786.0	810	8	0
ybbN	847	831.0	855	8	1
oxyR	908	888.0	918	10	1
umuC	1259	1239.0	1269	10	1
ybbY	1281	1239.0	1302	21	1
yphF	963	921.0	984	21	1
ybbW	1420	1350.0	1455	35	1
fixC	1265	1221.0	1287	22	0
fixB	941	939.0	942	1	0
fixA	760	738.0	771	11	0
ybbP	2376	2298.0	2415	39	0
glyS	2033	1959.0	2070	37	1
glyQ	904	888.0	912	8	1
dgt	1511	1497.0	1518	7	1
yphC	1032	972.0	1062	30	0
aqpZ	694	690.0	696	2	1
glyA	1241	1215.0	1254	13	1
trkA	1362	1332.0	1377	15	1
trkH	1435	1401.0	1452	17	1
ynfM	1234	1194.0	1254	20	0
exbB	735	735.0	735	0	1
ynfK	696	696.0	696	0	1
ynfH	845	825.0	855	10	0
ynfG	614	606.0	618	4	0
ynfF	2418	2406.0	2424	6	0
ynfC	711	711.0	711	0	1
puuB	1248	1182.0	1281	33	1
qseB	656	648.0	660	4	0
treC	1639	1605.0	1656	17	0
puuA	1386	1320.0	1419	33	1
puuD	759	747.0	765	6	1
msrA	636	630.0	639	3	1
puuP	1374	1350.0	1386	12	0
treR	926	882.0	948	22	0
mlrA	726	714.0	732	6	1
zitB	942	942.0	942	0	1
ydfG	742	732.0	747	5	0
ydfU	1049	1047.0	1050	1	0
ydgI	1373	1353.0	1383	10	0
obgE	1156	1122.0	1173	17	1
pdhR	765	765.0	765	0	0
pqiB	1641	1641.0	1641	0	1
pqiA	1252	1248.0	1254	2	1
adhP	981	935.0	1004	23	1
ygcQ	859	855.0	861	2	0
yhhN	614	588.0	627	13	1
minC	692	684.0	696	4	1
minD	812	810.0	813	1	1
yhhJ	1105	1065.0	1125	20	1
yhhI	123	109.0	130	7	0
yhhW	686	666.0	696	10	1
yhhT	1033	999.0	1050	17	1
yhhS	1204	1176.0	1218	14	0
adhE	2670	2658.0	2676	6	1
yjdF	623	609.0	630	7	0
chbR	836	822.0	843	7	0
yhfK	2090	2064.0	2103	13	1
yfdE	1142	1134.0	1146	4	1
yfdC	914	876.0	933	19	1
yhfZ	882	834.0	906	24	1
yfdX	628	610.0	636	8	1
uxaA	1459	1401.0	1488	29	0
entE	1592	1554.0	1611	19	0
yhfS	1085	1083.0	1086	1	0
yfdV	944	942.0	945	1	0
flgI	1090	1074.0	1098	8	1
ygcS	1336	1332.0	1338	2	0
uxaC	1398	1368.0	1413	15	0
yneF	941	927.0	948	7	0
gloB	745	723.0	756	11	1
lpd	1416	1398.0	1425	9	1
acnB	2563	2493.0	2598	35	1
acnA	2644	2580.0	2676	32	1
menD	1658	1632.0	1671	13	1
menE	1328	1272.0	1356	28	0
menF	1287	1269.0	1296	9	0
aldB	1534	1524.0	1539	5	1
menB	844	816.0	858	14	1
menC	940	894.0	963	23	0
wzc	2113	2013.0	2163	50	0
wza	1123	1089.0	1140	17	0
nfsA	722	720.0	723	1	1
yqeI	807	801.0	810	3	0
yebZ	865	849.0	873	8	1
mepA	819	807.0	825	6	1
yebT	2580	2472.0	2634	54	0
yebQ	1361	1335.0	1374	13	0
yebS	1264	1224.0	1284	20	1
yebK	864	852.0	870	6	0
yebE	657	651.0	660	3	1
yebB	592	570.0	603	11	0
yebC	730	708.0	741	11	1
ygjK	2335	2301.0	2352	17	0
ygjI	1432	1428.0	1434	2	0
bax	815	795.0	825	10	1
wzzE	1039	1023.0	1047	8	1
ygjR	967	927.0	987	20	1
ygjQ	645	601.0	667	22	0
dctA	1285	1281.0	1287	2	1
ybaL	1654	1608.0	1677	23	1
ybaE	1684	1650.0	1701	17	1
alaS	2600	2538.0	2631	31	1
iclR	817	801.0	825	8	0
ybaT	1290	1284.0	1293	3	1
yijE	887	849.0	906	19	0
ygdH	1359	1347.0	1365	6	1
yijO	831	789.0	852	21	0
ygdQ	707	693.0	714	7	0
pitA	1497	1491.0	1500	3	1
pitB	1489	1467.0	1500	11	0
fnr	753	753.0	753	0	1
cof	814	804.0	819	5	1
malG	882	864.0	891	9	1
rimK	895	879.0	903	8	0
putP	1481	1425.0	1509	28	1
frc	1251	1251.0	1251	0	0
tonB	711	693.0	720	9	1
fre	693	675.0	702	9	1
yaaU	1317	1287.0	1332	15	0
ydaM	1216	1182.0	1233	17	1
ydaN	977	963.0	984	7	1
yaaJ	1416	1386.0	1431	15	1
yaaA	771	759.0	777	6	1
znuC	745	723.0	756	11	1
znuB	777	759.0	786	9	0
znuA	929	921.0	933	4	1
slt	1909	1851.0	1938	29	1
ais	589	561.0	603	14	0
gnd	1338	1200.0	1407	69	1
lepA	1782	1746.0	1800	18	1
lepB	959	927.0	975	16	0
yfcH	868	816.0	894	26	1
yfcJ	1159	1119.0	1179	20	0
nikA	1561	1533.0	1575	14	0
nikE	783	735.0	807	24	1
yfcA	792	756.0	810	18	1
yfcF	643	639.0	645	2	0
yfcG	644	636.0	648	4	1
gpmA	743	723.0	753	10	1
glnL	1049	1047.0	1050	1	1
glnA	1405	1395.0	1410	5	1
glnG	1407	1401.0	1410	3	1
glnD	2638	2568.0	2673	35	1
nudF	622	606.0	630	8	1
glnS	1640	1590.0	1665	25	1
glnQ	718	708.0	723	5	1
glnP	657	651.0	660	3	0
ddpA	1547	1539.0	1551	4	1
ddpB	1018	1008.0	1023	5	0
ddpC	886	864.0	897	11	0
cynX	1145	1125.0	1155	10	0
nudC	774	774.0	774	0	1
cynT	660	660.0	660	0	0
dadA	1281	1245.0	1299	18	1
glxR	876	870.0	879	3	0
dadX	1057	1029.0	1071	14	1
glxK	1127	1093.0	1144	17	1
gadC	1520	1488.0	1536	16	1
yraR	626	606.0	636	10	1
fusA	2114	2112.0	2115	1	1
epd	1019	1017.0	1020	1	1
amyA	1462	1410.0	1488	26	0
topB	1928	1860.0	1962	34	1
topA	2594	2586.0	2598	4	1
yneE	907	891.0	915	8	1
rsmB	1276	1248.0	1290	14	0
rsmC	1017	987.0	1032	15	1
yraQ	1030	1008.0	1041	11	0
yecS	656	630.0	669	13	0
yfeA	2188	2184.0	2190	2	1
sgbH	639	591.0	663	24	0
yecE	812	798.0	819	7	0
yecC	737	705.0	753	16	0
yecA	666	666.0	666	0	1
yheS	1899	1869.0	1914	15	1
yheS	38	34.0	40	2	1
yheS	38	34.0	40	2	1
yeiE	874	858.0	882	8	1
zraR	1315	1293.0	1326	11	1
ydiF	1558	1482.0	1596	38	0
rnc	680	678.0	681	1	1
rnb	1925	1905.0	1935	10	1
rna	801	789.0	807	6	1
rng	1453	1419.0	1470	17	1
gadA	1398	1392.0	1401	3	1
gadB	1397	1389.0	1401	4	1
rnd	1122	1110.0	1128	6	0
gadX	807	771.0	825	18	1
yliI	1112	1104.0	1116	4	1
rnr	2425	2391.0	2442	17	1
gadW	719	699.0	729	10	1
ilvA	1493	1389.0	1545	52	1
rnt	645	639.0	648	3	0
araC	869	849.0	879	10	1
araA	1481	1437.0	1503	22	1
araF	990	990.0	990	0	1
araG	1494	1452.0	1515	21	1
araD	694	690.0	696	2	1
araE	1402	1368.0	1419	17	1
araJ	1161	1113.0	1185	24	1
araH	972	942.0	987	15	1
ygeA	690	684.0	693	3	1
ygeH	1377	1377.0	1377	0	0
fruK	935	927.0	939	4	1
ygeV	1765	1737.0	1779	14	1
cirA	1979	1953.0	1992	13	1
ygeR	753	747.0	756	3	0
fruB	1130	1128.0	1131	1	1
fruA	1666	1614.0	1692	26	1
ygeY	1194	1158.0	1212	18	0
ygeX	1192	1182.0	1197	5	0
rffG	1055	1029.0	1068	13	1
ypfG	1029	999.0	1044	15	0
nuoC	1761	1701.0	1791	30	1
ypfH	697	693.0	699	2	1
yjjQ	723	717.0	726	3	0
rffH	869	843.0	882	13	0
icd	1225	1173.0	1251	26	1
nuoF	1317	1275.0	1338	21	1
yncD	2092	2070.0	2103	11	1
ribC	634	618.0	642	8	1
ribB	639	609.0	654	15	1
ribD	1088	1056.0	1104	16	0
ribF	933	915.0	942	9	1
htpX	878	870.0	882	4	1
yqjI	617	603.0	624	7	0
pheA	1143	1107.0	1161	18	1
corA	944	930.0	951	7	0
yqjA	660	654.0	663	3	1
yqjG	970	936.0	987	17	1
pheS	972	948.0	984	12	1
efeO	1114	1086.0	1128	14	1
pheP	1366	1344.0	1377	11	1
pheT	2353	2283.0	2388	35	1
efeB	1263	1245.0	1272	9	1
htpG	1858	1824.0	1875	17	0
ppc	2622	2562.0	2652	30	1
fhuE	2179	2157.0	2190	11	0
ppk	2046	2004.0	2067	21	1
rtcB	1216	1194.0	1227	11	1
dkgB	804	804.0	804	0	1
dkgA	827	825.0	828	1	1
relA	2194	2112.0	2235	41	0
ppx	1524	1488.0	1542	18	1
yncG	605	579.0	618	13	1
pykF	1410	1404.0	1413	3	1
pykA	1438	1428.0	1443	5	0
sfmH	973	963.0	978	5	0
gdhA	1315	1257.0	1344	29	1
pphA	652	642.0	657	5	1
ygeW	1181	1161.0	1191	10	0
mtr	1197	1101.0	1245	48	1
surA	1279	1263.0	1287	8	1
truA	803	783.0	813	10	1
truC	776	762.0	783	7	1
truB	912	846.0	945	33	1
truD	1042	1026.0	1050	8	1
msbA	1736	1710.0	1749	13	1
dacA	1206	1194.0	1212	6	1
dacB	1418	1386.0	1434	16	1
dacC	1191	1167.0	1203	12	1
dacD	1153	1125.0	1167	14	0
tesA	627	627.0	627	0	1
tesB	853	837.0	861	8	0
rspA	1210	1200.0	1215	5	0
cyoC	610	600.0	615	5	1
rspB	1001	963.0	1020	19	0
cyoE	882	864.0	891	9	1
tauD	830	790.0	850	20	0
shiA	1297	1257.0	1317	20	1
phnK	735	687.0	759	24	0
tig	1295	1287.0	1299	4	1
sdaB	1347	1305.0	1368	21	0
sdaC	1284	1272.0	1290	6	0
sdaA	1359	1347.0	1365	6	1
sbmA	1205	1173.0	1221	16	1
mltC	1070	1050.0	1080	10	1
mltB	1083	1077.0	1086	3	0
mltA	1075	1029.0	1098	23	0
mltD	1351	1335.0	1359	8	1
xthA	805	801.0	807	2	1
fsr	1212	1194.0	1221	9	0
ypfJ	857	843.0	864	7	1
aspA	1431	1419.0	1437	6	1
rhaS	835	831.0	837	2	1
aspC	1182	1164.0	1191	9	1
rob	862	846.0	870	8	1
rhaD	792	726.0	825	33	0
rhaA	1241	1203.0	1260	19	0
deaD	1863	1809.0	1890	27	0
aspS	1750	1704.0	1773	23	1
yhjH	763	753.0	768	5	1
yhjK	1945	1935.0	1950	5	0
yhjJ	1473	1425.0	1497	24	1
yhjE	1301	1257.0	1323	22	1
yhjD	1002	978.0	1014	12	1
yhjG	2045	2013.0	2061	16	1
yhjA	1389	1371.0	1398	9	1
dsdA	1326	1320.0	1329	3	1
yhjB	600	594.0	603	3	1
yhjY	696	690.0	699	3	1
pldA	866	858.0	870	4	1
pldB	1020	1014.0	1023	3	0
yjjG	658	618.0	678	20	1
yhjV	1263	1245.0	1272	9	1
yahD	605	603.0	606	1	1
yfbS	1826	1812.0	1833	7	1
yfbT	648	642.0	651	3	1
glmU	1339	1275.0	1371	32	1
glmS	1774	1662.0	1830	56	1
moeB	721	663.0	750	29	0
yddW	1309	1287.0	1320	11	0
moeA	1211	1161.0	1236	25	0
yahN	665	651.0	672	7	1
cyaA	2519	2463.0	2547	28	1
glmM	1338	1338.0	1338	0	1
hdfR	839	837.0	840	1	0
hscC	1656	1626.0	1671	15	0
hscA	1840	1818.0	1851	11	1
melR	909	909.0	909	0	1
ldcC	2106	2034.0	2142	36	1
yahK	1042	1026.0	1050	8	0
yqeF	1167	1137.0	1182	15	0
melB	1406	1398.0	1410	4	1
melA	1349	1335.0	1356	7	1
pmbA	1331	1287.0	1353	22	1
yadD	885	849.0	903	18	1
cysM	888	840.0	912	24	1
cysN	1399	1341.0	1428	29	1
cysI	1691	1647.0	1713	22	1
cysH	710	660.0	735	25	1
cysK	964	948.0	972	8	1
cysJ	1781	1743.0	1800	19	1
cysE	806	778.0	820	14	1
cysD	907	903.0	909	2	1
cysG	1351	1305.0	1374	23	0
nlpI	885	885.0	885	0	0
cysA	1071	1017.0	1098	27	1
cysC	604	600.0	606	2	1
cysB	965	945.0	975	10	0
uxuR	769	759.0	774	5	1
cysZ	759	753.0	762	3	1
cysU	828	816.0	834	6	1
cysW	853	807.0	876	23	1
cysQ	729	705.0	741	12	1
cysP	1017	1017.0	1017	0	1
cysS	1374	1350.0	1386	12	1
csgD	642	624.0	651	9	0
pepD	1439	1401.0	1458	19	1
fbp	994	984.0	999	5	1
baeR	719	711.0	723	4	0
baeS	1386	1350.0	1404	18	0
yicJ	1382	1380.0	1383	1	1
thrB	919	891.0	933	14	1
thrC	1276	1254.0	1287	11	1
thrA	2424	2346.0	2463	39	1
livG	746	702.0	768	22	1
livF	684	624.0	714	30	1
livM	1243	1173.0	1278	35	1
ppiD	1856	1824.0	1872	16	1
livK	1094	1062.0	1110	16	1
livJ	1089	1059.0	1104	15	1
livH	903	855.0	927	24	1
yifB	1507	1479.0	1521	14	1
mscS	858	852.0	861	3	1
yifK	1375	1353.0	1386	11	1
ybgF	788	780.0	792	4	1
xerC	892	882.0	897	5	1
ybgI	738	726.0	744	6	0
ybgJ	654	648.0	657	3	0
ybgK	915	879.0	933	18	0
xerD	877	837.0	897	20	1
yihN	1257	1239.0	1266	9	1
yihO	1393	1371.0	1404	11	0
yihL	685	642.0	706	21	1
yihM	978	972.0	981	3	1
ygfF	731	705.0	744	13	0
yihG	920	894.0	933	13	1
ygfI	890	876.0	897	7	0
ygfM	780	780.0	780	0	0
mdtC	3021	2907.0	3078	57	0
mdtB	3059	2931.0	3123	64	0
mdtA	1225	1179.0	1248	23	0
rdgC	900	876.0	912	12	1
mdtF	3068	2976.0	3114	46	0
mdtE	1155	1149.0	1158	3	0
mdtK	1361	1335.0	1374	13	1
focA	847	825.0	858	11	1
yihT	879	879.0	879	0	0
mdtH	1189	1149.0	1209	20	0
yihS	1241	1239.0	1242	1	0
yihP	1352	1284.0	1386	34	0
mdtL	1142	1074.0	1176	34	0
hycE	1663	1569.0	1710	47	0
hycG	746	702.0	768	22	0
frvB	1417	1347.0	1452	35	0
flk	985	965.0	995	10	1
can	661	657.0	663	2	1
cdsA	853	843.0	858	5	0
purR	1014	990.0	1026	12	1
purU	834	816.0	843	9	1
purT	1164	1134.0	1179	15	1
mpaA	718	696.0	729	11	1
dxs	1830	1764.0	1863	33	1
dxr	1195	1191.0	1197	2	1
purC	708	696.0	714	6	1
purB	1351	1311.0	1371	20	1
asmA	1836	1800.0	1854	18	1
purF	1513	1503.0	1518	5	1
purD	1277	1251.0	1290	13	1
purK	1038	978.0	1068	30	1
ylaB	1540	1518.0	1551	11	1
purH	1563	1509.0	1590	27	1
purN	635	627.0	639	4	1
purM	1029	1011.0	1038	9	1
ydcO	1164	1140.0	1176	12	0
ydcL	660	642.0	669	9	1
ydcJ	1343	1341.0	1344	1	1
nemA	1094	1086.0	1098	4	0
fucA	644	636.0	648	4	0
ydcF	796	786.0	801	5	0
fucO	1147	1143.0	1149	2	0
fucK	1413	1401.0	1419	6	0
fucI	1759	1725.0	1776	17	1
fucR	732	732.0	732	0	1
fucP	1305	1281.0	1317	12	1
fpr	730	696.0	747	17	1
feoB	2314	2298.0	2322	8	0
ydcT	1008	996.0	1014	6	1
ydcU	939	933.0	942	3	1
ydcR	1395	1371.0	1407	12	1
ydcS	1138	1122.0	1146	8	1
ydcP	1949	1923.0	1962	13	1
clcA	1403	1365.0	1422	19	1
clcB	1254	1248.0	1257	3	0
cdaR	1141	1107.0	1158	17	0
cpdA	819	801.0	828	9	1
cpdB	1882	1758.0	1944	62	1
talA	938	912.0	951	13	1
yejF	1586	1578.0	1590	4	0
talB	949	939.0	954	5	1
mak	891	855.0	909	18	1
groL	1627	1587.0	1647	20	1
spoT	2079	2019.0	2109	30	1
sucA	2776	2724.0	2802	26	1
sucC	1162	1152.0	1167	5	1
sucB	1215	1209.0	1218	3	1
sucD	849	807.0	870	21	1
bioB	1036	1026.0	1041	5	1
torA	2515	2451.0	2547	32	0
yncE	1053	1035.0	1062	9	1
torC	1172	1170.0	1173	1	0
yfaQ	1635	1605.0	1650	15	0
pncB	1189	1161.0	1203	14	1
pncA	633	615.0	642	9	0
yfaY	1187	1155.0	1203	16	0
torR	688	678.0	693	5	0
uvrD	2118	2028.0	2163	45	1
torY	1084	1050.0	1101	17	0
uvrB	2002	1962.0	2022	20	1
uvrA	2729	2541.0	2823	94	1
ycaO	1746	1716.0	1761	15	1
ycaN	903	891.0	909	6	0
ycaM	1415	1383.0	1431	16	1
ycaL	758	744.0	765	7	0
cutC	746	744.0	747	1	1
ulaD	638	612.0	651	13	0
ulaE	829	777.0	855	26	0
ulaF	655	593.0	686	31	0
ulaG	1037	981.0	1065	28	1
ycaC	615	591.0	627	12	0
ulaA	1352	1260.0	1398	46	1
tktB	1998	1986.0	2004	6	1
tktA	1974	1938.0	1992	18	1
ytfT	989	921.0	1023	34	1
ulaR	751	741.0	756	5	0
ycaP	680	654.0	693	13	1
exoX	663	663.0	663	0	0
pabC	803	789.0	810	7	1
djlA	808	796.0	814	6	1
yghB	660	660.0	660	0	1
cobS	732	708.0	744	12	0
treA	1691	1677.0	1698	7	1
ytfQ	926	864.0	957	31	1
cobB	690	654.0	708	18	0
cytR	1018	1002.0	1026	8	1
nupC	1183	1143.0	1203	20	1
gapA	993	987.0	996	3	1
nrdB	1112	1074.0	1131	19	1
nrdD	2110	2052.0	2139	29	1
nrdF	952	936.0	960	8	0
yeaM	806	774.0	822	16	1
yeaN	1164	1128.0	1182	18	0
rhtB	618	612.0	621	3	1
rhtC	608	582.0	621	13	1
rhtA	886	882.0	888	2	1
ytfE	652	630.0	663	11	1
yeaW	1121	1113.0	1125	4	0
yeaV	1427	1389.0	1446	19	0
yeaP	1015	993.0	1026	11	1
ytfB	633	621.0	639	6	1
ytfL	1335	1317.0	1344	9	1
yeaX	956	936.0	966	10	0
xdhA	2255	2247.0	2259	4	0
yjiY	2116	2046.0	2151	35	1
argP	890	882.0	894	4	0
argS	1718	1686.0	1734	16	1
argH	1364	1344.0	1374	10	1
argI	972	906.0	1005	33	1
argK	989	975.0	996	7	0
yjiN	1235	1143.0	1281	46	1
argO	608	552.0	636	28	0
carB	3147	2997.0	3222	75	1
argA	1319	1293.0	1332	13	1
argB	774	774.0	774	0	1
argC	1005	1005.0	1005	0	1
argD	1207	1179.0	1221	14	1
argE	1146	1134.0	1152	6	0
argG	1325	1287.0	1344	19	1
yggM	1006	1002.0	1008	2	0
tyrS	1271	1263.0	1275	4	1
yggN	716	708.0	720	4	0
yiiM	668	654.0	675	7	1
iaaA	964	960.0	966	2	0
yggF	945	903.0	966	21	1
citT	1454	1434.0	1464	10	0
yiiD	972	936.0	990	18	1
sstT	1224	1182.0	1245	21	1
ilvE	919	897.0	930	11	1
citA	1649	1629.0	1659	10	1
citB	672	654.0	681	9	0
citC	1050	1032.0	1059	9	0
citE	901	885.0	909	8	0
citF	1513	1473.0	1533	20	0
citG	869	849.0	879	10	1
degP	1403	1359.0	1425	22	0
degQ	1367	1365.0	1368	1	0
frwC	1080	1080.0	1080	0	0
degS	1057	1035.0	1068	11	1
hybC	1673	1611.0	1704	31	0
hybB	1162	1128.0	1179	17	0
hybA	977	957.0	987	10	0
yphH	1180	1152.0	1194	14	0
hybO	1103	1071.0	1119	16	1
accD	913	909.0	915	2	1
fmt	939	921.0	948	9	1
yphD	979	939.0	999	20	1
accA	950	930.0	960	10	1
yphB	868	858.0	873	5	0
accC	1324	1272.0	1350	26	1
iap	1024	996.0	1038	14	0
serS	1271	1227.0	1293	22	1
pnp	2111	2061.0	2136	25	1
yphE	1474	1398.0	1512	38	1
serB	957	933.0	969	12	1
serC	1081	1065.0	1089	8	1
serA	1228	1218.0	1233	5	1
treF	1626	1578.0	1650	24	1
copA	2439	2307.0	2505	66	1
tyrB	1191	1185.0	1194	3	1
tyrA	1106	1074.0	1122	16	0
yqhG	925	921.0	927	2	1
yqhD	1160	1152.0	1164	4	0
aroC	1050	978.0	1086	36	1
yqhC	953	945.0	957	4	1
yhiM	1044	1026.0	1053	9	1
yheT	1008	978.0	1023	15	1
prc	2028	1986.0	2049	21	1
aroH	1035	1011.0	1047	12	1
gyrB	2396	2358.0	2415	19	0
hslU	1327	1317.0	1332	5	1
gyrA	2611	2577.0	2628	17	1
sohB	1039	1017.0	1050	11	0
yigE	755	735.0	765	10	0
brnQ	1314	1302.0	1320	6	1
yigB	713	705.0	717	4	1
yigA	704	696.0	708	4	1
betT	2008	1956.0	2034	26	1
yigM	884	852.0	900	16	0
yigL	792	774.0	801	9	1
mrp	1079	1017.0	1110	31	1
betA	1637	1569.0	1671	34	1
ykgE	716	708.0	720	4	0
ybfF	755	735.0	765	10	0
ykgG	674	630.0	696	22	0
ykgF	1419	1401.0	1428	9	0
yigZ	611	603.0	615	4	0
grxB	644	636.0	648	4	1
ynfL	881	855.0	894	13	1
ugpE	837	819.0	846	9	0
hcaT	1130	1110.0	1140	10	1
leuD	603	597.0	606	3	1
leuB	1065	1011.0	1092	27	1
leuC	1377	1329.0	1401	24	1
hcaR	887	879.0	891	4	1
leuA	1551	1509.0	1572	21	1
leuO	938	924.0	945	7	1
asnS	1383	1351.0	1399	16	1
hcaE	1360	1356.0	1362	2	0
leuS	2566	2532.0	2583	17	0
hcaB	811	807.0	813	2	0
osmY	601	591.0	606	5	1
asnB	1611	1503.0	1665	54	1
asnA	969	921.0	993	24	0
tsgA	1179	1173.0	1182	3	0
ydbC	833	777.0	861	28	1
hisD	1250	1140.0	1305	55	1
hisF	756	714.0	777	21	1
hisG	878	834.0	900	22	1
hisA	738	738.0	738	0	1
hisB	1028	948.0	1068	40	1
hisC	1049	1005.0	1071	22	1
hisM	712	702.0	717	5	1
hisJ	779	771.0	783	4	1
hisP	770	762.0	774	4	1
hisQ	679	663.0	687	8	1
hisS	1267	1251.0	1275	8	1
ypdA	1682	1650.0	1698	16	1
inaA	649	645.0	651	2	0
manX	971	969.0	972	1	1
manY	798	792.0	801	3	1
yajR	1343	1299.0	1365	22	0
tus	923	909.0	930	7	1
manA	1159	1125.0	1176	17	0
ccmH	1027	975.0	1053	26	1
yajO	944	882.0	975	31	1
ccmF	1894	1794.0	1944	50	1
ccmA	615	597.0	624	9	1
ccmC	734	726.0	738	4	0
ccmB	658	648.0	663	5	0
lpxH	708	678.0	723	15	1
yoaA	1862	1764.0	1911	49	1
csiR	653	633.0	663	10	1
lpxL	916	906.0	921	5	1
lpxM	965	951.0	972	7	0
ycbL	646	642.0	648	2	1
lpxA	789	789.0	789	0	1
lpxB	1140	1122.0	1149	9	1
lpxC	916	912.0	918	2	1
lpxD	1025	1023.0	1026	1	1
ycbZ	1756	1746.0	1761	5	1
ycbX	1105	1095.0	1110	5	1
glcD	1491	1473.0	1500	9	1
glcF	1212	1188.0	1224	12	0
cycA	1387	1335.0	1413	26	1
glcC	762	756.0	765	3	1
artQ	717	717.0	717	0	0
artP	729	729.0	729	0	1
marC	661	651.0	666	5	1
acrB	3126	3078.0	3150	24	1
rluD	957	909.0	981	24	1
acrA	1192	1188.0	1194	2	1
rluA	656	648.0	660	4	1
rluC	960	960.0	960	0	1
rluB	843	797.0	866	23	1
artI	726	714.0	732	6	1
artJ	711	669.0	732	21	1
artM	662	648.0	669	7	1
helD	2050	2040.0	2055	5	1
polB	2309	2223.0	2352	43	1
polA	2784	2778.0	2787	3	1
yqiK	1598	1470.0	1662	64	0
yqiJ	619	597.0	630	11	1
ycbJ	894	894.0	894	0	1
lpxK	984	978.0	987	3	0
nusA	1480	1464.0	1488	8	1
hda	700	696.0	702	2	1
pepN	2554	2436.0	2613	59	1
pepA	1494	1458.0	1512	18	1
ycbF	705	693.0	711	6	0
pepB	1272	1248.0	1284	12	1
pepE	686	678.0	690	4	1
rbsK	927	921.0	930	3	1
mqo	1621	1569.0	1647	26	0
cyoA	940	924.0	948	8	1
emtA	610	606.0	612	2	1
pepQ	1304	1248.0	1332	28	1
pepT	1212	1186.0	1225	13	1
yidC	1640	1626.0	1647	7	1
cyoB	1982	1962.0	1992	10	1
ybeZ	1030	1008.0	1041	11	1
ybeX	874	864.0	879	5	1
yidE	1653	1635.0	1662	9	1
yidJ	1460	1392.0	1494	34	0
yidK	1711	1701.0	1716	5	0
yidL	894	894.0	894	0	0
ybeQ	967	945.0	978	11	1
yidR	1190	1140.0	1215	25	1
rbsA	1498	1482.0	1506	8	0
yidP	708	690.0	717	9	0
ybeF	953	951.0	954	1	0
yidX	655	651.0	657	2	1
lsrK	1588	1578.0	1593	5	1
chaC	686	666.0	696	10	1
kdgT	979	969.0	984	5	1
kdgR	789	783.0	792	3	1
kdgK	922	906.0	930	8	1
hyaB	1784	1764.0	1794	10	1
hyaC	707	705.0	708	1	1
hyaA	1110	1092.0	1119	9	1
ssuA	951	933.0	960	9	0
ssuC	782	762.0	792	10	0
fimB	603	603.0	603	0	1
fimC	720	708.0	726	6	1
fimH	892	870.0	903	11	0
cca	1217	1173.0	1239	22	0
acrR	645	639.0	648	3	0
ygbM	771	759.0	777	6	1
fumA	1626	1584.0	1647	21	1
fumB	1645	1641.0	1647	2	1
fumC	1383	1341.0	1404	21	1
amn	1448	1434.0	1455	7	1
psd	964	954.0	969	5	1
acrF	3075	3015.0	3105	30	1
acrD	3084	3024.0	3114	30	0
ynaI	1021	999.0	1032	11	1
dbpA	1355	1317.0	1374	19	0
zwf	1464	1440.0	1476	12	1
yccT	663	663.0	663	0	1
yccS	2141	2115.0	2154	13	0
yccA	656	648.0	660	4	1
yccM	1062	1038.0	1074	12	0
cydA	1568	1566.0	1569	1	1
cydB	1140	1140.0	1140	0	1
cydC	1701	1659.0	1722	21	1
cydD	1749	1713.0	1767	18	1
tdk	617	615.0	618	1	1
ushA	1650	1644.0	1653	3	1
tdh	969	855.0	1026	57	1
rmuC	1418	1398.0	1428	10	0
acs	1948	1926.0	1959	11	1
lolC	1197	1191.0	1200	3	1
mngR	710	684.0	723	13	0
mngA	1970	1956.0	1977	7	0
ybiV	807	789.0	816	9	0
ybiW	2363	2223.0	2433	70	0
garL	760	738.0	771	11	1
garK	1131	1101.0	1146	15	1
garD	1542	1482.0	1572	30	1
dapF	825	825.0	825	0	1
lon	2342	2316.0	2355	13	1
nrfC	661	639.0	672	11	0
nrfA	1430	1416.0	1437	7	0
yegS	884	852.0	900	16	1
yegQ	1361	1359.0	1362	1	0
yegW	747	747.0	747	0	0
yegV	961	951.0	966	5	0
yegU	999	987.0	1005	6	0
yegT	1268	1248.0	1278	10	0
yegX	799	759.0	819	20	0
garR	878	864.0	885	7	1
ybiX	671	657.0	678	7	1
garP	1318	1284.0	1335	17	1
ltaE	980	936.0	1002	22	0
hsrA	1415	1389.0	1428	13	0
cbl	941	921.0	951	10	1
ygaZ	736	732.0	738	2	1
yafS	718	708.0	723	5	0
aceK	1706	1644.0	1737	31	1
aceA	1291	1263.0	1305	14	1
aceF	1864	1806.0	1893	29	1
aceF	456	222.0	568	112	1
aceF	453	219.0	565	112	1
aceE	2645	2607.0	2664	19	1
ypjD	786	774.0	792	6	1
glpF	846	846.0	846	0	1
rihC	882	816.0	915	33	0
rihB	921	879.0	942	21	1
rihA	917	879.0	936	19	1
lysA	1260	1254.0	1263	3	1
lysC	1333	1299.0	1350	17	1
lysP	1468	1464.0	1470	2	1
lysR	930	918.0	936	6	0
lysS	1493	1443.0	1518	25	1
lysU	1501	1467.0	1518	17	1
ansP	1489	1467.0	1500	11	0
ansA	1005	981.0	1017	12	1
ansB	1043	1035.0	1047	4	1
yqfA	656	648.0	660	4	1
uxaB	1434	1398.0	1452	18	1
norW	1125	1107.0	1134	9	0
norV	1412	1356.0	1440	28	0
yciV	881	879.0	882	1	0
pta	2143	2139.0	2145	2	0
alx	966	966.0	966	0	0
alr	1073	1059.0	1080	7	1
lacI	1072	1050.0	1083	11	1
rhaR	847	843.0	849	2	1
ileS	2785	2721.0	2817	32	1
lacY	1244	1224.0	1254	10	1
yjfF	958	884.0	995	37	1
mpl	1350	1302.0	1374	24	1
sanA	716	708.0	720	4	0
atpB	814	810.0	816	2	1
atpA	1542	1542.0	1542	0	1
atpG	864	864.0	864	0	1
pfkB	922	906.0	930	8	1
pfkA	958	948.0	963	5	1
atpD	1379	1371.0	1383	4	1
tnaA	1391	1341.0	1416	25	1
yieL	1151	1113.0	1170	19	0
hemH	954	936.0	963	9	1
tnaB	1237	1215.0	1248	11	1
hemN	1373	1371.0	1374	1	0
yieH	662	654.0	666	4	0
hemL	1253	1197.0	1281	28	1
hemB	960	930.0	975	15	1
hemC	923	885.0	942	19	1
hemA	1244	1218.0	1257	13	1
hemF	873	819.0	900	27	0
hemD	733	717.0	741	8	0
hemE	1058	1044.0	1065	7	0
ybdH	1059	999.0	1089	30	1
hemX	1138	1121.0	1146	8	1
hemX	54	52.0	55	1	1
hemY	1174	1128.0	1197	23	1
ybdL	1150	1128.0	1161	11	1
ybdO	892	870.0	903	11	0
mppA	1603	1581.0	1614	11	1
yceA	1038	1008.0	1053	15	1
yieP	684	666.0	693	9	1
ybdG	1240	1224.0	1248	8	0
nanA	893	891.0	894	1	0
nanE	685	675.0	690	5	1
sbp	975	945.0	990	15	1
yciO	611	591.0	621	10	1
cueO	1531	1491.0	1551	20	0
nanR	782	762.0	792	10	0
nanT	1457	1389.0	1491	34	1
yggE	737	729.0	741	4	1
ydcK	967	939.0	981	14	1
dgoD	1120	1062.0	1149	29	1
dgoA	611	597.0	618	7	1
trmA	1079	1035.0	1101	22	1
trmD	767	765.0	768	1	1
sbcD	1190	1164.0	1203	13	0
trmH	690	690.0	690	0	1
dgoT	1275	1239.0	1293	18	1
dgoR	682	666.0	690	8	1
ggt	1727	1695.0	1743	16	1
ybjT	1416	1386.0	1431	15	1
ybjS	1014	1014.0	1014	0	1
ybjX	990	984.0	993	3	1
ybjE	898	894.0	900	2	0
ybjD	1615	1527.0	1659	44	1
ybjL	1673	1647.0	1686	13	1
ybjJ	1205	1197.0	1209	4	0
ybjI	800	768.0	816	16	0
ylbE	1250	1230.0	1260	10	0
ylbF	791	741.0	816	25	0
frlR	732	732.0	732	0	0
yjjW	838	786.0	864	26	0
fklB	617	609.0	621	4	0
valS	2805	2703.0	2856	51	1
yjjU	1065	1047.0	1074	9	0
astA	1025	1005.0	1035	10	1
astB	1326	1290.0	1344	18	1
astC	1220	1218.0	1221	1	1
astE	969	969.0	969	0	1
yhjC	892	876.0	900	8	0
yjjP	761	741.0	771	10	0
avtA	1239	1209.0	1254	15	1
pntB	1375	1347.0	1389	14	1
pntA	1518	1488.0	1533	15	1
aphA	707	693.0	714	7	1
yhjX	1170	1116.0	1197	27	1
tauB	757	735.0	768	11	0
tpiA	753	723.0	768	15	1
tauA	949	921.0	963	14	0
malZ	1803	1779.0	1815	12	0
yjjI	1540	1518.0	1551	11	1
malX	1586	1572.0	1593	7	0
malY	1144	1086.0	1173	29	1
malT	2645	2527.0	2704	59	1
malP	2380	2352.0	2394	14	1
malQ	2074	2052.0	2085	11	1
malM	918	912.0	921	3	0
malK	1110	1098.0	1116	6	1
malI	1015	987.0	1029	14	1
malF	1536	1518.0	1545	9	1
basR	662	648.0	669	7	1
malE	1181	1161.0	1191	10	1
basS	1089	1083.0	1092	3	1
eutJ	827	807.0	837	10	0
yahG	1369	1269.0	1419	50	0
eutH	1210	1176.0	1227	17	1
yahB	910	864.0	933	23	0
eutL	629	567.0	660	31	0
eutB	1343	1305.0	1362	19	0
eutC	875	849.0	888	13	0
der	1465	1449.0	1473	8	1
eutA	1379	1329.0	1404	25	0
yahJ	1339	1251.0	1383	44	0
eutG	1172	1140.0	1188	16	0
eutE	1378	1323.0	1405	27	0
ispU	761	759.0	762	1	1
csgG	815	777.0	834	19	0
eutQ	699	693.0	702	3	0
eutT	803	801.0	804	1	0
actP	1619	1557.0	1650	31	0
yceH	643	633.0	648	5	1
yeiB	1145	1119.0	1158	13	1
yeaE	837	801.0	855	18	0
sseA	845	843.0	846	1	1
ybbA	680	666.0	687	7	1
sseB	765	741.0	777	12	1
mntH	1219	1179.0	1239	20	1
mgtA	2663	2595.0	2697	34	1
yqgA	701	687.0	708	7	1
mtgA	723	711.0	729	6	0
secA	2691	2661.0	2706	15	1
ilvY	850	776.0	887	37	1
secD	1829	1791.0	1848	19	1
secF	962	942.0	972	10	0
recR	599	585.0	606	7	1
yidA	794	756.0	813	19	1
ilvI	1706	1668.0	1725	19	1
coaE	617	609.0	621	4	1
ilvD	1803	1707.0	1851	48	1
coaA	948	942.0	951	3	1
ilvC	1425	1323.0	1476	51	1
ilvB	1669	1629.0	1689	20	1
ispG	1110	1092.0	1119	9	1
yedJ	682	654.0	696	14	0
yedI	909	891.0	918	9	1
yedE	1188	1152.0	1206	18	1
yedA	906	876.0	921	15	0
yedZ	624	600.0	636	12	1
yedW	662	642.0	672	10	0
yedP	797	759.0	816	19	1
yedQ	1668	1614.0	1695	27	1
emrY	1522	1488.0	1539	17	0
allD	1044	1032.0	1050	6	0
allC	1213	1167.0	1236	23	0
allB	1338	1290.0	1362	24	1
poxB	1682	1608.0	1719	37	1
ugpA	884	876.0	888	4	1
ugpB	1301	1269.0	1317	16	1
ugpC	1048	1002.0	1071	23	1
emrK	1150	1122.0	1164	14	1
allR	810	800.0	815	5	1
ffh	1336	1284.0	1362	26	1
emrA	1153	1113.0	1173	20	1
emrB	1515	1467.0	1539	24	1
emrD	1184	1182.0	1185	1	1
yibH	1135	1131.0	1137	2	1
pcnB	1385	1359.0	1398	13	1
yeaD	877	861.0	885	8	1
hyfD	1334	1300.0	1351	17	0
ydiO	1147	1137.0	1152	5	0
yibF	608	606.0	609	1	1
panC	835	801.0	852	17	1
pck	1586	1512.0	1623	37	1
panF	1434	1398.0	1452	18	0
panE	895	861.0	912	17	1
pcm	623	615.0	627	4	1
yibQ	943	909.0	960	17	1
yejE	1021	1011.0	1026	5	0
lsrC	1012	978.0	1029	17	1
lsrB	1010	984.0	1023	13	1
lsrD	990	984.0	993	3	1
yejB	1079	1047.0	1095	16	0
lsrF	868	852.0	876	8	1
cvrA	1702	1632.0	1737	35	1
yejM	1750	1728.0	1761	11	1
rbsC	961	951.0	966	5	0
rbsB	884	870.0	891	7	1
yejH	1708	1602.0	1761	53	0
yejK	995	969.0	1008	13	1
yidZ	939	897.0	960	21	1
lsrR	940	912.0	954	14	1
pspA	662	648.0	669	7	1
ygbN	1349	1317.0	1365	16	0
ygbL	639	639.0	639	0	0
rbsR	988	978.0	993	5	1
ygbJ	906	900.0	909	3	1
ygbK	1156	1131.0	1168	12	1
ygbI	766	762.0	768	2	1
dedD	657	645.0	663	6	1
dapA	878	876.0	879	1	1
lolB	624	624.0	624	0	1
lolA	612	612.0	612	0	0
dapB	806	774.0	822	16	1
dapE	1105	1059.0	1128	23	1
dapD	808	774.0	825	17	1
lolE	1239	1227.0	1245	6	1
lolD	691	669.0	702	11	1
mdlB	1757	1707.0	1782	25	1
mdlA	1760	1734.0	1773	13	0
ybiY	896	888.0	900	4	0
ybiB	959	951.0	963	4	1
ybiC	1078	1060.0	1086	8	1
yahI	918	852.0	951	33	0
ybiH	659	633.0	672	13	1
ybiO	2166	2046.0	2226	60	1
setB	1175	1161.0	1182	7	0
ydhF	895	891.0	897	2	1
frlA	1337	1335.0	1338	1	0
frlB	1018	1008.0	1023	5	0
frlC	828	822.0	831	3	0
frlD	784	780.0	786	2	0
cpxR	699	699.0	699	0	1
oppA	1624	1608.0	1632	8	1
oppC	907	903.0	909	2	1
oppB	913	897.0	921	8	1
oppD	1001	975.0	1014	13	1
asd	1104	1104.0	1104	0	1
gph	749	729.0	759	10	1
cpxA	1367	1353.0	1374	7	1
dinB	1030	978.0	1056	26	1
recJ	1703	1641.0	1734	31	1
ydcV	784	762.0	795	11	1
recN	1659	1653.0	1662	3	1
recO	718	696.0	729	11	0
recC	3328	3246.0	3369	41	0
recA	1059	1053.0	1062	3	1
recF	1062	1038.0	1074	12	1
recD	1798	1740.0	1827	29	0
ybcF	875	837.0	894	19	0
ispH	929	885.0	951	22	1
ispD	706	696.0	711	5	1
ispE	850	846.0	852	2	1
recQ	1803	1749.0	1830	27	1
ispA	885	855.0	900	15	1
ispB	966	954.0	972	6	0
ydiK	1109	1101.0	1113	4	1
ydiM	1206	1188.0	1215	9	0
ydiN	1252	1224.0	1266	14	0
elbB	650	642.0	654	4	1
pspF	976	972.0	978	2	0
ydiB	847	807.0	867	20	0
moaA	984	972.0	990	6	0
ydiY	752	738.0	759	7	0
ydiP	912	912.0	912	0	1
ydiQ	764	762.0	765	1	0
ydiR	933	921.0	939	6	1
ydiS	1270	1230.0	1290	20	0
ydiV	703	681.0	714	11	0
dinG	2106	2016.0	2151	45	1
dinF	1362	1326.0	1380	18	0
yaiC	1106	1086.0	1116	10	1
guaD	1313	1299.0	1320	7	0
guaC	1029	999.0	1044	15	1
guaB	1440	1386.0	1467	27	1
guaA	1566	1542.0	1578	12	1
yaiP	1190	1176.0	1197	7	1
dfp	1211	1191.0	1221	10	1
yaiO	771	765.0	774	3	1
cadA	2141	2127.0	2148	7	0
cadB	1328	1314.0	1335	7	0
gntX	678	666.0	684	6	0
yceG	1004	966.0	1023	19	0
yaiW	1083	1059.0	1095	12	0
yaiV	622	618.0	624	2	0
gntR	968	912.0	996	28	1
csdA	1189	1155.0	1206	17	0
gpp	1470	1440.0	1485	15	1
gntU	1307	1239.0	1341	34	1
gntT	1311	1299.0	1317	6	1
lexA	607	603.0	609	2	1
hyaF	858	858.0	858	0	0
ubiD	1470	1422.0	1494	24	1
sapC	880	858.0	891	11	1
ubiB	1638	1632.0	1641	3	1
ubiA	860	834.0	873	13	1
parE	1848	1758.0	1893	45	1
gntP	1337	1323.0	1344	7	1
parC	2243	2211.0	2259	16	1
aat	705	705.0	705	0	0
nhaB	1538	1530.0	1542	4	1
aas	2149	2127.0	2160	11	0
ascG	1001	981.0	1011	10	1
ascF	1437	1392.0	1459	22	1
miaA	950	948.0	951	1	1
miaB	1403	1359.0	1425	22	0
selD	1018	966.0	1044	26	0
selA	1384	1368.0	1392	8	1
selB	1806	1728.0	1845	39	1
ptrB	2048	2022.0	2061	13	1
rsgA	1048	1038.0	1053	5	1
galT	1025	981.0	1047	22	1
galU	907	903.0	909	2	1
galP	1386	1368.0	1395	9	0
galR	1024	1008.0	1032	8	0
galS	1033	1017.0	1041	8	0
yeeA	1039	999.0	1059	20	1
tatD	782	780.0	783	1	1
yeeY	916	888.0	930	14	1
galE	1006	984.0	1017	11	1
yeeZ	817	801.0	825	8	1
galM	1022	986.0	1040	18	1
rbbA	2693	2607.0	2736	43	0
treB	1398	1350.0	1422	24	0
gabT	1260	1218.0	1281	21	1
gabP	1356	1266.0	1401	45	1
rho	1249	1227.0	1260	11	0
puuE	1237	1179.0	1266	29	1
pnuC	720	720.0	720	0	1
hofC	1186	1152.0	1203	17	0
hofB	1379	1365.0	1386	7	0
yhaM	1303	1287.0	1311	8	0
yhaO	1261	1245.0	1269	8	1
macB	1925	1881.0	1947	22	1
macA	1109	1095.0	1116	7	0
yhaK	695	681.0	702	7	1
hofQ	1238	1236.0	1239	1	0
queA	1056	1026.0	1071	15	1
prpD	1439	1413.0	1452	13	1
prpE	1858	1802.0	1886	28	1
prpB	881	861.0	891	10	1
prpC	1148	1104.0	1170	22	0
ygcW	784	780.0	786	2	0
queF	840	822.0	849	9	1
rtn	1536	1494.0	1557	21	0
cdh	741	711.0	756	15	1
ugd	1120	1026.0	1167	47	1
prpR	1551	1479.0	1587	36	1
ubiG	704	666.0	723	19	1
mfd	3404	3318.0	3447	43	1
clpX	1259	1227.0	1275	16	1
hyfI	748	726.0	759	11	0
ubiE	756	756.0	756	0	1
gshB	949	945.0	951	2	0
clpP	622	618.0	624	2	1
gshA	1548	1530.0	1557	9	0
hyfG	1104	1078.0	1117	13	1
hyfG	510	504.0	513	3	1
sspA	639	639.0	639	0	0
clpA	2255	2211.0	2277	22	1
clpB	2553	2511.0	2574	21	1
ssnA	1304	1254.0	1329	25	1
tatC	776	774.0	777	1	1
plsY	616	612.0	618	2	0
plsX	1065	1053.0	1071	6	1
hrpA	3746	3546.0	3846	100	1
plsC	731	717.0	738	7	0
plsB	2387	2313.0	2424	37	0
rpiA	659	657.0	660	1	1
yeeN	714	708.0	717	3	1
hypE	944	894.0	969	25	1
hypD	1090	1026.0	1122	32	0
ldhA	984	972.0	990	6	1
hypB	867	855.0	873	6	0
fsaB	638	588.0	663	25	1
yjcE	1636	1608.0	1650	14	0
crp	629	621.0	633	4	1
fsaA	653	633.0	663	10	0
yjcC	1585	1581.0	1587	2	1
yjcO	684	672.0	690	6	0
yjcZ	867	843.0	879	12	1
oxc	1694	1692.0	1695	1	0
frmA	1092	1053.0	1111	19	1
nlpA	818	816.0	819	1	1
uxuA	1172	1146.0	1185	13	1
nlpD	1130	1110.0	1140	10	0
thyA	781	753.0	795	14	1
nlpE	693	657.0	711	18	1
barA	2747	2727.0	2757	10	1
cbpA	912	898.0	919	7	1
gmk	623	621.0	624	1	1
uup	1901	1887.0	1908	7	0
mhpR	819	789.0	834	15	1
yicI	2311	2295.0	2319	8	0
yafV	756	726.0	771	15	1
mhpT	1200	1176.0	1212	12	1
yicC	845	807.0	864	19	1
yicG	612	600.0	618	6	0
solA	1101	1065.0	1119	18	1
mhpC	859	843.0	867	8	0
mhpB	938	924.0	945	7	0
mhpF	940	918.0	951	11	0
mhpE	1012	1008.0	1014	2	0
mhpD	794	762.0	810	16	0
yicR	661	645.0	669	8	1
fdhF	2132	2100.0	2148	16	1
fdhD	828	816.0	834	6	1
fdhE	908	864.0	930	22	0
tgt	1127	1125.0	1128	1	1
napG	695	693.0	696	1	0
napC	603	603.0	603	0	1
napA	2450	2376.0	2487	37	1
napH	859	849.0	864	5	0
sppA	1832	1782.0	1857	25	1
secY	1329	1323.0	1332	3	1
ravA	1486	1464.0	1497	11	1
suhB	792	768.0	804	12	1
ybhP	757	747.0	762	5	1
ybhS	1133	1131.0	1134	1	0
ybhR	1095	1071.0	1107	12	1
ybhL	704	702.0	705	1	1
ybhN	942	912.0	957	15	1
ybhI	1423	1401.0	1434	11	1
ybhK	909	909.0	909	0	1
ybhJ	2238	2190.0	2262	24	0
ybhD	933	891.0	954	21	0
ybhG	980	942.0	999	19	1
ybhF	1699	1623.0	1737	38	1
ybhA	813	801.0	819	6	1
ybhC	1268	1236.0	1284	16	1
tdcE	2290	2280.0	2295	5	1
tdcD	1205	1197.0	1209	4	0
tdcG	1352	1326.0	1365	13	1
tdcA	932	918.0	939	7	1
tdcC	1320	1296.0	1332	12	0
tdcB	984	972.0	990	6	0
rutR	632	618.0	639	7	1
glgB	2180	2166.0	2187	7	1
glgC	1293	1287.0	1296	3	1
rsxE	692	684.0	696	4	0
rsxD	1048	1026.0	1059	11	1
rsxG	618	612.0	621	3	1
glgP	2433	2403.0	2448	15	1
rutB	680	654.0	693	13	0
rutA	1136	1110.0	1149	13	1
rutG	1296	1230.0	1329	33	1
wcaK	1239	1155.0	1281	42	0
wcaJ	1360	1290.0	1395	35	0
glgX	1965	1947.0	1974	9	1
wcaD	1198	1158.0	1218	20	0
wcaA	836	828.0	840	4	0
wcaC	1182	1110.0	1218	36	0
motA	887	885.0	888	1	1
motB	915	891.0	927	12	1
dsbA	622	612.0	627	5	1
dsbC	706	696.0	711	5	1
dsbG	747	747.0	747	0	1
ydhJ	843	813.0	858	15	0
ampH	1143	1113.0	1158	15	1
ydhC	1198	1170.0	1212	14	0
ydhB	926	912.0	933	7	1
pssA	1347	1329.0	1356	9	1
ampG	1456	1416.0	1476	20	1
ampE	855	855.0	855	0	1
ydhX	664	654.0	669	5	0
ebgR	976	960.0	984	8	0
ydhS	1589	1557.0	1605	16	1
ydhQ	1241	1209.0	1257	16	1
ydhP	1169	1167.0	1170	1	0
ydhV	2078	2028.0	2103	25	0
ydhU	778	762.0	786	8	1
ydhT	806	792.0	813	7	1
chbF	1331	1287.0	1353	22	0
gss	1853	1839.0	1860	7	1
chbC	1352	1338.0	1359	7	0
yeeO	1470	1434.0	1488	18	1
yafJ	758	738.0	768	10	1
yafK	734	720.0	741	7	1
yafD	791	771.0	801	10	1
mipA	743	735.0	747	4	1
yafC	911	903.0	915	4	1
flgA	656	648.0	660	4	1
flgG	783	783.0	783	0	1
flgF	731	681.0	756	25	1
ycfH	795	789.0	798	3	1
flgD	694	690.0	696	2	1
flgK	1630	1602.0	1644	14	1
flgJ	940	936.0	942	2	1
gsk	1290	1260.0	1305	15	1
flgH	699	699.0	699	0	1
lptB	726	726.0	726	0	0
flgL	925	867.0	954	29	1
kduI	824	798.0	837	13	1
dhaK	1065	1053.0	1071	6	0
yeeE	1053	1041.0	1059	6	1
kduD	755	741.0	762	7	0
dhaL	630	624.0	633	3	0
dhaR	1903	1869.0	1920	17	0
yjbB	1609	1563.0	1632	23	1
mreB	1038	1026.0	1044	6	1
mreC	1096	1080.0	1104	8	1
yjbM	704	696.0	708	4	0
yjbH	2066	2004.0	2097	31	1
yhhQ	654	630.0	666	12	0
ptsP	2242	2232.0	2247	5	1
ptsI	1722	1710.0	1728	6	0
ychE	643	633.0	648	5	0
ychF	1088	1080.0	1092	4	1
ychA	808	804.0	810	2	1
ptsG	1433	1431.0	1434	1	1
dppA	1582	1530.0	1608	26	1
dppB	1011	993.0	1020	9	1
dppC	901	897.0	903	2	1
dppD	966	930.0	984	18	1
dppF	978	924.0	1005	27	1
uhpT	1383	1365.0	1392	9	1
nuoB	661	657.0	663	2	0
fhuD	870	828.0	891	21	1
fhuA	2236	2220.0	2244	8	0
nuoG	2705	2661.0	2727	22	1
fhuC	788	768.0	798	10	0
uhpC	1310	1290.0	1320	10	0
uhpB	1475	1419.0	1503	28	1
nuoH	977	975.0	978	1	1
galK	1129	1089.0	1149	20	1
nuoN	1432	1380.0	1458	26	0
nuoL	1827	1797.0	1842	15	1
nuoM	1526	1518.0	1530	4	1
proY	1363	1341.0	1374	11	0
proX	968	918.0	993	25	1
proW	1048	1014.0	1065	17	1
proV	1197	1185.0	1203	6	1
proS	1715	1707.0	1719	4	1
proP	1489	1461.0	1503	14	1
phnL	655	600.0	682	27	1
proC	808	804.0	810	2	0
proB	1095	1077.0	1104	9	1
proA	1247	1233.0	1254	7	0
lipA	965	963.0	966	1	1
lipB	638	630.0	642	4	1
bacA	808	784.0	820	12	0
bcsZ	1098	1080.0	1107	9	0
thrS	1919	1899.0	1929	10	0
bcsA	2575	2487.0	2619	44	0
bcsB	2325	2295.0	2340	15	0
bcsC	3447	3393.0	3474	27	1
bcsE	1569	1563.0	1572	3	0
bcsG	1667	1641.0	1680	13	0
yqeG	1213	1183.0	1228	15	1
yehA	1016	981.0	1033	17	0
yqeA	923	903.0	933	10	1
yqeC	768	762.0	771	3	1
yqeB	1614	1590.0	1626	12	1
yobB	657	657.0	657	0	1
yqeH	631	627.0	633	2	0
yehP	1120	1086.0	1137	17	1
yehW	726	714.0	732	6	0
yehT	719	717.0	720	1	1
yehU	1663	1617.0	1686	23	0
yehX	913	885.0	927	14	0
yehY	1149	1131.0	1158	9	0
ycdX	731	717.0	738	7	1
pbpG	931	927.0	933	2	1
pbpC	2296	2262.0	2313	17	0
lldP	1624	1560.0	1656	32	0
bioC	732	684.0	756	24	1
lldR	771	759.0	777	6	0
bioD	666	642.0	678	12	1
bioH	769	765.0	771	2	0
lldD	1170	1128.0	1191	21	0
yhfT	1290	1260.0	1305	15	0
mukB	4407	4299.0	4461	54	1
mukF	1322	1320.0	1323	1	1
mukE	670	654.0	678	8	1
infB	2655	2619.0	2673	18	1
rlmB	717	689.0	731	14	1
azoR	594	570.0	606	12	1
exuT	1276	1230.0	1299	23	1
exuR	761	729.0	777	16	1
tufB	1184	1182.0	1185	1	1
tufA	1184	1182.0	1185	1	1
yhbV	867	843.0	879	12	0
nac	905	879.0	918	13	1
chaA	1090	1068.0	1101	11	1
ycgR	731	723.0	735	4	1
ycgM	651	633.0	660	9	0
yagU	615	615.0	615	0	1
ycgB	1520	1494.0	1533	13	1
ycgG	1514	1494.0	1524	10	1
yhaJ	884	858.0	897	13	1
murI	846	822.0	858	12	0
pyrH	723	717.0	726	3	1
pyrG	1634	1626.0	1638	4	1
pyrF	734	726.0	738	4	1
pyrE	624	588.0	642	18	0
pyrD	1011	1011.0	1011	0	1
pyrC	1034	1008.0	1047	13	1
pyrB	935	933.0	936	1	1
glpT	1346	1320.0	1359	13	0
glpQ	1059	1023.0	1077	18	0
cstA	2058	1962.0	2106	48	1
glpX	1008	1002.0	1011	3	0
glpD	1475	1413.0	1506	31	1
glpG	819	795.0	831	12	1
thiH	1108	1056.0	1134	26	1
glpA	1620	1602.0	1629	9	1
glpC	1176	1146.0	1191	15	1
glpB	1218	1134.0	1260	42	1
mdtG	1221	1209.0	1227	6	0
glpK	1496	1470.0	1509	13	1
agp	1235	1221.0	1242	7	1
cdd	880	870.0	885	5	1
eda	640	636.0	642	2	0
ygfT	1900	1860.0	1920	20	1
edd	1801	1779.0	1812	11	1
tehA	988	978.0	993	5	0
queC	682	654.0	696	14	1
ygfZ	976	966.0	981	5	1
ygcR	779	777.0	780	1	0
yciC	740	732.0	744	4	1
prlC	1993	1893.0	2043	50	1
rseB	956	954.0	957	1	0
ygcU	1426	1368.0	1455	29	0
yciM	1161	1143.0	1170	9	0
rseA	650	648.0	651	1	1
yciK	750	732.0	759	9	1
yihU	895	891.0	897	2	0
codB	1239	1197.0	1260	21	1
yoaE	1557	1557.0	1557	0	0
codA	1268	1244.0	1280	12	1
yihQ	2024	1998.0	2037	13	0
katE	2211	2123.0	2255	44	1
katG	2149	2085.0	2181	32	0
kch	1245	1227.0	1254	9	1
trg	1622	1584.0	1641	19	1
yhcC	925	915.0	930	5	0
yeiL	654	642.0	660	6	1
nhaR	903	897.0	906	3	1
yeiH	1045	1035.0	1050	5	1
sapD	992	990.0	993	1	1
sapF	803	795.0	807	4	1
sapA	1642	1638.0	1644	2	1
sapB	958	942.0	966	8	1
cfa	1138	1116.0	1149	11	1
nhaA	1154	1128.0	1167	13	1
bglJ	620	612.0	624	4	0
birA	949	915.0	966	17	0
yeiQ	1447	1407.0	1467	20	1
yeiR	981	969.0	987	6	1
nfrB	2203	2133.0	2238	35	1
folP	847	843.0	849	2	1
aaeA	926	912.0	933	7	0
aaeB	1956	1932.0	1968	12	1
folE	663	651.0	669	6	1
folD	860	846.0	867	7	1
aldA	1432	1416.0	1440	8	1
folC	1256	1230.0	1269	13	1
folM	714	696.0	723	9	0
aaeR	919	897.0	930	11	0
ddpD	975	951.0	987	12	0
yiaF	702	684.0	711	9	1
rpoC	4213	4191.0	4224	11	1
rpoB	4026	4020.0	4029	3	1
rpoA	989	987.0	990	1	1
bglG	835	831.0	837	2	0
rpoD	1833	1815.0	1842	9	1
rpoH	840	810.0	855	15	1
rpoN	1422	1398.0	1434	12	1
yjaH	691	681.0	696	5	1
mrdA	1877	1827.0	1902	25	1
mrdB	1104	1086.0	1113	9	1
rpsD	621	621.0	621	0	1
rpsC	702	702.0	702	0	1
rpsB	725	723.0	726	1	1
rpsA	1670	1662.0	1674	4	0
fdnG	3010	2934.0	3048	38	1
fdnH	882	876.0	885	3	1
fdnI	649	639.0	654	5	1
deoR	756	750.0	759	3	0
deoA	1300	1254.0	1323	23	1
deoB	1203	1161.0	1224	21	1
deoC	768	744.0	780	12	1
deoD	707	681.0	720	13	0
usg	993	951.0	1014	21	1
tas	1041	1041.0	1041	0	0
cbrA	1045	1005.0	1065	20	0
phoQ	1459	1455.0	1461	2	1
phoP	661	639.0	672	11	0
phoR	1281	1251.0	1296	15	0
phoU	720	708.0	726	6	1
yfhH	847	843.0	849	2	0
thiQ	674	624.0	699	25	0
phoA	1398	1362.0	1416	18	0
anmK	1090	1050.0	1110	20	1
thiI	1426	1380.0	1449	23	0
phoB	685	675.0	690	5	0
phoE	1034	990.0	1056	22	0
thiM	775	747.0	789	14	1
thiL	966	942.0	978	12	1
thiC	1891	1881.0	1896	5	1
phoH	1064	1062.0	1065	1	1
thiG	766	756.0	771	5	1
thiF	752	744.0	756	4	1
thiE	634	630.0	636	2	1
thiD	796	786.0	801	5	1
trxB	956	936.0	966	10	1
yiaU	969	957.0	975	6	1
yiaT	731	711.0	741	10	1
yiaV	1118	1080.0	1137	19	1
yiaY	1141	1119.0	1152	11	0
purA	1296	1290.0	1299	3	1
yiaD	655	645.0	660	5	0
uraA	1282	1266.0	1290	8	1
yiaK	976	934.0	997	21	0
yiaJ	841	825.0	849	8	0
yqjH	760	750.0	765	5	1
yiaN	1276	1272.0	1278	2	0
narY	1515	1455.0	1545	30	0
narX	1782	1752.0	1797	15	1
tar	1660	1656.0	1662	2	1
narZ	3732	3714.0	3741	9	1
narU	1384	1374.0	1389	5	1
narW	690	678.0	696	6	0
narV	670	648.0	681	11	1
narQ	1678	1632.0	1701	23	1
narP	637	615.0	648	11	0
narL	648	642.0	651	3	1
narI	673	663.0	678	5	1
narH	1527	1503.0	1539	12	0
narK	1385	1371.0	1392	7	1
narJ	695	663.0	711	16	0
tam	747	723.0	759	12	1
narG	3731	3705.0	3744	13	1
yihV	897	897.0	897	0	1
gcd	2360	2298.0	2391	31	1
gcl	1720	1596.0	1782	62	1
sthA	1386	1356.0	1401	15	0
yihW	786	786.0	786	0	0
paaX	935	903.0	951	16	1
paaC	740	726.0	747	7	0
paaA	924	912.0	930	6	0
paaF	752	720.0	768	16	0
paaG	778	756.0	789	11	0
paaE	1060	1038.0	1071	11	1
paaJ	1188	1152.0	1206	18	0
paaK	1298	1266.0	1314	16	0
paaH	1417	1395.0	1428	11	0
sdiA	709	681.0	723	14	1
ydcI	920	912.0	924	4	1
yrbL	631	627.0	633	2	1
yrbG	976	972.0	978	2	0
kbl	1180	1146.0	1197	17	1
dmsD	614	612.0	615	1	1
dmsA	2423	2379.0	2445	22	1
dmsB	611	597.0	618	7	0
dmsC	848	816.0	864	16	1
ruvA	604	588.0	612	8	0
ruvB	988	942.0	1011	23	0
yjtD	675	651.0	687	12	1
tsf	851	849.0	852	1	1
mutH	685	675.0	690	5	0
ynjF	621	621.0	621	0	0
mutL	1823	1773.0	1848	25	0
mutM	802	786.0	810	8	0
mutS	2491	2349.0	2562	71	1
tsx	881	873.0	885	4	1
rlpA	1067	1023.0	1089	22	1
tsr	1635	1570.0	1665	30	1
dam	835	831.0	837	2	1
ydjZ	697	675.0	708	11	1
modA	751	705.0	774	23	1
modB	686	678.0	690	4	1
modC	1036	990.0	1059	23	1
ydjE	1352	1338.0	1359	7	1
modE	785	777.0	789	4	0
modF	1457	1437.0	1467	10	1
ydjF	759	759.0	759	0	1
ydjI	837	837.0	837	0	1
ydjH	948	948.0	948	0	1
ydjK	1368	1344.0	1380	12	0
ydjJ	1038	1026.0	1044	6	1
yeaJ	1481	1461.0	1491	10	0
ydjL	1065	1041.0	1077	12	0
ydjN	1376	1344.0	1392	16	1
yadH	759	735.0	771	12	0
cusR	663	621.0	684	21	0
yadL	569	501.0	603	34	0
yfjD	1171	1119.0	1197	26	1
nfo	847	825.0	858	11	1
nadA	1039	1029.0	1044	5	1
gudD	1319	1275.0	1341	22	1
yadG	917	897.0	927	10	1
nfi	671	669.0	672	1	1
nadD	639	633.0	642	3	0
cusA	3129	3099.0	3144	15	0
cusC	1352	1310.0	1373	21	1
cusB	1220	1212.0	1224	4	0
gudP	1335	1299.0	1353	18	1
nadR	1188	1098.0	1233	45	1
uxuB	1449	1425.0	1461	12	0
waaF	1038	1020.0	1047	9	1
map	786	768.0	795	9	0
kdsA	853	849.0	855	2	1
kdsB	737	717.0	747	10	0
kdsD	979	963.0	987	8	1
rplD	606	606.0	606	0	1
rplB	822	822.0	822	0	1
rplC	630	630.0	630	0	1
rplA	705	705.0	705	0	1
metR	938	906.0	954	16	1
lrhA	933	921.0	939	6	1
hyuA	1378	1362.0	1386	8	0
rep	1966	1854.0	2022	56	1
metB	1150	1128.0	1161	11	1
metC	1169	1131.0	1188	19	1
mrcB	2484	2382.0	2535	51	1
metA	919	897.0	930	11	1
metF	870	828.0	891	21	1
metG	1988	1896.0	2034	46	1
metK	1141	1113.0	1155	14	1
metH	3614	3474.0	3684	70	1
metI	643	621.0	654	11	1
metN	1022	1002.0	1032	10	1
metL	2412	2370.0	2433	21	1
ycjR	776	750.0	789	13	0
ycjS	1047	1029.0	1056	9	0
ycjP	840	834.0	843	3	0
caiT	1510	1500.0	1515	5	0
ycjW	972	918.0	999	27	1
ycjX	1330	1194.0	1398	68	0
yhbJ	853	849.0	855	2	1
yhbU	982	954.0	996	14	0
yhbW	986	942.0	1008	22	0
caiD	775	753.0	786	11	0
ycjF	1043	1005.0	1062	19	0
caiB	1202	1170.0	1218	16	0
caiA	1139	1131.0	1143	4	1
ycjO	871	849.0	882	11	0
ycjM	1677	1671.0	1680	3	0
yegH	1558	1506.0	1584	26	1
pgl	981	951.0	996	15	0
pgm	1607	1539.0	1641	34	1
pgk	1163	1161.0	1164	1	0
pgi	1629	1587.0	1650	21	1
potI	834	810.0	846	12	1
potH	941	915.0	954	13	0
potG	1077	963.0	1134	57	0
potF	1086	1032.0	1113	27	1
potE	1290	1230.0	1320	30	1
potD	1016	954.0	1047	31	1
potC	788	774.0	795	7	1
potB	818	798.0	828	10	1
potA	1128	1110.0	1137	9	1
prmA	879	873.0	882	3	0
prmC	832	828.0	834	2	1
prmB	907	855.0	933	26	1
pflD	2256	2172.0	2298	42	0
pflB	2277	2265.0	2283	6	1
pflC	861	825.0	879	18	0
pflA	737	729.0	741	4	1
ahpF	1553	1527.0	1566	13	1
udp	760	756.0	762	2	0
yqcE	1252	1200.0	1278	26	0
xylR	1176	1170.0	1179	3	0
xylH	1170	1146.0	1182	12	1
xylA	1311	1287.0	1323	12	1
udk	638	630.0	642	4	1
xylB	1431	1383.0	1455	24	1
xylE	1454	1410.0	1476	22	1
xylG	1530	1506.0	1542	12	0
xylF	984	966.0	993	9	0
dnaQ	717	687.0	732	15	1
dnaX	1910	1866.0	1932	22	1
dnaA	1396	1380.0	1404	8	1
dnaC	734	726.0	738	4	0
dnaB	1395	1353.0	1416	21	1
dnaE	3457	3405.0	3483	26	1
dnaG	1739	1725.0	1746	7	1
dnaK	1901	1869.0	1917	16	1
dnaJ	1122	1104.0	1131	9	1
dnaN	1087	1056.0	1102	15	0
sdhA	1727	1647.0	1767	40	1
sdhB	712	702.0	717	5	1
tldD	1422	1374.0	1446	24	1
trpB	1186	1170.0	1194	8	1
trpA	800	786.0	807	7	1
trpD	1574	1530.0	1596	22	1
trpE	1522	1440.0	1563	41	1
yliE	2313	2241.0	2349	36	1
yliF	1320	1302.0	1329	9	1
trpS	985	945.0	1005	20	1
fdoG	3019	2955.0	3051	32	1
fdoI	635	633.0	636	1	1
fdoH	895	879.0	903	8	1
fieF	899	891.0	903	4	0
pstS	1040	1038.0	1041	1	1
evgA	609	597.0	615	6	0
envY	756	744.0	762	6	0
btuD	739	717.0	750	11	0
btuF	799	795.0	801	2	1
ydeP	2243	2169.0	2280	37	0
ydeQ	901	873.0	915	14	0
btuC	968	942.0	981	13	0
btuB	1842	1836.0	1845	3	1
pstC	960	960.0	960	0	0
pstB	773	771.0	774	1	1
pstA	874	844.0	889	15	0
ydeO	755	741.0	762	7	0
envC	1230	1170.0	1260	30	1
ydeE	1180	1164.0	1188	8	0
ydeA	1182	1164.0	1191	9	0
yfiN	1218	1200.0	1227	9	0
uvrY	657	657.0	657	0	1
yfiH	723	705.0	732	9	0
yfiF	1025	999.0	1038	13	0
feaB	1492	1476.0	1500	8	1
yfiE	860	816.0	882	22	1
nagZ	1015	993.0	1026	11	1
nagE	1921	1869.0	1947	26	1
nagB	790	768.0	801	11	1
nagC	1215	1203.0	1221	6	0
nagA	1143	1131.0	1149	6	1
feaR	903	897.0	906	3	0
yfiP	691	675.0	699	8	0
uidB	1356	1320.0	1374	18	0
uidC	1258	1242.0	1266	8	0
uidA	1799	1773.0	1812	13	1
ybaP	784	762.0	795	11	0
aes	950	930.0	960	10	1
aer	1504	1470.0	1521	17	1
ysgA	808	792.0	816	8	0
csrD	1927	1899.0	1941	14	1
aroP	1372	1368.0	1374	2	1
tyrR	1532	1512.0	1542	10	1
yfgF	2232	2208.0	2244	12	1
tyrP	1211	1209.0	1212	1	1
yfgM	621	621.0	621	0	1
yheO	720	714.0	723	3	1
flhB	1149	1149.0	1149	0	1
aroA	1275	1257.0	1284	9	1
aroB	1085	1077.0	1089	4	1
flhA	2071	2055.0	2079	8	1
aroD	745	717.0	759	14	1
aroE	810	792.0	819	9	1
aroF	1066	1056.0	1071	5	1
aroG	1037	1005.0	1053	16	1
kefB	1778	1722.0	1806	28	1
kefC	1858	1848.0	1863	5	0
ybiR	1117	1113.0	1119	2	1
aroM	675	669.0	678	3	0
dld	1697	1659.0	1716	19	1
uvrC	1832	1830.0	1833	1	1
ycfQ	631	627.0	633	2	0
gldA	1085	1047.0	1104	19	1
rsuA	681	651.0	696	15	1
aegA	1956	1908.0	1980	24	0
prkB	864	852.0	870	6	1
ydeM	1148	1128.0	1158	10	0
endA	704	696.0	708	4	1
yniC	663	651.0	669	6	0
yniA	849	825.0	861	12	1
yegL	633	579.0	660	27	0
ydeN	1678	1668.0	1683	5	1
ycaD	1128	1086.0	1149	21	1
ttdA	909	903.0	912	3	0
rpe	672	660.0	678	6	1
ynjE	1285	1239.0	1308	23	1
nhoA	834	810.0	846	12	0
wzyE	1343	1323.0	1353	10	0
rhlE	1331	1263.0	1365	34	0
rhlB	1257	1239.0	1266	9	0
agaD	787	777.0	792	5	0
tap	1595	1581.0	1602	7	1
hmp	1187	1179.0	1191	4	1
ybiT	1571	1527.0	1593	22	1
agaS	1143	1119.0	1155	12	0
agaR	805	795.0	810	5	1
yicH	1699	1677.0	1710	11	1
lgt	868	852.0	876	8	1
mutY	1044	1026.0	1053	9	1
yicL	922	918.0	924	2	0
ybiU	1258	1242.0	1266	8	0
rbn	911	897.0	918	7	1
fabR	647	645.0	648	1	1
yojI	1617	1560.0	1645	28	1
fabD	922	906.0	930	8	1
fabG	733	729.0	735	2	0
fabF	1231	1209.0	1242	11	0
fabB	1209	1185.0	1221	12	0
fabI	786	780.0	789	3	1
fabH	949	939.0	954	5	1
fkpA	809	801.0	813	4	1
ydjX	698	672.0	711	13	0
eptB	1686	1674.0	1692	6	1
eptA	1632	1608.0	1644	12	1
ackA	1201	1197.0	1203	2	1
setA	1177	1173.0	1179	2	0
arsB	1290	1290.0	1290	0	1
setC	1183	1179.0	1185	2	0
ung	674	642.0	690	16	1
xdhB	878	876.0	879	1	0
eamA	881	863.0	890	9	0
yohK	693	687.0	696	3	1
alkB	642	624.0	651	9	1
mtlA	1897	1863.0	1914	17	1
php	872	858.0	879	7	0
mtlD	1120	1062.0	1149	29	1
fhlA	2056	2010.0	2079	23	1
iscS	1208	1194.0	1215	7	0
dusB	966	966.0	966	0	1
dusC	932	900.0	948	16	0
envZ	1328	1278.0	1353	25	0
ydjG	981	981.0	981	0	0
yfaP	763	735.0	777	14	1
nirC	799	783.0	807	8	0
nirB	2514	2454.0	2544	30	0
radA	1354	1296.0	1383	29	1
sufB	1471	1437.0	1488	17	1
sufC	742	732.0	747	5	1
gmd	1109	1083.0	1122	13	0
sufS	1191	1131.0	1221	30	1
add	1002	1002.0	1002	0	0
ada	1049	1017.0	1065	16	1
gmr	1981	1971.0	1986	5	1
adk	642	636.0	645	3	1
otsA	1424	1422.0	1425	1	1
otsB	801	801.0	801	0	1
nadC	894	894.0	894	0	0
yhhX	1032	1020.0	1038	6	1
rstA	719	717.0	720	1	1
nadE	819	801.0	828	9	1
rstB	1290	1266.0	1302	12	1
cadC	1529	1509.0	1539	10	1
gudX	1309	1245.0	1341	32	1
murA	1244	1212.0	1260	16	1
murB	1011	975.0	1029	18	1
murC	1458	1422.0	1476	18	1
murD	1258	1140.0	1317	59	1
murE	1472	1440.0	1488	16	1
murF	1354	1344.0	1359	5	1
murG	1055	1029.0	1068	13	1
murP	1404	1362.0	1425	21	1
murQ	870	816.0	897	27	1
tmk	636	624.0	642	6	0
bglH	1602	1572.0	1617	15	0
dcm	1406	1380.0	1419	13	1
rarD	870	850.0	880	10	0
bglA	1414	1362.0	1440	26	0
bglB	1387	1368.0	1396	9	0
oppF	989	957.0	1005	16	1
bglX	2285	2259.0	2298	13	1
yadS	619	609.0	624	5	0
yddG	804	762.0	825	21	1
amtB	1261	1209.0	1287	26	0
dcp	2016	1956.0	2046	30	1
ndh	1296	1278.0	1305	9	0
zipA	984	978.0	987	3	1
yfhG	701	675.0	714	13	0
yabI	735	675.0	765	30	1
yfhR	848	834.0	855	7	1
mazG	787	777.0	792	5	1
appA	1298	1296.0	1299	1	0
yjfK	651	633.0	660	9	0
yjfJ	695	687.0	699	4	0
hflD	639	633.0	642	3	0
hflC	1001	993.0	1005	4	1
mraY	1075	1059.0	1083	8	0
yjfC	1128	1056.0	1164	36	0
hflK	1257	1251.0	1260	3	1
hdhA	758	738.0	768	10	1
yjfP	739	717.0	750	11	1
hflX	1279	1275.0	1281	2	1
fliY	784	750.0	801	17	1
arnT	1642	1620.0	1653	11	1
yhdJ	874	852.0	885	11	0
fliP	727	705.0	738	11	1
fliR	767	729.0	786	19	1
fliM	990	960.0	1005	15	1
fliI	1352	1308.0	1374	22	1
fliH	675	651.0	687	12	1
fliD	1389	1353.0	1407	18	1
fliG	982	954.0	996	14	1
fliF	1639	1599.0	1659	20	1
fliA	716	708.0	720	4	1
srmB	1312	1266.0	1335	23	1
menA	923	915.0	927	4	1
mglA	1504	1470.0	1521	17	1
mglB	985	957.0	999	14	1
mglC	1010	1008.0	1011	1	1
xdhD	2846	2796.0	2871	25	1
yohF	735	681.0	762	27	1
iadA	1158	1128.0	1173	15	1
hcr	968	966.0	969	1	0
nrdA	2245	2163.0	2286	41	1
hcp	1632	1590.0	1653	21	0
metQ	801	771.0	816	15	1
nupG	1255	1251.0	1257	2	1
pdxH	647	627.0	657	10	1
yghA	880	870.0	885	5	1
pdxJ	711	669.0	732	21	1
pdxK	833	795.0	852	19	0
wzxC	1429	1329.0	1479	50	0
pdxB	1114	1068.0	1137	23	1
wzxE	1245	1233.0	1251	6	0
pdxY	861	855.0	864	3	1
yghS	706	690.0	714	8	0
yghU	856	834.0	867	11	0
bcr	1169	1125.0	1191	22	1
