	K12_chemostat1	K12_chemostat2	K12_starvation1	K12_starvation2
thrA	19203	11206	121	179
thrB	6026	3377	150	162
thrC	9930	5701	160	193
yaaA	593	357	16	15
yaaJ	116	67	26	21
talB	7185	4166	189	186
htpY	43	21	10	11
dnaK	30091	19089	2666	2810
dnaJ	4609	2820	395	466
nhaA	838	438	490	634
nhaR	343	205	28	34
ribF	2654	1478	55	62
ileS	9661	5544	153	193
ispH	1456	850	15	24
rihC	311	147	7	12
dapB	2292	1178	32	43
carA	5545	2739	11	21
carB	12812	6571	60	65
caiD	14	10	1	1
caiB	61	34	6	3
caiA	175	99	17	22
caiT	17	11	0	1
fixA	15	11	1	0
fixB	18	13	1	0
fixC	61	29	1	1
yaaU	40	21	1	2
kefC	384	191	19	12
apaH	475	257	29	47
ksgA	1310	708	194	189
surA	5295	2968	511	568
imp	8035	4679	1097	1146
djlA	669	302	13	13
rluA	214	141	28	34
hepA	976	622	45	45
polB	303	146	24	31
araD	26	11	12	10
araA	114	68	69	62
araC	1453	622	255	324
yabI	521	231	97	101
thiQ	222	126	5	5
tbpA	497	311	6	9
setA	487	270	26	31
leuD	5847	3469	78	80
leuC	8864	5137	85	72
leuB	6644	4128	75	71
leuA	10466	6214	79	65
leuO	127	79	14	18
ilvI	4993	2857	28	35
fruR	2730	1365	219	234
mraW	1753	934	72	100
ftsI	1720	930	42	60
murE	1855	1032	41	39
murF	1498	788	27	23
mraY	895	483	32	22
murD	1820	971	24	38
ftsW	1527	805	25	34
murG	1333	687	24	20
murC	1865	946	25	30
ddlB	2058	1084	111	124
ftsQ	2203	1144	175	166
ftsA	5713	2915	193	229
ftsZ	13743	7141	380	406
lpxC	15302	8233	4494	5402
secA	6711	3733	201	219
yacF	476	324	25	21
coaE	474	269	32	39
guaC	1298	924	15	19
hofC	106	58	5	5
hofB	98	59	3	3
nadC	316	236	11	14
ampE	470	270	53	37
aroP	6551	3777	151	146
pdhR	712	390	35	34
aceE	30260	15805	452	517
aceF	16526	8721	357	434
lpd	41154	22474	613	703
acnB	32808	18695	576	752
speD	2432	1549	49	61
speE	3044	1801	32	38
cueO	553	319	21	20
gcd	710	551	114	108
can	6403	3882	42	42
yadG	1102	623	27	33
yadH	652	375	36	36
yadD	690	348	12	18
panC	2904	1665	46	59
yadL	49	30	4	4
ecpD	9	6	0	0
pcnB	1829	1148	16	20
yadB	436	277	13	7
sfsA	3096	1506	1564	1589
mrcB	1926	972	36	52
fhuA	5884	2938	286	339
fhuC	417	231	16	17
fhuD	283	148	1	2
hemL	2374	1479	223	296
clcA	954	494	128	141
yadS	262	119	6	7
btuF	239	138	2	3
pfs	1807	1049	121	104
dgt	1050	631	11	21
degP	5758	3284	228	214
cdaR	877	379	42	57
dapD	8433	4652	96	108
glnD	942	570	30	25
map	2989	1936	125	126
rpsB	36719	19323	438	577
tsf	21794	11724	166	218
pyrH	3921	2072	58	77
dxr	776	391	40	63
ispU	4412	2201	44	45
cdsA	1712	992	83	86
yaeL	6949	3504	142	150
yaeT	18922	9932	202	253
lpxD	7188	4251	144	177
lpxA	3355	1931	102	121
lpxB	1747	946	12	27
dnaE	3223	1855	62	47
accA	3406	1851	69	76
ldcC	637	423	124	136
nlpE	592	275	46	42
proS	6045	3606	145	146
yaeB	98	72	9	13
metQ	12369	6376	85	69
metI	2535	1342	29	27
metN	2377	1359	14	26
dkgB	586	304	9	13
yafC	433	264	47	40
yafD	1154	599	239	197
mltD	17179	9601	115	148
gloB	1052	490	73	55
yafS	493	269	25	29
dnaQ	1085	608	105	101
yafT	7	6	0	0
yafV	341	211	57	60
fadE	2657	1154	1954	2153
yafJ	730	405	11	11
yafK	1714	954	24	22
dinB	187	116	54	60
pepD	5823	3386	142	163
frsA	489	295	52	33
phoE	32	26	1	1
proB	1983	1133	41	49
proA	2781	1704	139	139
yagR	55	29	14	15
yagS	12	11	2	2
yagT	11	10	3	3
yagU	456	257	26	42
yagV	47	20	4	4
yagW	115	87	11	8
yagX	92	48	8	13
yagY	17	13	1	1
insF	2236	1502	45	90
ykgC	244	127	31	35
ykgD	116	54	8	6
ykgE	331	131	13	17
ykgF	624	197	28	18
ykgG	326	153	8	7
betA	321	177	1	4
betT	540	298	105	111
yahB	247	106	18	9
yahD	103	53	9	10
yahG	35	19	2	1
yahI	26	20	0	2
yahJ	269	181	13	9
yahK	1664	799	58	57
yahN	46	31	29	21
prpR	358	156	85	133
prpB	415	45	112	282
prpC	289	52	12	59
prpD	350	58	28	52
prpE	528	89	24	67
codB	3069	1856	6	10
codA	5053	2710	22	29
cynT	37	17	4	1
cynX	25	21	1	0
lacY	62	29	13	9
lacI	894	324	119	139
mhpR	2401	695	528	602
mhpB	30	17	0	1
mhpC	55	41	1	2
mhpD	47	42	1	1
mhpF	69	35	3	5
mhpE	101	46	6	5
mhpT	101	54	16	22
frmA	867	559	28	27
yaiO	44	24	42	39
yaiP	45	24	12	12
tauA	71	35	2	3
tauB	50	25	0	1
tauD	53	31	7	2
hemB	1393	881	19	5
yaiV	33	15	0	1
ampH	583	312	9	17
sbmA	435	265	33	60
yaiW	611	331	33	42
ddlA	1366	754	87	73
phoA	496	267	17	17
yaiC	35	22	7	19
proC	428	204	11	13
aroM	419	208	14	22
rdgC	1278	726	19	26
mak	723	362	107	117
araJ	158	88	24	18
sbcD	291	163	7	9
phoB	250	196	18	16
phoR	198	129	6	9
brnQ	364	211	275	315
proY	368	222	14	26
malZ	497	289	17	15
queA	344	221	2	2
tgt	6108	2824	47	36
secD	9276	4972	118	127
secF	4193	2338	181	193
tsx	5219	2515	125	110
ribD	965	594	37	58
thiL	516	291	6	9
yajO	1877	885	1109	1111
dxs	2718	1379	38	52
ispA	1205	600	12	16
thiI	802	513	34	45
panE	474	274	118	127
yajR	382	219	10	14
cyoE	7546	3825	147	162
cyoC	5686	2861	61	89
cyoB	24833	12601	252	262
cyoA	16821	9026	193	201
ampG	389	232	2	1
tig	29156	15467	190	208
clpP	3201	1839	243	282
clpX	7784	4553	1280	1398
lon	8660	5513	231	259
ppiD	9069	4773	148	184
queC	1167	624	28	16
ybaE	355	148	70	82
cof	174	117	36	36
mdlA	297	162	18	19
mdlB	246	157	2	5
amtB	213	104	11	10
tesB	412	184	20	20
ylaB	361	186	57	82
acrB	8682	4971	176	241
acrA	5706	3290	73	80
acrR	679	414	17	25
kefA	1799	980	30	36
dnaX	1801	903	33	35
recR	1192	691	31	38
htpG	7078	4813	309	354
adk	6181	3307	27	36
hemH	303	160	101	117
aes	198	59	24	20
gsk	752	482	12	6
ybaL	1319	752	149	144
fsr	308	189	8	8
ushA	2317	1209	193	190
ybaP	196	106	8	5
copA	1015	539	89	114
ybaS	75	45	22	34
ybaT	58	64	20	28
ybbK	547	326	839	801
ybbL	369	208	11	9
ybbM	272	169	10	13
ybbN	1825	1090	53	62
ybbO	288	174	11	13
tesA	486	259	34	40
ybbA	220	114	34	27
ybbP	432	254	27	23
ybbB	213	98	11	9
ybbS	8	5	0	1
allR	1602	912	1914	2358
gcl	81	41	36	37
hyi	24	10	4	3
glxR	25	20	3	1
ybbW	13	13	14	11
allB	166	92	23	37
ybbY	33	21	6	4
glxK	100	44	10	12
ylbA	367	231	2	6
allC	202	117	6	8
allD	24	17	1	1
ylbE	34	17	2	1
ylbF	14	13	1	1
ybcF	46	31	2	4
purK	1725	927	3	10
lpxH	592	379	5	4
cysS	1750	1086	33	35
folD	752	518	22	15
sfmC	14	0	0	0
sfmH	11	9	2	0
fimZ	11	16	2	0
envY	35	41	3	1
ybcH	60	39	5	3
nfrB	165	79	25	21
cusR	151	70	4	9
cusC	915	460	6	8
cusB	34	16	3	0
cusA	91	56	5	9
pheP	410	236	7	10
ybdG	573	372	17	21
nfnB	930	533	12	19
ybdK	167	117	349	332
fepA	1848	791	30	34
fepC	184	106	2	1
fepG	120	47	3	6
fepD	81	48	8	14
ybdA	245	106	4	8
fepB	258	134	6	13
entC	542	255	13	22
entE	725	330	32	33
entB	697	284	18	22
entA	439	180	12	22
cstA	32937	12211	11411	11939
ybdH	1888	834	205	230
ybdL	583	340	5	16
ibrB	93	51	3	3
ibrA	38	17	2	3
ybdO	32	16	5	1
dsbG	350	185	26	28
ahpF	3766	2094	73	87
ybdR	287	119	16	21
rna	424	262	77	69
citT	35	27	3	3
citG	19	13	6	1
citF	8	4	1	2
citE	16	12	2	1
citC	20	12	0	1
citA	327	186	7	8
citB	128	81	4	3
dcuC	62	31	9	9
lipA	2849	1558	194	223
ybeF	126	76	5	10
lipB	436	258	2	4
dacA	1671	1127	13	10
rlpA	1946	1054	39	44
mrdB	969	485	16	19
mrdA	1120	656	14	10
phpB	102	53	7	5
nadD	251	170	3	9
holA	880	533	14	18
leuS	9905	5540	428	444
ybeQ	201	137	125	162
ybeU	18	8	0	0
hscC	156	67	9	9
rihA	2407	1034	32	31
gltL	1136	533	12	8
gltK	621	316	9	15
gltJ	622	277	8	9
gltI	7493	3923	348	383
ybeX	3644	2062	603	688
ybeZ	3195	1880	810	819
miaB	1692	979	65	85
asnB	2706	1544	86	70
nagD	897	512	19	16
nagC	1029	570	44	66
nagA	1182	625	121	123
nagB	740	418	123	130
nagE	3857	1835	501	525
glnS	4741	2884	56	44
ybfM	140	53	7	7
ybfF	302	184	8	8
pgm	5697	3065	159	221
potE	160	80	33	46
kdpE	85	42	46	59
kdpD	461	225	270	312
kdpB	116	54	2	3
ybgH	254	97	9	7
ybgI	2476	1331	129	94
ybgJ	1298	662	61	61
ybgK	1345	718	72	71
nei	188	101	2	3
abrB	45	34	6	4
gltA	21985	13146	1028	1155
sdhA	18132	8745	268	337
sdhB	9537	4529	129	165
sucA	24432	13095	389	435
sucB	13412	7584	212	265
sucC	25587	14242	241	370
sucD	19705	12029	248	315
mngR	362	207	10	11
mngA	19	17	2	2
cydA	5126	2736	569	650
cydB	3531	1777	438	494
tolQ	1242	669	14	15
tolA	2391	1163	103	123
tolB	9230	5221	268	296
ybgF	5304	3035	86	99
nadA	4009	2125	83	77
pnuC	1618	877	145	143
zitB	442	224	66	61
aroG	4413	3194	41	63
gpmA	15851	8205	1059	1123
galM	2712	1516	53	68
galK	2942	1494	55	79
galT	741	356	45	59
galE	864	504	132	157
modF	1704	963	27	38
modE	462	267	8	17
modA	2801	1532	33	45
modB	1234	635	13	20
modC	1900	1068	23	25
ybhA	525	273	8	10
pgl	1052	606	53	70
ybhD	61	30	1	4
ybhH	9	5	0	0
ybhI	815	419	8	14
ybhJ	122	67	4	5
ybhC	2364	1369	31	27
bioB	2040	1178	25	21
bioC	434	242	4	6
bioD	497	324	3	3
uvrB	1519	886	236	244
ybhK	837	428	13	8
moaA	1588	948	90	92
ybhL	939	626	1693	1741
ybhN	73	54	16	12
ybhO	181	137	40	41
ybhP	213	124	42	31
ybhR	146	77	10	15
ybhS	107	56	4	11
ybhF	372	191	21	39
ybhG	392	235	37	38
ybiH	128	101	15	17
rhlE	94	49	3	1
dinG	351	181	44	47
ybiB	809	454	128	134
ybiC	4740	2795	125	132
ybiX	154	91	9	18
fiu	552	283	9	10
ybiN	281	173	7	7
ybiO	196	117	44	47
glnQ	3067	1560	40	65
glnP	2779	1419	95	109
glnH	12063	6068	618	624
rhtA	101	47	10	8
ybiR	423	245	31	36
ybiS	1622	1144	73	99
ybiT	2708	1543	46	54
ybiU	162	107	7	11
ybiV	378	280	16	9
ybiW	147	67	7	15
ybiY	30	10	3	0
fsaA	110	73	10	7
moeB	440	244	10	16
moeA	729	389	36	44
iaaA	4159	1754	123	125
yliA	2802	1277	51	58
yliB	2372	1283	38	46
yliC	704	354	8	8
yliD	448	245	2	10
yliE	295	198	1	3
yliF	133	70	1	0
yliG	513	362	2	1
yliI	185	110	47	42
yliJ	2227	1348	36	43
dacC	2931	1516	604	578
deoR	620	344	19	16
cmr	224	145	229	218
ybjI	456	264	12	16
ybjJ	172	117	11	10
ybjL	532	345	65	58
nfsA	703	413	14	16
rimK	478	256	8	17
potF	2267	1224	237	221
potG	677	424	41	49
potH	311	165	19	20
potI	243	131	22	29
rumB	275	136	2	3
artJ	4520	2128	14	17
artM	840	422	11	25
artQ	720	380	20	27
artI	2431	1210	195	233
artP	1116	623	102	137
ybjR	544	316	334	315
ybjS	351	176	33	37
ybjT	721	409	17	17
ltaE	1179	655	64	57
poxB	1288	839	144	132
hcr	31	17	2	2
hcp	27	15	1	1
ybjE	64	54	4	7
aqpZ	126	73	45	49
ybjD	989	573	103	123
ybjX	2703	1847	63	65
macA	729	352	37	37
macB	739	396	90	188
clpA	21009	11675	3423	3625
aat	131	97	4	10
cydC	800	526	15	11
cydD	884	504	10	19
trxB	4538	2601	37	43
lolA	1242	718	58	75
ycaJ	539	316	13	14
serS	3290	2023	332	383
dmsA	128	86	12	14
dmsB	40	32	5	3
dmsC	107	57	13	15
ycaC	654	394	35	34
ycaD	212	128	15	23
ycaM	112	71	18	18
ycaN	95	80	3	3
pflA	418	283	181	164
pflB	33768	18345	2042	2257
focA	2323	1250	228	234
ycaO	1027	625	14	24
ycaP	367	183	61	80
serC	8434	5561	75	139
aroA	4675	3050	26	36
ycaL	70	42	5	8
cmk	6808	3907	240	300
rpsA	90301	49871	3885	4060
msbA	2421	1504	35	34
lpxK	383	205	21	21
kdsB	1208	721	54	55
ycbJ	347	152	104	135
smtA	1419	641	12	15
mukF	1948	1043	16	18
mukE	1228	703	7	10
mukB	7031	3760	55	62
ycbB	1014	565	2488	2530
ycbL	3089	1542	48	41
aspC	7070	4479	83	97
ompF	605735	266540	1732	1878
asnS	7270	4297	169	219
pncB	2315	1591	47	31
pepN	5590	2962	375	375
ssuC	21	8	1	0
ssuA	30	21	3	0
ycbR	21	7	2	8
ycbT	126	53	5	12
ycbF	100	59	4	2
pyrD	532	371	3	4
ycbX	829	497	6	7
ycbY	1634	862	26	28
uup	2638	1419	109	113
pqiA	463	262	55	64
pqiB	964	464	70	88
ycbZ	1998	1119	504	552
yccR	456	252	52	56
yccS	656	399	29	30
helD	1745	1001	130	140
yccT	50	25	15	13
yccW	841	529	318	326
yccA	4964	3346	458	434
hyaA	20	12	10	8
hyaB	26	18	8	9
hyaC	20	7	5	3
hyaF	28	12	3	0
appC	121	69	11	16
appB	63	40	2	3
appA	128	72	6	7
yccC	417	222	39	60
yccZ	81	42	6	3
ymcA	91	45	0	1
ymcB	14	4	0	0
ymcC	25	14	4	3
yccM	47	21	2	3
torR	250	106	6	10
torC	52	25	3	4
torA	151	88	6	14
cbpA	647	412	162	154
agp	5974	2414	3369	3394
rutG	118	54	21	10
rutD	7	1	0	1
rutB	7	5	1	1
rutA	12	4	5	0
rutR	294	176	39	37
putP	4979	1729	1338	1445
efeO	1044	492	2	7
efeB	615	283	5	10
phoH	2008	1017	2120	2519
ycdW	1691	932	25	27
ycdX	1613	803	25	35
csgG	159	122	7	13
csgD	260	147	16	11
ymdC	605	369	78	83
mdoC	257	134	13	12
mdoG	3496	2045	82	97
mdoH	2592	1539	74	75
mdtG	61	43	3	6
lpxL	175	133	27	31
yceA	1979	1141	15	8
solA	1027	632	19	18
pyrC	1226	678	7	11
grxB	838	450	63	75
mdtH	29	22	3	2
yceH	939	530	196	174
mviM	798	432	201	185
mviN	402	212	3	15
flgA	6326	3474	44	45
flgD	15489	8531	76	90
flgF	9522	5293	52	72
flgG	10614	5603	47	45
flgH	4009	2191	11	20
flgI	4120	2283	12	20
flgJ	2834	1579	11	12
flgK	29946	15519	194	219
flgL	27821	14532	185	182
rluC	1524	822	18	28
plsX	4133	2202	92	97
fabH	5366	2836	173	168
fabD	7908	4227	120	162
fabG	15880	8337	765	892
fabF	7768	4357	286	400
pabC	479	271	12	9
yceG	424	223	13	12
tmk	325	169	14	9
holB	332	184	9	4
ycfH	706	386	293	263
ptsG	40464	19861	368	455
fhuE	463	224	9	19
ycfM	1032	586	38	52
ycfN	625	290	24	22
nagZ	1629	895	127	117
ndh	882	549	40	33
ycfQ	1002	556	60	59
ycfS	522	273	18	11
mfd	2734	1622	30	38
lolC	717	390	5	7
lolD	389	256	5	7
lolE	1589	787	169	177
ycfX	1169	553	121	133
cobB	1158	579	41	46
potD	7904	3979	75	69
potC	1233	658	13	15
potB	404	283	12	7
potA	697	493	11	14
pepT	2025	1193	273	309
ycfD	1589	852	212	215
phoQ	1839	1022	45	61
phoP	2218	1375	126	139
purB	935	641	14	20
hflD	350	172	8	8
trmU	1370	788	14	18
ymfC	137	98	4	4
icd	109539	59606	1315	1435
ycgE	1146	582	71	55
ycgF	494	280	20	18
ycgG	46	28	16	8
minD	4925	2647	89	100
minC	1817	903	47	63
ycgM	976	560	35	47
umuC	131	71	16	18
nhaB	387	234	9	7
fadR	1020	485	125	106
ycgB	999	625	5175	5946
dadA	2135	869	1674	1897
dadX	1220	521	431	509
cvrA	1111	616	23	28
emtA	1108	610	114	103
ycgR	6182	3563	26	39
treA	430	242	162	164
dhaH	865	486	40	43
dhaL	553	294	17	15
dhaK	1051	523	51	35
dhaR	424	267	15	11
ychF	3352	2046	57	58
ychM	261	143	286	382
prsA	3540	2183	31	37
ispE	1287	749	20	17
lolB	819	513	17	16
hemA	990	590	20	32
prfA	831	527	10	13
prmC	250	121	1	7
ychA	1413	746	32	34
kdsA	3650	2092	88	91
chaA	987	670	24	27
chaC	501	244	106	105
ychP	299	179	14	20
narL	374	257	5	2
narX	390	272	39	41
narK	43	13	35	29
narG	198	84	17	15
narH	109	60	2	6
narJ	47	20	5	2
narI	49	27	3	9
purU	2332	1315	39	37
rssA	1310	632	170	175
rssB	752	456	393	391
galU	2992	1858	314	427
tdk	733	416	8	8
adhE	9227	5943	2055	2009
ychE	175	92	3	5
oppA	90652	47682	757	773
oppB	11042	5701	58	66
oppC	10238	5214	73	87
oppD	10245	5249	83	84
oppF	10204	4882	100	92
cls	1923	987	101	100
kch	315	194	7	7
tonB	1204	610	35	29
yciC	723	427	108	132
ompW	1343	621	41	44
trpA	1647	978	23	17
trpB	3174	1993	47	47
trpD	1524	902	16	15
trpE	554	342	5	6
yciV	805	485	45	59
yciO	746	446	84	113
rluB	1315	802	23	24
yciK	885	496	15	21
sohB	2691	1559	103	120
topA	9134	5232	208	226
cysB	1396	808	61	87
acnA	8151	4597	1720	1940
pgpB	521	274	53	53
yciM	1498	759	58	61
pyrF	1146	697	11	9
deoT	581	338	18	18
gmr	768	403	641	662
rnb	4588	2642	31	37
fabI	8328	4924	260	299
sapF	176	96	35	31
sapD	330	209	90	96
sapC	146	88	61	62
sapB	183	121	107	108
sapA	378	250	196	223
puuP	336	207	21	26
puuA	1934	1138	177	174
puuD	1466	814	429	389
puuB	191	176	28	29
puuE	202	178	18	24
pspF	268	159	9	14
pspA	1867	874	310	284
ycjM	66	27	1	0
ycjN	17	11	0	0
ycjO	17	12	2	1
ycjP	16	13	1	1
ycjQ	35	21	1	3
ycjR	44	24	4	3
ycjS	50	26	0	3
ycjU	10	5	0	0
ompG	15	9	0	0
ycjW	181	100	1	1
ycjX	545	325	30	37
ycjF	446	284	20	26
tyrR	1817	1004	319	312
ycjG	1055	443	194	219
mpaA	349	221	59	51
ycjZ	261	190	8	6
mppA	1983	909	138	140
ynaI	482	305	11	15
uspE	5054	2629	4784	4884
fnr	3771	2501	574	635
abgT	68	35	5	4
abgB	102	60	19	19
abgA	85	47	5	1
abgR	418	165	9	11
ydaM	505	294	52	64
ydaN	724	405	152	175
dbpA	250	137	6	5
ydaO	1208	657	45	55
ompN	1771	1006	23	32
ldhA	971	654	112	116
feaR	2231	786	60	77
feaB	537	252	96	87
maoC	40	15	2	3
paaA	81	25	2	2
paaC	46	18	1	3
paaJ	54	26	1	3
paaF	24	18	2	0
paaG	47	25	0	0
paaH	95	31	2	2
paaE	1261	487	116	109
paaK	1338	525	65	81
paaX	873	384	115	101
ydbC	602	222	199	199
azoR	350	236	9	7
hrpA	2071	1177	142	156
ydcF	609	425	27	20
aldA	104345	37604	6400	6611
trg	14309	5394	178	165
ydcI	4475	2033	216	275
ydcJ	507	213	364	347
mdoD	2552	1219	42	54
ydcK	277	167	206	253
tehA	352	187	12	29
ydcL	2204	1259	796	861
ydcO	113	61	9	3
ydcP	1400	801	24	24
ydcR	567	361	13	18
ydcS	1170	341	1206	1326
ydcT	286	97	172	209
ydcU	127	61	48	58
ydcV	552	238	29	47
ydcW	2121	1069	111	128
yncB	973	493	94	97
yncC	223	122	28	33
yncD	462	266	10	13
yncE	6248	3315	134	139
ansP	168	109	11	11
yncG	107	52	38	36
nhoA	248	161	22	16
narV	58	31	9	4
narW	45	32	5	2
narY	127	69	9	9
narZ	184	112	18	24
narU	55	33	8	6
yddG	198	110	3	3
fdnG	223	142	59	67
fdnH	78	45	8	12
fdnI	53	35	16	17
adhP	1327	638	119	114
sfcA	4925	2638	52	65
ddpD	98	34	5	2
ddpC	101	38	3	4
ddpB	54	26	1	1
ddpA	223	82	13	20
dos	359	222	95	88
yddV	543	317	465	427
yddW	303	186	9	8
gadC	349	154	48	70
gadB	399	223	89	104
ydeM	73	29	1	1
ydeN	777	418	18	21
ydeO	14	10	2	3
ydeP	199	136	5	6
ydeQ	29	16	2	0
lsrK	404	161	89	113
lsrR	742	293	116	87
lsrC	95	34	52	70
lsrD	100	41	57	31
lsrB	377	147	64	58
lsrF	443	177	54	86
tam	333	166	93	88
yneE	155	108	25	24
uxaB	321	173	48	31
yneF	91	58	6	12
yneH	403	214	4	4
yneI	663	433	10	11
ydeA	126	92	3	12
marC	277	150	70	62
eamA	1234	670	50	33
ydeE	188	147	12	16
ydeH	441	211	43	41
dcp	4252	2282	40	54
ydfG	3189	1708	107	126
ydfH	536	374	12	6
ydfT	174	95	9	8
ydfU	16	11	3	2
rspB	172	71	12	8
rspA	241	89	5	3
ynfC	681	393	58	51
ynfF	162	119	10	9
ynfG	25	26	1	4
ynfH	208	121	6	14
dmsD	275	150	5	5
clcB	50	28	4	1
ynfK	358	180	122	115
dgsA	3096	1449	36	44
ynfL	120	55	19	17
ynfM	189	119	6	11
ydgD	587	351	684	685
ydgG	173	109	30	29
pntB	15536	9038	485	541
pntA	24866	14452	449	474
ydgH	4370	2395	67	81
ydgI	158	82	10	12
folM	305	170	21	15
rstA	1113	641	15	12
rstB	1227	655	14	22
tus	437	221	64	52
fumC	6701	3115	455	417
fumA	14668	6249	1173	1343
manA	1478	878	55	49
ydgA	5509	3174	2038	2189
uidC	62	39	7	6
uidB	88	32	3	3
uidA	409	170	25	34
hdhA	1931	1123	139	166
malI	179	91	163	369
malX	367	214	13	18
malY	502	261	12	12
add	425	240	27	14
ydgJ	2131	1139	80	75
rsxD	306	172	0	1
rsxG	232	130	3	2
rsxE	120	70	2	4
nth	142	69	0	2
ydgR	284	189	17	18
gst	1056	632	179	169
pdxY	625	337	16	15
tyrS	4906	2694	74	92
pdxH	1032	571	8	10
anmK	807	422	49	51
ydhJ	89	47	5	2
ydhF	1000	431	207	223
nemA	314	213	20	14
rnt	179	118	6	1
ydhO	427	224	11	17
ydhP	139	97	4	8
purR	2569	1483	22	30
ydhB	216	134	14	26
ydhC	107	62	8	7
cfa	2088	1357	212	213
ribC	1911	1158	42	45
mdtK	567	354	89	117
ydhQ	2017	1253	261	273
ydhS	462	251	276	268
ydhT	74	39	17	18
ydhU	99	45	13	9
ydhX	82	30	0	2
ydhV	101	40	8	7
ydhY	15	5	0	0
pykF	5406	3539	491	487
ynhG	1060	688	4124	3953
sufS	759	366	224	206
sufC	492	231	149	185
sufB	1443	688	687	649
ydiK	533	293	86	94
ydiM	22	15	2	2
ydiN	11	3	1	1
ydiB	96	63	2	4
aroD	455	272	9	10
ydiF	38	25	0	1
ydiO	45	23	0	1
ydiP	117	80	12	11
ydiQ	21	22	1	2
ydiR	50	36	11	4
ydiS	46	22	2	2
ydiD	135	83	5	6
pps	14977	7554	724	778
ydiA	314	195	19	12
aroH	455	328	9	13
ydiV	133	88	4	8
btuD	569	322	14	19
btuC	336	152	18	12
pheT	13102	7257	1820	2195
pheS	4018	2181	27	26
thrS	28963	15381	1108	1119
ydiY	175	96	4	6
pfkB	97	49	61	69
yniA	1418	628	1984	2273
yniC	171	108	7	8
ydjN	4261	2642	68	66
katE	2188	1240	41	47
chbF	287	158	7	8
chbR	212	136	13	20
chbC	188	93	12	11
nadE	2712	1537	40	42
ydjQ	301	134	7	4
astE	101	39	318	384
astB	161	57	518	664
astA	230	89	850	964
astC	470	145	1880	1870
xthA	1007	518	33	25
ydjX	141	61	9	11
ydjZ	103	55	11	13
ynjE	615	315	8	8
ynjF	110	49	8	8
gdhA	17165	10716	108	91
topB	1873	921	26	33
selD	3343	1639	168	167
sppA	1569	931	40	56
ansA	397	258	6	7
pncA	483	318	29	29
ydjE	68	39	9	8
ydjF	733	338	48	49
ydjG	156	107	4	5
ydjH	115	55	0	0
ydjI	149	70	0	2
ydjJ	115	42	0	1
ydjK	91	40	1	1
ydjL	118	58	3	1
gapA	43454	29979	606	639
yeaD	756	568	11	10
yeaE	521	284	35	30
mipA	2537	1727	82	91
yeaG	3066	1631	11374	11387
yeaH	632	347	3527	3576
yeaI	28	19	22	21
yeaJ	260	156	7	11
yeaM	157	118	16	20
yeaN	88	58	7	7
yeaP	1201	665	11	15
yeaS	118	46	9	7
yeaT	781	307	65	44
yeaU	167	79	21	19
yeaV	54	23	3	1
yeaW	53	39	1	2
yeaX	153	56	2	4
rnd	596	340	19	21
fadD	3679	1349	7334	8341
yeaZ	722	378	6	13
yoaA	667	358	6	6
sdaA	370	224	1052	1073
adrB	163	88	14	15
yoaE	703	414	21	23
manX	35423	17055	236	262
manY	22491	11391	148	193
rrmA	377	205	9	3
kdgR	3175	1539	454	429
yebQ	54	36	7	5
htpX	5139	3017	2015	1915
prc	7638	4207	116	112
yebS	293	176	28	27
yebT	840	488	31	47
yebU	234	122	4	6
pphA	121	72	41	56
yebZ	489	324	13	9
yobB	198	98	60	61
exoX	382	188	22	14
ptrB	600	369	133	135
yebE	547	264	110	124
purT	1382	777	12	11
eda	1182	665	44	32
edd	1075	559	19	25
zwf	5514	3029	110	107
yebK	1795	866	79	75
pykA	6154	3080	241	230
lpxM	649	393	24	19
yebA	4685	2558	59	70
znuA	18056	10266	77	88
znuC	742	489	17	12
znuB	599	334	21	22
ruvB	727	475	27	43
ruvA	697	392	34	37
yebB	34	20	2	3
yebC	4041	2194	53	64
aspS	5252	2954	106	130
yecE	242	189	9	16
yecO	345	216	10	12
yecP	437	285	10	16
torY	64	29	2	5
cutC	554	320	48	144
argS	2788	1581	72	81
flhA	2520	1409	25	23
flhB	1734	905	11	11
cheZ	8795	4788	57	68
cheB	7627	3938	42	44
cheR	4685	2568	34	40
tap	25606	12919	176	192
tar	40805	20355	276	290
cheA	29123	15549	171	210
motB	7610	4372	51	63
motA	11602	6062	83	96
otsA	1900	1080	345	392
otsB	1109	604	240	259
araH	336	178	218	221
araG	523	252	253	297
araF	975	409	336	333
tyrP	346	231	27	35
yecA	1731	1001	119	114
uvrC	1624	935	41	33
uvrY	1906	1065	45	55
sdiA	465	242	72	84
yecC	941	504	21	48
yecS	627	343	23	32
yedO	1928	1023	134	119
fliY	24543	11643	1354	1437
fliA	23220	11884	130	145
fliD	11105	6205	66	76
amyA	3578	1977	157	174
yedE	3569	1578	38	43
fliF	6236	3311	33	41
fliG	4752	2602	38	31
fliH	2550	1431	17	22
fliI	2029	1070	8	14
fliM	2849	1634	19	10
fliP	491	291	3	1
fliR	301	146	6	5
rcsA	374	214	8	2
yedP	491	274	508	534
yedQ	392	257	156	176
yedI	711	415	118	158
yedA	44	24	3	3
dcm	1039	549	11	6
yedJ	342	194	17	7
hchA	471	301	410	440
yedW	449	244	9	15
yedZ	101	53	20	24
yodA	10386	6150	18	28
yeeI	4484	1987	250	225
shiA	1179	650	30	31
amn	834	544	26	23
yeeN	2534	1463	10	16
yeeO	175	89	41	41
cbl	994	487	13	13
nac	80	47	14	18
erfK	619	376	615	647
cobS	611	361	24	22
yeeA	460	301	47	45
dacD	344	185	20	19
yeeE	8398	3515	51	41
yeeF	2706	1689	16	23
yeeY	220	127	199	206
yeeZ	1094	628	443	465
hisG	1154	713	16	20
hisD	849	539	19	23
hisC	754	462	14	22
hisB	1546	901	20	35
hisA	1077	605	16	18
hisF	934	502	17	17
ugd	310	152	23	39
gnd	19067	11233	455	451
galF	6011	3471	202	227
wcaL	43	25	3	2
wcaK	37	16	0	2
wzxC	25	16	1	1
wcaJ	25	14	0	1
cpsG	33	17	1	2
cpsB	46	24	2	1
fcl	28	14	0	0
gmd	39	29	0	0
wcaE	8	7	0	0
wcaD	26	22	6	2
wcaC	53	25	1	2
wcaA	13	10	1	1
wzc	35	17	2	0
wza	9	5	0	2
yegH	504	280	130	149
asmA	2246	1130	63	72
udk	400	254	2	6
yegL	39	12	0	3
mdtA	84	65	12	6
mdtB	217	118	11	11
mdtC	219	108	7	12
baeS	117	74	5	9
baeR	194	150	15	18
yegQ	526	347	13	20
yegS	312	192	60	61
gatD	9551	3966	59	77
gatZ	138739	53535	5940	6121
gatY	115782	47113	7189	6833
fbaB	5305	2643	482	563
yegT	142	86	6	2
yegU	194	87	4	3
yegV	163	79	2	5
yegW	177	99	9	14
yegX	260	118	4	8
thiD	946	509	17	14
thiM	1852	1001	19	12
rncA	57	37	2	3
yehA	27	14	2	5
yehC	0	2	0	0
mrp	3604	2192	122	133
metG	2279	1443	25	27
yehL	8	4	0	0
yehP	21	11	3	4
yehT	654	306	9	14
yehU	1355	572	34	40
mlrA	227	135	19	32
yehW	107	43	6	3
yehX	157	82	10	9
yehY	179	91	8	6
yehZ	442	225	86	105
bglX	1998	1079	56	64
dld	5011	2635	85	115
pbpG	651	356	17	14
yohF	213	126	129	156
dusC	159	90	4	6
yohK	66	49	34	59
cdd	330	180	79	91
sanA	160	92	5	5
yeiT	268	127	20	32
yeiA	402	168	37	40
mglC	5006	1878	24	44
mglA	12035	4298	48	68
mglB	36197	15214	333	334
galS	1067	394	23	35
yeiB	326	200	3	7
folE	1440	940	6	6
frmC	2069	1247	38	56
cirA	2542	1330	30	37
lysP	2934	1836	105	109
yeiE	409	277	115	101
yeiH	164	109	34	42
nfo	650	419	11	13
yeiJ	31	32	5	4
rihB	21	7	4	3
yeiL	54	24	4	9
yeiC	213	68	2	0
fruA	1670	914	321	321
fruK	781	408	94	111
fruB	703	419	52	61
setB	46	24	0	3
yeiQ	493	279	64	64
yeiR	248	145	0	1
yeiU	160	103	2	1
rtn	556	343	16	20
yejB	114	71	2	4
yejE	161	112	3	4
yejF	584	347	23	23
bcr	473	256	42	38
rsuA	508	371	9	9
yejH	99	69	3	3
yejK	1714	886	31	23
yejM	1253	646	31	44
narP	1068	592	47	47
ccmH	249	151	5	3
ccmF	287	137	2	7
ccmC	152	67	0	5
ccmB	79	40	1	4
ccmA	162	87	24	30
napC	313	141	18	28
napH	74	38	1	1
napG	54	32	1	1
napA	503	250	10	13
mqo	249	154	10	8
yojI	1036	551	7	12
alkB	39	18	8	13
ada	158	110	40	46
yojL	158	72	0	3
rcsB	4021	2308	179	228
rcsC	1463	809	50	40
yfaP	38	11	12	10
yfaQ	113	40	8	6
yfaT	8	4	0	0
gyrA	11092	6511	110	105
ubiG	627	346	7	9
nrdA	2922	1878	29	33
nrdB	2137	1318	44	50
inaA	587	289	31	35
glpQ	62411	23644	2335	2459
glpT	68349	24728	2281	2369
glpA	8081	3167	2451	2303
glpB	5284	2028	1481	1352
glpC	3180	1276	820	843
yfaY	593	334	33	26
ais	22	11	2	3
yfbE	178	99	15	23
yfbF	48	36	1	2
yfbG	234	123	6	7
yfbH	80	43	3	0
arnT	105	51	41	46
menE	332	182	14	6
menC	485	301	17	22
menB	908	509	22	33
yfbB	283	178	8	6
menD	328	178	21	27
menF	633	377	26	15
elaC	306	234	4	4
nuoN	2299	1429	60	103
nuoM	2451	1445	29	34
nuoL	5309	2958	107	148
nuoH	4656	2382	78	76
nuoG	15983	7900	260	303
nuoF	7917	3978	101	155
nuoC	10396	5175	188	225
nuoB	5668	2759	209	190
lrhA	2908	1333	547	677
yfbQ	1133	659	18	27
yfbS	351	188	62	57
yfbT	1552	920	164	161
ackA	2469	1371	603	578
pta	3677	2113	189	154
yfcF	201	125	14	12
yfcG	90	57	98	104
yfcH	1004	609	445	515
hisP	1229	573	6	11
hisM	913	441	13	9
hisQ	2099	969	37	35
hisJ	10123	4298	218	207
purF	2659	1648	22	23
dedD	829	419	106	125
folC	1667	875	124	154
accD	6993	3837	126	140
truA	1028	619	86	90
usg	989	588	23	16
pdxB	1573	975	28	38
flk	461	242	4	4
yfcJ	83	65	2	1
fabB	4238	2839	235	238
trmC	477	315	15	11
yfcA	451	249	8	5
mepA	562	341	7	7
aroC	2536	1500	30	27
prmB	1936	1104	22	16
yfcY	1520	568	399	442
fadL	3592	1509	465	468
vacJ	1418	798	153	205
yfdC	193	91	88	105
dsdA	199	129	15	19
emrY	15	9	2	3
emrK	35	17	22	51
evgA	343	230	5	13
yfdE	48	13	77	81
yfdV	12	9	1	4
oxc	52	18	0	0
frc	41	19	0	1
yfdX	25	8	1	6
ddg	90	50	4	4
yfdZ	938	551	56	70
ypdA	378	205	70	61
ypdB	428	212	83	74
ypdC	101	60	19	21
ypdD	132	72	2	3
ypdE	44	18	0	1
ypdF	67	31	0	3
ypdG	27	16	2	1
glk	1848	968	117	124
yfeO	195	114	49	52
mntH	918	543	1177	1249
nupC	965	589	23	24
yfeA	749	412	19	21
gltX	5728	3320	66	79
yfeR	166	103	16	12
yfeH	529	290	38	50
ligA	1193	648	83	79
zipA	4473	2263	320	419
cysZ	388	233	35	35
cysK	36987	18154	195	252
ptsI	45644	26560	2259	2489
pdxK	718	387	25	32
cysM	4221	1907	22	28
cysA	3742	1670	35	34
cysW	2064	892	10	13
cysU	1838	711	7	17
cysP	4240	1922	18	27
ucpA	4154	1595	1814	1651
yfeT	130	59	10	7
yfeU	206	82	32	34
murP	188	71	36	30
murQ	230	123	25	26
yfeX	2025	1106	47	59
amiA	791	476	48	47
hemF	279	159	4	16
yfeG	162	60	4	8
eutL	184	80	9	7
eutC	187	115	8	10
eutB	905	590	47	52
eutA	17	9	0	3
eutH	25	15	7	12
eutG	25	14	2	0
eutJ	15	11	3	0
eutE	32	11	2	2
eutI	72	46	4	3
eutT	38	24	2	3
eutQ	63	22	1	9
maeB	21048	9712	604	632
talA	1937	1255	331	384
tktB	3147	2002	607	699
ypfG	325	197	16	25
aegA	127	59	6	8
narQ	260	147	25	21
acrD	222	113	8	18
dapE	881	524	176	235
ypfH	360	160	105	91
ypfJ	1022	626	701	735
purC	4411	2464	22	35
nlpB	4710	2705	106	129
dapA	7456	4055	128	149
hyfA	5	5	1	0
hyfC	9	5	0	1
hyfD	25	12	3	3
hyfE	17	5	0	1
hyfG	41	19	7	7
hyfI	20	10	1	4
perM	383	238	7	17
yfgC	1979	1086	53	70
hda	952	522	4	5
uraA	2549	1405	9	14
upp	4495	2444	13	14
purM	3034	1756	31	26
purN	869	553	6	9
ppk	1321	782	105	92
ppx	1188	648	23	32
yfgF	102	62	7	13
guaA	5682	3165	39	51
guaB	3373	2176	20	16
xseA	550	366	5	7
der	2788	1626	92	101
yfgL	3769	2122	135	182
yfgM	2542	1343	38	40
hisS	5768	3272	99	104
ispG	3237	1813	367	432
yfgA	2094	1213	400	387
yfgB	1941	1078	43	51
pbpC	142	61	6	5
sseA	1576	683	472	459
sseB	944	543	17	13
pepB	3255	1679	56	61
hscA	2889	1719	36	46
iscS	9518	5760	415	470
yfhQ	1100	665	57	75
suhB	1610	942	17	18
yfhR	31	22	4	6
hcaT	255	119	65	72
hcaR	5402	1950	74	82
hcaE	338	157	13	9
hcaB	77	42	3	0
yphB	114	58	11	5
yphC	136	54	3	5
yphD	37	12	6	4
yphE	94	45	8	12
yphF	92	43	11	16
yphH	488	220	28	24
glyA	20340	10566	112	139
hmp	903	477	69	78
yfhA	545	297	5	11
yfhG	324	176	8	10
yfhK	697	375	61	70
yfhD	349	193	6	11
yfhB	437	256	37	41
yfhH	260	140	10	2
pdxJ	1536	783	33	41
recO	627	358	36	31
era	2012	1149	236	258
rnc	1377	874	194	286
lepB	2428	1374	101	128
lepA	5191	2909	83	119
rseB	2158	1115	73	81
rseA	6719	3521	1433	1391
yfiC	313	173	4	3
srmB	781	458	16	14
yfiE	215	124	17	21
ung	811	440	26	18
yfiF	1320	772	47	50
yfiP	120	55	3	3
yfiQ	4008	1607	1088	1158
pssA	5083	2401	369	355
kgtP	22997	11537	1881	2027
clpB	9565	5936	985	1052
yfiH	414	195	13	11
rluD	1202	669	65	81
yfiO	5696	3279	66	66
pheA	2678	1599	34	30
tyrA	1939	1138	81	67
aroF	3415	1830	98	130
yfiN	109	67	2	7
trmD	31601	16555	262	303
ffh	2808	1605	181	193
ypjD	421	243	7	6
yfjD	602	400	15	12
yfjB	371	243	15	23
recN	783	431	104	138
gabT	879	443	310	482
gabP	263	147	32	31
csiR	402	188	46	71
nrdF	265	150	8	5
proV	1448	883	5	12
proW	440	307	6	9
proX	2107	1126	12	10
ygaZ	724	383	19	13
emrA	486	277	9	11
emrB	305	184	59	51
gshA	3601	2111	163	173
alaS	15586	8771	151	176
recA	7275	3970	556	496
mltB	178	86	4	5
srlE	75	40	8	9
srlD	150	90	15	19
srlR	582	260	28	23
gutQ	386	181	18	22
norV	83	52	6	8
norW	29	33	1	1
ascG	924	472	9	11
ascF	120	66	18	25
hycG	66	24	4	2
hycE	34	17	1	1
hycD	6	8	0	1
hycC	15	4	0	0
hycB	11	3	0	0
hypB	132	72	4	4
hypD	721	353	23	23
hypE	200	78	25	33
fhlA	161	101	25	23
mutS	1187	645	11	14
ygbI	736	375	41	54
ygbJ	63	46	41	42
ygbK	73	48	22	27
ygbL	41	25	4	6
ygbM	43	28	4	7
ygbN	116	52	8	11
nlpD	64314	30073	2653	2838
pcm	985	490	57	63
surE	934	481	40	52
truD	1976	972	54	55
ispD	449	261	5	12
cysC	2176	887	6	19
cysN	8817	3925	59	80
cysD	5452	2385	14	29
iap	316	191	7	11
cysH	5605	2480	28	41
cysI	10254	4699	41	68
cysJ	7055	3247	22	27
ygcQ	37	34	2	2
ygcR	15	13	1	0
ygcS	31	11	0	2
ygcU	62	30	2	3
ygcW	25	10	2	1
yqcE	100	46	1	3
ygcF	695	403	501	472
eno	28655	17383	1620	1850
pyrG	6555	3939	1033	1021
mazG	1050	555	84	88
relA	3823	2005	136	152
barA	817	474	18	21
gudD	235	130	21	24
gudX	115	50	8	22
gudP	57	30	22	14
truC	235	122	4	3
queF	903	523	14	17
ygdH	1123	572	263	268
sdaC	954	666	35	42
sdaB	380	242	16	14
exo	252	167	6	7
fucO	1288	467	59	79
fucA	478	170	20	17
fucP	106	42	21	19
fucI	294	147	26	19
fucK	247	151	12	15
fucR	1465	642	22	27
ygdE	815	441	47	43
gcvA	447	223	34	32
csdA	408	217	12	17
ygdL	453	222	20	13
mltA	1015	496	46	47
amiC	1555	813	18	15
argA	3950	1754	35	41
recD	861	438	39	32
ptr	1699	905	26	23
recC	1139	616	34	45
thyA	1139	697	8	12
lgt	859	484	5	12
ptsP	2759	1641	65	47
mutH	238	103	12	16
ygdQ	152	133	7	10
tas	908	572	50	60
ygeD	279	126	23	30
aas	909	552	31	34
galR	452	204	24	32
lysA	1500	758	14	13
lysR	124	79	4	4
ygeA	729	359	13	22
araE	253	111	36	51
kduD	222	119	11	9
kduI	213	98	14	18
yqeF	5219	2238	153	188
yqeG	81	48	9	8
yqeH	35	25	3	2
yqeI	65	32	1	1
ygeH	21	13	2	4
ygeR	1012	489	29	35
xdhA	178	90	13	12
xdhB	71	34	1	8
ygeV	1393	512	551	622
ygeW	30	10	2	2
ygeX	51	23	2	5
ygeY	46	26	0	3
hyuA	53	18	2	3
yqeA	139	72	30	28
yqeB	410	147	156	193
yqeC	199	58	98	84
ssnA	22	12	2	5
ygfM	30	12	1	5
xdhD	157	97	26	23
ygfO	100	68	54	75
guaD	216	112	12	13
ygfT	169	63	10	18
ygfU	38	22	2	3
lysS	6174	3412	86	86
prfB	4535	2565	34	35
recJ	1101	670	34	22
dsbC	1296	735	37	42
xerD	1043	595	75	65
ygfZ	2247	1176	155	156
yqfA	624	336	97	136
bglA	2621	1638	106	103
ygfF	126	53	4	8
gcvP	2970	1305	26	23
gcvT	1477	699	26	25
visC	1102	645	17	24
serA	16861	11784	126	121
rpiA	3563	1905	94	89
argP	801	446	46	44
yliK	84	38	4	7
argK	29	19	3	2
ygfG	37	21	1	1
ygfH	78	52	5	7
ygfI	120	47	8	11
yggE	1473	896	144	151
argO	249	111	8	6
mscS	1808	1300	23	22
fbaA	17469	9915	494	543
pgk	18386	10606	861	951
epd	3394	1943	200	238
yggF	63	40	11	16
cmtA	32	17	0	1
tktA	6046	4171	108	111
yggG	1453	693	505	520
speB	1206	623	75	70
speA	7868	4256	951	921
metK	4515	3181	49	59
galP	224	129	6	4
endA	43	9	10	10
yggJ	457	255	21	12
gshB	1396	766	47	60
yggS	520	326	12	19
yggW	532	284	1	5
yggM	91	46	3	4
ansB	135	72	13	13
yggN	1146	574	40	36
yggH	2049	1219	58	57
mutY	902	515	10	14
mltC	841	481	10	10
nupG	1203	482	158	184
yqgA	58	23	8	12
yghK	439	252	24	36
glcF	1245	655	40	59
glcD	1017	573	68	87
glcC	1600	641	457	454
ECIAI1_3132	204	108	4	10
yghR	10	5	0	0
yghS	17	10	1	1
yghT	7	4	1	0
pitB	33	22	0	5
gss	1089	672	27	34
yghU	1754	899	60	55
hybC	556	301	36	31
hybB	126	78	3	2
hybA	145	51	8	7
hybO	134	89	11	23
yghZ	3207	1180	598	610
yghA	268	146	58	85
exbB	3488	2028	60	56
metC	3280	1645	37	29
yghB	430	220	123	110
yqhC	226	118	42	43
yqhD	570	581	34	44
dkgA	473	337	323	304
yqhG	89	47	17	22
ygiQ	796	471	16	19
sufI	759	454	34	38
plsC	596	331	30	31
parC	2459	1283	56	45
qseB	53	27	2	3
parE	1995	1086	50	48
cpdA	1859	929	336	366
nudF	1098	614	28	32
tolC	4489	2765	151	162
ygiC	2672	1503	132	125
ygiE	700	453	234	211
ribB	3033	1618	378	376
yqiJ	38	19	11	6
yqiK	58	44	6	3
rfaE	2134	1261	52	78
htrG	745	380	13	11
cca	833	426	32	40
bacA	846	440	39	41
plsY	416	222	26	26
ygiP	105	52	0	7
ttdA	24	13	0	2
ttdB	7	4	0	0
ygjE	76	41	3	1
gcp	622	355	23	25
dnaG	2291	1362	235	241
rpoD	7804	4748	1965	2001
yqjH	309	173	4	7
yqjI	384	197	26	20
aer	9661	4332	67	67
ygjG	1622	831	1082	1167
ebgR	112	69	3	3
ygjI	18	9	2	2
ygjJ	10	7	0	0
ygjK	57	45	6	6
ygjO	212	151	7	7
ygjQ	21	15	1	1
ygjR	1077	473	632	746
alx	96	64	1	2
sstT	1949	955	935	1022
uxaA	985	428	52	40
uxaC	1158	483	52	38
exuT	737	298	53	50
exuR	1148	582	206	223
yqjA	592	335	148	159
yqjG	534	295	257	265
yhaJ	984	554	9	16
yhaK	80	32	8	13
yhaM	138	78	6	5
yhaO	62	29	6	8
tdcG	103	46	13	7
tdcE	531	273	30	39
tdcD	63	23	1	2
tdcC	194	93	6	12
tdcB	68	28	0	3
tdcA	40	27	7	6
garK	246	121	139	165
garR	223	124	171	174
garL	63	37	57	79
garP	25	7	57	79
garD	418	158	96	97
agaR	1404	733	34	37
kbaZ	167	67	10	7
agaS	39	19	3	3
kbaY	26	10	1	1
agaC	10	7	0	0
agaD	25	18	3	2
agaI	19	10	0	0
yraI	12	7	0	0
yraL	563	293	14	20
yraQ	1105	527	48	48
yraR	203	109	206	197
yhbU	39	17	1	0
yhbV	35	24	3	2
yhbW	206	141	10	13
mtr	430	225	108	90
deaD	1667	1096	68	78
nlpI	8761	4635	263	387
pnp	17694	9820	308	494
truB	2004	1039	29	34
infB	24307	12723	202	221
nusA	8134	4337	160	150
argG	9463	4561	99	118
yhbX	155	82	15	25
glmM	3838	2030	93	107
folP	973	485	11	20
ftsH	13410	8198	1610	1800
rrmJ	4097	2455	599	683
dacB	187	117	2	3
obgE	2129	1155	765	804
yhbE	1290	685	158	168
ispB	1809	1045	64	97
murA	3179	1779	26	21
yrbC	2319	1357	131	117
yrbE	1111	626	56	80
yrbF	2334	1258	101	109
yrbG	469	251	21	22
kdsD	2051	1131	18	38
lptB	2262	1323	89	93
rpoN	7828	4399	167	212
yhbJ	1740	1016	31	35
yrbL	4948	2883	757	762
mtgA	1073	601	63	55
elbB	1297	671	77	75
arcB	2430	1220	251	230
yhcC	35	19	2	3
gltB	14982	10037	98	100
gltD	8267	5387	38	69
nanE	150	61	21	19
nanT	320	142	37	39
nanA	509	200	15	16
nanR	776	488	31	18
dcuD	60	17	1	7
sspA	2973	1783	131	155
degQ	1755	1108	61	68
degS	543	338	12	18
mdh	34676	19445	593	697
aaeB	92	57	8	13
aaeA	190	96	4	10
aaeR	183	103	13	15
tldD	1696	927	180	236
rng	2196	1199	56	58
mreC	828	498	14	16
mreB	3324	1988	43	35
csrD	1031	565	90	98
yhdH	1271	667	233	204
accC	8549	4701	92	114
panF	252	133	13	23
prmA	642	350	40	36
dusB	7596	4270	71	72
yhdJ	94	43	5	3
envR	93	60	0	0
acrE	15	13	0	0
acrF	254	143	25	33
aapQ	66	38	13	12
aapP	168	81	4	5
aroE	919	506	78	80
smf	1064	598	231	249
fmt	1759	1147	700	610
rsmB	995	615	49	73
trkA	942	568	159	148
rpoA	64536	33876	700	830
rpsD	57743	30167	436	537
secY	66346	34965	1656	2023
rpsC	44913	21849	364	444
rplB	41895	21598	312	383
rplD	26961	15293	263	259
rplC	40280	22323	282	319
tufA	172677	90307	1962	2226
fusA	148426	76194	2041	2350
yheO	1345	853	29	27
fkpA	6297	3810	171	215
kefB	646	349	73	73
yheS	875	587	22	33
yheT	282	153	25	23
prkB	662	362	62	47
crp	6933	4191	195	234
yhfK	1064	624	11	13
argD	4290	2037	33	36
fic	395	189	725	664
tsgA	96	72	10	9
nirB	134	83	5	7
nirC	83	48	4	0
cysG	793	441	24	37
frlA	37	22	5	1
frlB	38	21	5	3
frlC	54	23	2	3
frlD	83	53	5	11
frlR	196	125	17	9
yhfS	43	38	8	4
yhfT	42	28	1	0
php	43	15	2	5
yhfZ	479	223	61	77
trpS	3702	2069	85	86
gph	1297	681	16	12
rpe	1271	697	12	16
dam	832	532	8	15
aroB	5075	2921	70	99
hofQ	83	39	4	2
yrfD	103	67	3	4
mrcA	1334	851	22	21
igaA	1337	659	42	31
yrfG	651	364	37	35
hslO	1074	590	81	83
pck	19043	8420	1851	1789
envZ	1061	532	60	63
ompR	1540	842	198	190
yhgF	1943	1175	12	21
feoB	1077	625	38	53
yhgA	133	80	2	2
bioH	246	153	9	15
gntX	245	154	8	11
gntT	391	212	43	59
malQ	3021	1555	43	56
malP	4376	2248	44	44
malT	25720	11180	1502	1437
rtcB	162	88	113	112
glpG	921	510	24	19
glpD	45595	22202	21419	20731
glgP	6147	3486	348	386
glgA	3505	1983	194	232
glgC	4839	2707	291	338
glgX	3984	2238	300	348
glgB	6594	3668	142	202
asd	12548	6880	180	217
gntU	102	48	8	10
gntR	521	304	39	35
yhhW	287	148	25	23
yhhX	704	404	127	137
yhhZ	7	0	1	0
ggt	489	285	6	7
ugpC	447	235	27	49
ugpE	159	57	8	10
ugpA	93	46	9	9
ugpB	2468	930	1493	1657
livF	3829	1971	24	23
livG	3036	1485	9	22
livM	4018	2066	34	30
livH	3413	1732	27	30
livK	11603	5582	97	103
livJ	52720	28734	279	258
rpoH	3688	2078	449	455
ftsX	1108	720	150	149
ftsE	769	411	61	64
ftsY	3772	1984	106	127
yhhN	179	107	39	40
yhhQ	149	93	8	5
yhhS	168	97	12	10
yhhT	226	143	89	116
nikA	14	16	1	1
nikB	19	6	0	0
nikC	14	5	1	0
nikD	23	13	0	0
nikE	23	14	2	6
yhhI	94	51	3	5
yhhJ	611	376	45	40
rbbA	1441	899	56	65
yhiI	1908	1058	199	237
yhiM	54	28	12	10
yhiN	485	275	71	63
pitA	2065	1250	157	180
yhiP	173	108	144	169
yhiQ	240	150	21	40
prlC	2181	1415	251	309
yhiR	213	135	4	6
gor	1766	1007	57	55
arsB	69	49	13	17
yhiD	41	26	4	5
mdtE	25	14	4	2
mdtF	172	113	19	10
gadW	148	112	15	24
gadX	330	181	108	133
gadA	334	187	86	98
yhjA	107	46	10	12
treF	294	216	174	175
yhjB	130	53	10	14
yhjC	212	110	8	7
yhjD	259	168	267	245
yhjE	2676	2000	33	41
yhjG	3243	1688	186	209
yhjH	8957	4547	36	49
kdgK	1357	630	24	21
yhjJ	1143	617	10	21
dctA	2995	1314	270	321
yhjK	535	297	39	31
bcsC	488	234	79	83
bcsZ	52	26	0	1
bcsB	62	47	3	2
bcsA	87	47	2	3
bcsE	1006	595	57	66
bcsG	280	210	13	12
yhjV	589	283	2	8
dppF	2624	1424	20	13
dppD	2569	1287	18	21
dppC	2103	1003	25	27
dppB	2677	1276	21	27
dppA	50752	25972	628	789
eptB	647	291	3	14
yhjX	43	31	6	8
yhjY	561	301	190	175
yiaD	214	113	4	7
tiaE	1520	1043	17	19
yiaF	2888	1553	215	264
glyS	8203	4815	128	120
glyQ	4252	2437	67	75
yiaH	92	46	8	10
xylB	309	154	110	115
xylA	370	154	130	156
xylF	426	174	14	19
xylG	372	195	10	19
xylH	147	69	27	23
xylR	272	161	12	13
bax	15078	7065	197	201
avtA	1666	972	49	46
yiaJ	331	178	17	8
yiaK	70	40	7	6
yiaN	22	11	0	2
yiaO	24	10	0	0
sgbH	26	20	1	2
sgbU	35	19	1	1
sgbE	42	18	2	3
yiaT	44	27	46	42
yiaU	108	61	27	28
yiaV	42	24	11	12
aldB	1396	488	979	1074
yiaY	16	9	2	3
selB	1421	778	17	19
selA	579	305	8	18
yibF	231	124	16	33
yibH	99	66	52	44
mtlA	3204	1542	1429	1479
mtlD	1681	850	526	640
lldP	842	412	49	51
lldR	316	151	14	23
lldD	465	241	7	19
cysE	1408	709	118	98
gpsA	3230	1631	133	192
gpmI	2492	1740	84	103
envC	1066	636	10	9
yibQ	282	190	2	2
yibD	53	31	1	0
tdh	634	334	123	164
kbl	757	414	157	207
waaD	2187	1353	105	108
waaF	1359	826	22	31
kdtA	532	293	21	19
mutM	271	139	8	9
yicR	939	556	79	62
dfp	679	490	11	7
pyrE	102	47	8	7
yicC	1574	889	30	36
yicG	30	16	1	2
ligB	217	103	12	9
gmk	2462	1414	185	246
spoT	2707	1635	44	40
trmH	431	243	0	4
gltS	204	127	87	113
yicE	1102	669	22	14
yicH	1321	772	273	271
yicI	235	132	11	10
yicJ	43	23	4	8
setC	26	10	0	3
yicL	534	275	32	27
nlpA	3317	1607	49	51
yicM	55	45	3	2
uhpT	4186	2491	820	1111
uhpC	114	65	2	1
uhpB	236	132	2	4
ilvB	6625	3161	46	58
emrD	14	3	5	4
yidJ	85	47	1	3
yidK	30	19	4	0
yidL	118	60	9	9
yidP	33	14	0	2
yidE	890	477	116	125
yidR	771	340	11	15
cbrA	44	18	2	2
dgoT	45	27	3	9
dgoD	126	80	17	28
dgoA	58	22	6	8
dgoR	441	176	57	55
yidX	202	112	19	21
yidA	467	301	12	7
gyrB	4693	2635	193	231
recF	456	256	2	7
dnaN	1385	757	43	50
dnaA	2438	1279	47	67
yidC	6172	3514	58	71
trmE	774	500	14	17
tnaA	6005	2264	25	30
tnaB	532	188	10	7
mdtL	41	25	2	4
yidZ	176	91	33	29
yieE	285	124	10	9
yieH	214	140	5	7
yieK	67	47	6	12
yieL	42	21	1	4
bglH	43	23	4	1
bglB	45	36	2	0
bglG	39	13	0	0
phoU	893	585	12	15
pstB	1043	723	16	12
pstA	257	203	11	6
pstC	406	334	21	15
pstS	1344	1205	25	16
glmS	6992	4462	519	528
glmU	4701	2733	376	393
atpD	25873	13603	264	297
atpG	19393	9788	109	159
atpA	44964	24469	288	360
atpB	23959	12023	148	155
gidB	373	218	11	9
gidA	1906	1186	25	33
asnA	526	308	21	22
yieM	384	224	13	13
ravA	361	211	42	58
trkD	645	378	35	26
rbsA	1996	886	91	120
rbsC	1972	893	69	92
rbsB	18170	8433	258	383
rbsK	2061	1013	25	41
rbsR	445	204	7	5
hsrA	179	127	9	8
yieP	521	332	40	43
hdfR	603	334	20	27
yifB	207	131	5	3
ilvE	1611	902	17	13
ilvD	1924	1040	43	25
ilvA	960	497	22	32
ilvY	217	133	39	47
ilvC	41620	21765	195	233
rep	853	479	14	11
gpp	1229	721	36	36
rhlB	3150	1875	152	182
rho	3320	1991	106	136
rfe	1395	834	38	40
wzzE	856	578	18	10
rffE	823	443	10	4
rffD	704	375	12	8
rffG	548	307	9	9
rffH	351	210	11	16
rffC	212	133	1	2
rffA	442	249	20	23
wzxE	389	207	21	27
rffT	305	157	13	9
wzyE	201	109	14	13
rffM	318	189	12	18
yifK	1570	758	169	209
hemY	1976	1073	43	59
hemX	2571	1366	66	77
hemD	854	456	28	27
hemC	962	537	138	130
cyaA	3173	2440	282	290
dapF	1282	658	25	26
yigA	721	412	4	5
xerC	1168	576	3	5
yigB	597	268	9	7
uvrD	1083	594	27	26
yigE	54	37	1	1
corA	1059	570	47	39
rarD	150	90	4	5
pldA	896	571	20	13
recQ	746	374	3	7
rhtC	540	279	7	4
rhtB	326	164	6	5
pldB	986	552	30	32
yigL	452	256	7	8
yigM	117	65	2	2
metR	482	274	7	14
ysgA	1133	697	62	58
udp	1792	984	71	101
rmuC	1043	465	57	49
ubiE	1797	999	41	51
yigP	463	226	19	22
ubiB	1435	748	34	37
tatC	856	489	6	11
tatD	347	183	8	6
ubiD	3259	1592	233	280
fre	2163	1093	166	211
fadA	1627	625	251	258
fadB	5945	2147	772	844
pepQ	5009	2847	158	147
yigZ	536	293	24	28
trkH	722	447	51	63
yihE	1244	797	17	16
dsbA	3082	1758	71	50
yihG	104	58	0	0
polA	4219	2122	266	269
hemN	1129	634	39	34
glnG	662	316	61	60
glnL	535	263	40	40
glnA	4604	2945	40	51
bipA	8383	5392	119	136
yihL	214	128	2	4
yihM	425	200	2	6
yihN	191	104	2	1
ompL	22	10	0	0
yihO	49	34	2	8
yihP	28	17	2	4
yihQ	46	38	1	5
yihS	127	69	5	13
yihT	70	41	2	5
yihU	46	13	2	1
yihV	117	54	22	23
yihW	677	315	34	36
rbn	1056	451	64	65
yiiD	1826	922	36	38
fdhE	670	315	31	47
fdoI	291	152	66	106
fdoH	463	239	153	185
fdoG	4072	2278	1232	1487
fdhD	394	209	91	80
frvB	20	16	3	1
rhaD	14	10	0	2
rhaA	21	15	2	1
rhaS	121	57	30	23
rhaR	94	37	7	13
sodA	31964	18075	336	345
kdgT	150	67	14	20
yiiM	488	268	90	99
cpxA	1924	1052	51	39
cpxR	2125	1247	44	47
fieF	1325	781	78	84
pfkA	4323	2617	479	516
sbp	1401	662	8	16
cdh	170	112	2	1
tpiA	8164	4924	123	139
fpr	1195	696	29	27
glpX	3555	1669	161	176
glpK	121050	52700	8580	9119
glpF	41923	17569	6492	6722
menA	482	278	6	4
hslU	2992	1858	234	233
ftsN	870	480	67	59
cytR	1200	520	17	18
yiiX	234	129	5	6
metB	1820	952	20	13
metL	2146	1058	34	50
metF	4404	2423	37	43
katG	9272	4945	315	358
yijE	104	55	6	4
yijF	13	9	0	0
gldA	220	120	43	43
fsaB	70	45	10	6
ptsA	66	31	15	20
frwC	73	33	11	2
pflD	166	78	15	9
pflC	68	30	4	0
yijO	64	35	1	3
yijP	844	470	24	38
ppc	7400	4734	104	113
argE	1798	979	60	81
argC	2564	1154	27	23
argB	2310	962	17	19
argH	3892	1715	49	53
oxyR	1475	875	41	39
sthA	3761	2015	125	138
fabR	3849	1730	63	66
trmA	1061	621	148	174
btuB	2559	1323	55	39
murI	297	209	10	9
murB	2020	1053	19	34
birA	766	383	24	20
coaA	1398	743	9	18
tufB	163475	86216	1930	2154
rplA	24218	13173	327	367
rpoB	45087	25157	757	862
rpoC	45883	24668	875	1011
thiH	3330	2035	20	22
thiG	1607	1005	6	19
thiF	1824	1000	13	18
thiE	1492	949	18	18
thiC	5708	3529	65	54
nudC	538	282	54	44
hemE	639	391	29	26
nfi	309	159	3	2
yjaH	626	337	7	7
zraR	381	204	45	29
purD	1289	770	18	15
purH	1359	902	14	18
metA	2830	1533	55	71
aceA	69521	37379	1230	1198
aceK	9744	5271	575	632
iclR	956	590	41	23
metH	7644	4002	171	192
yjbB	465	244	70	65
pepE	643	270	12	13
yjbC	651	395	24	23
lysC	2937	1560	22	30
pgi	8932	5207	213	254
yjbF	4	2	0	0
yjbG	5	7	1	0
yjbH	104	43	13	6
xylE	89	47	13	28
malG	532	287	37	50
malF	2085	960	14	16
malE	22750	11078	140	131
malK	5572	2495	30	18
malM	1813	927	55	75
ubiA	948	450	181	176
plsB	3286	1746	150	169
lexA	1678	933	514	560
dinF	156	87	6	10
yjbM	11	10	2	2
yjbN	622	428	7	10
qor	1323	755	270	382
dnaB	1462	786	14	13
alr	517	307	4	11
tyrB	3682	2097	37	49
aphA	1286	454	8	17
uvrA	1319	782	80	97
yjcC	173	95	182	201
yjcE	619	379	22	45
actP	7670	3460	250	318
acs	29556	11825	2796	3309
nrfA	102	49	4	3
nrfC	7	7	0	2
nrfD	20	8	0	0
gltP	310	204	12	15
yjcO	743	383	31	41
fdhF	363	199	37	22
yjcQ	39	23	5	5
yjcR	12	13	2	3
phnL	22	16	9	9
phnK	30	13	5	2
phnJ	5	2	0	0
phnI	5	2	0	0
phnF	3	2	0	0
phnD	11	7	0	1
phnC	9	6	0	0
yjcZ	4050	2308	47	48
proP	2108	1729	58	77
basS	193	114	28	32
basR	217	93	65	88
eptA	123	59	61	51
adiC	24	8	8	8
adiY	9	10	4	8
adiA	78	35	5	4
melR	376	156	160	154
melA	307	148	116	105
melB	178	90	47	48
yjdF	166	86	8	7
fumB	298	122	24	26
dcuB	32	20	14	12
dcuR	749	369	12	19
dcuS	1307	636	25	32
lysU	861	518	23	29
yjdL	132	67	6	3
cadA	100	49	4	3
cadB	13	5	1	2
cadC	69	44	23	14
dipZ	692	417	7	5
dcuA	2441	1511	492	523
aspA	9167	3666	5076	5050
yjeH	290	173	12	18
groL	45051	28059	807	877
yjeJ	464	269	7	6
yjeK	717	406	20	17
frdB	752	310	331	376
frdA	2303	882	1145	1249
poxA	246	136	26	28
yjeP	732	442	12	13
psd	1146	694	20	21
rsgA	2135	1142	35	42
yjeS	426	214	82	65
yjeF	671	274	112	121
amiB	845	525	33	40
mutL	1109	596	33	47
miaA	8064	4539	620	633
hflX	6823	3838	216	232
hflK	5926	3503	144	137
hflC	4646	2795	111	123
purA	12429	7136	401	435
rnr	3977	2220	828	945
rlmB	467	302	50	55
yjfJ	21	15	2	3
yjfK	21	12	1	0
yjfC	24	6	2	3
aidB	285	173	275	304
yjfP	194	125	29	28
ulaR	497	242	25	34
ulaG	69	39	18	28
ulaA	78	38	5	11
ulaD	94	50	4	8
ulaE	106	49	12	6
ulaF	70	37	5	7
ytfB	1027	552	189	201
fklB	651	360	38	31
cycA	4379	1897	656	724
ytfE	92	41	11	10
ytfF	65	38	3	9
ytfG	147	74	12	6
cpdB	3135	1352	56	54
cysQ	1196	597	1412	1342
ytfL	261	159	33	27
msrA	363	224	60	37
ytfM	861	478	19	37
ytfQ	1328	476	1168	1185
ytfT	118	41	115	165
yjfF	141	47	131	200
fbp	906	505	128	122
mpl	2058	1130	35	36
pmbA	1485	853	136	124
nrdD	588	306	972	1261
treC	237	105	5	3
treB	435	173	10	13
treR	218	141	17	13
mgtA	5460	2881	82	97
pyrB	13369	7172	35	44
yjgI	32	23	0	4
argI	4681	1997	41	49
valS	8592	5002	229	261
pepA	4927	2711	297	302
yjgP	1467	882	194	224
yjgQ	937	530	143	159
yjgB	312	174	115	123
yjhT	340	185	83	88
yjhA	82	44	13	12
fimB	384	274	1	1
fimC	407	280	3	4
fimH	146	109	11	13
gntP	462	174	27	32
uxuA	922	434	64	53
uxuB	916	434	26	30
uxuR	564	292	129	133
yjiE	189	105	8	13
iadA	514	338	37	51
yjiH	14	12	0	0
yjiK	92	47	6	4
hgdC	59	22	2	7
yjiM	266	95	22	28
yjiN	161	95	45	44
yjiY	149	67	8	19
tsr	21818	11496	171	179
mdoB	2049	1152	84	120
dnaC	281	189	20	21
yjjP	65	36	1	6
yjjQ	4	3	1	1
bglJ	226	106	12	10
rsmC	535	329	10	19
yjjG	249	126	36	41
prfC	1983	1156	22	19
osmY	3121	1809	732	757
yjjU	728	379	23	38
yjjW	41	20	1	3
yjjI	64	47	72	72
deoC	330	184	131	157
deoA	739	353	139	185
deoB	2219	1246	335	372
deoD	3216	1798	145	202
ytjB	270	190	13	19
serB	885	437	8	14
radA	1101	632	21	19
nadR	1206	647	276	307
slt	1325	673	98	100
ytjC	1340	577	28	43
rob	1481	811	624	659
creB	632	362	20	18
creC	324	179	9	2
arcA	7612	4086	4573	4272
yjtD	255	158	23	19
