	K12_IAI1ref_starvation1	K12_IAI1ref_starvation2	K12_batch1	K12_batch2
thrA	120	173	25950	39824
thrB	141	159	7781	12128
thrC	152	180	13577	20772
yaaA	16	15	619	904
yaaJ	25	21	74	122
talB	184	180	7324	8561
htpY	10	10	29	48
dnaK	2576	2710	27578	45536
dnaJ	383	451	3830	6044
nhaA	478	624	531	738
nhaR	27	33	300	374
ribF	55	61	2406	3446
ileS	143	182	8183	13273
ispH	14	20	1291	1935
rihC	7	9	79	82
dapB	29	40	5836	8153
carA	11	20	6490	9733
carB	52	57	15231	24948
caiD	1	1	12	16
caiB	6	3	77	95
caiA	17	22	126	192
caiT	0	1	6	12
fixA	1	0	12	20
fixB	1	0	13	30
fixC	1	1	34	42
yaaU	1	2	11	28
kefC	19	12	231	387
apaH	27	39	290	497
ksgA	187	181	1092	1595
surA	508	567	4183	6376
imp	1096	1145	6577	8590
djlA	11	13	623	891
rluA	27	34	217	285
hepA	45	45	1015	1318
polB	22	23	151	261
araD	10	8	6	11
araA	63	57	36	46
araC	248	316	362	530
yabI	89	93	200	341
thiQ	5	4	237	350
tbpA	4	7	542	784
setA	26	31	376	528
leuD	78	79	4013	5416
leuC	78	70	5860	8271
leuB	69	68	4498	6431
leuA	70	64	6919	9120
leuO	13	18	68	117
ilvI	28	34	5505	8023
fruR	207	231	1318	1944
mraW	71	99	1538	2350
ftsI	42	59	1499	2070
murE	40	39	1677	2747
murF	27	23	1504	2176
mraY	32	22	893	1317
murD	14	23	1555	2427
ftsW	25	34	1385	2004
murG	24	18	1141	1610
murC	25	29	1692	2468
ddlB	110	123	1666	2380
ftsQ	172	162	1752	2438
ftsA	187	223	4768	6535
ftsZ	380	406	10342	15339
lpxC	4486	5390	11045	16883
secA	199	215	6836	9599
yacF	28	21	561	798
coaE	32	39	490	629
guaC	13	17	1748	2307
hofC	5	5	67	101
hofB	3	3	89	81
nadC	11	14	357	426
ampE	53	37	334	544
aroP	151	146	6091	8732
pdhR	31	32	640	970
aceE	430	494	26955	40157
aceF	339	419	13847	22670
lpd	603	696	24384	34750
acnB	554	722	12501	17826
speD	49	61	3438	4389
speE	32	38	3764	4937
cueO	18	19	568	899
gcd	108	105	982	1327
can	42	41	7860	10483
yadG	26	29	854	1201
yadH	35	32	483	761
yadD	9	17	396	529
panC	44	56	2649	4100
yadL	0	3	19	40
ecpD	0	0	9	9
pcnB	16	20	1859	2560
yadB	13	7	236	323
sfsA	1564	1589	1660	2021
mrcB	34	48	1539	2297
fhuA	283	335	5491	8279
fhuC	16	16	420	725
fhuD	0	2	282	507
hemL	193	244	2194	3327
clcA	122	138	821	1082
yadS	6	7	183	282
btuF	2	3	213	322
pfs	121	104	1858	2568
dgt	11	21	899	1253
degP	202	205	3942	6474
cdaR	39	56	156	232
dapD	90	105	13366	19986
glnD	29	23	922	1215
map	120	125	4040	5359
rpsB	438	576	35188	51824
tsf	166	218	22872	35019
pyrH	58	75	4249	6133
dxr	40	63	736	981
ispU	44	45	3156	4146
cdsA	69	73	1343	1995
yaeL	141	150	5186	6847
yaeT	202	253	14267	19987
lpxD	144	177	7145	10452
lpxA	102	121	2998	4840
lpxB	12	27	1385	2085
dnaE	61	45	3167	4313
accA	63	73	3240	4865
ldcC	120	129	399	587
nlpE	43	41	391	515
proS	144	145	6693	10197
yaeB	9	13	107	141
metQ	75	59	9594	13983
metI	28	26	2289	3293
metN	14	25	2318	3706
dkgB	9	13	418	554
yafC	46	38	340	498
yafD	238	198	799	1166
mltD	111	146	11825	16086
gloB	68	51	638	798
yafS	25	29	380	508
dnaQ	92	85	1056	1407
yafT	0	0	11	16
yafV	48	53	227	291
fadE	1796	1959	341	498
yafJ	10	11	639	891
yafK	23	21	1468	2013
dinB	49	54	138	224
pepD	135	157	5011	6867
frsA	45	32	425	608
phoE	2	1	49	40
proB	41	49	1535	2451
proA	137	138	2284	3574
yagR	14	15	22	38
yagS	2	2	3	8
yagT	3	3	7	8
yagU	26	42	633	938
yagV	4	3	47	44
yagW	11	8	79	112
yagX	9	13	74	101
yagY	1	1	14	16
insF	9	15	1303	1798
ykgC	30	34	93	150
ykgD	8	6	64	88
ykgE	13	16	62	59
ykgF	28	18	125	202
ykgG	7	8	115	169
betA	1	4	327	509
betT	100	104	430	668
yahB	18	9	168	221
yahD	9	10	71	83
yahG	2	1	31	38
yahI	0	2	12	27
yahJ	10	9	194	306
yahK	58	57	677	939
yahN	29	21	10	15
prpR	80	121	39	38
prpB	100	250	2	2
prpC	10	49	8	14
prpD	26	47	15	14
prpE	22	65	32	38
codB	5	9	3317	5340
codA	19	27	5522	8641
cynT	4	1	15	33
cynX	1	0	21	26
lacY	13	9	32	49
lacI	117	137	299	412
mhpR	513	615	274	347
mhpB	0	1	9	26
mhpC	1	2	34	50
mhpD	1	1	29	51
mhpF	3	5	49	53
mhpE	6	5	41	62
mhpT	14	19	48	91
frmA	25	27	548	831
yaiO	38	36	28	31
yaiP	12	12	34	33
tauA	2	3	25	45
tauB	0	1	20	37
tauD	5	2	37	48
hemB	19	5	1667	2225
yaiV	1	1	12	22
ampH	9	16	347	465
sbmA	27	53	340	434
yaiW	31	40	453	647
ddlA	81	70	1017	1537
phoA	17	17	279	335
yaiC	7	19	35	43
proC	11	13	258	322
aroM	14	21	219	340
rdgC	19	24	1598	1972
mak	101	113	351	519
araJ	23	17	114	187
sbcD	7	9	211	329
phoB	18	16	194	254
phoR	5	9	177	215
brnQ	272	310	479	788
proY	14	26	402	570
malZ	16	15	394	561
queA	2	2	445	599
tgt	47	36	4179	5237
secD	115	121	7401	10960
secF	177	187	3362	5028
tsx	122	110	3753	5406
ribD	37	56	785	1175
thiL	5	9	430	629
yajO	929	924	782	1100
dxs	35	49	1757	2499
ispA	12	15	789	1030
thiI	33	44	1128	1691
panE	102	110	549	828
yajR	9	14	330	492
cyoE	142	156	6888	10920
cyoC	57	88	5256	7663
cyoB	251	258	24764	36234
cyoA	190	196	16037	24158
ampG	2	1	436	533
tig	189	208	28748	44907
clpP	241	282	3436	4697
clpX	1187	1319	6742	10769
lon	225	245	9078	14444
ppiD	141	173	7020	9927
queC	26	16	1058	1534
ybaE	66	82	94	142
cof	26	21	180	248
mdlA	17	19	268	347
mdlB	2	5	179	256
amtB	10	10	282	422
tesB	20	20	269	493
ylaB	57	81	268	325
acrB	173	237	7739	11652
acrA	73	80	5865	7728
acrR	17	25	578	706
kefA	30	35	1775	2629
dnaX	33	35	1618	2125
recR	30	36	1179	1771
htpG	305	348	6943	11246
adk	26	36	7421	9786
hemH	97	113	249	358
aes	23	20	55	84
gsk	12	6	1048	1342
ybaL	139	134	877	1311
fsr	8	8	176	228
ushA	173	161	1642	2344
ybaP	8	5	217	302
copA	78	97	778	1136
ybaS	20	27	73	97
ybaT	20	28	55	99
ybbK	801	776	354	540
ybbL	9	10	374	490
ybbM	10	13	272	373
ybbN	49	59	1815	2776
ybbO	9	9	298	394
tesA	34	40	324	397
ybbA	33	26	129	227
ybbP	26	22	289	484
ybbB	10	9	169	254
ybbS	0	1	12	18
allR	1908	2352	1371	2024
gcl	30	30	52	66
hyi	4	3	10	27
glxR	3	1	20	29
ybbW	12	9	4	8
allB	22	36	51	65
ybbY	4	3	27	28
glxK	10	12	63	96
ylbA	2	6	289	377
allC	5	8	124	177
allD	1	1	14	16
ylbE	2	1	21	33
ylbF	1	1	13	22
ybcF	2	3	49	75
purK	2	8	2096	3142
lpxH	4	4	718	1101
cysS	32	34	2250	3237
folD	21	14	844	1037
sfmC	0	0	5	10
sfmH	2	0	8	10
fimZ	2	0	8	13
envY	3	1	38	64
ybcH	5	3	44	69
nfrB	23	19	135	131
cusR	2	8	107	184
cusC	3	1	1334	1128
cusB	3	0	18	37
cusA	5	9	53	95
pheP	7	9	392	720
ybdG	17	21	692	1035
nfnB	11	18	1125	1555
ybdK	301	294	57	74
fepA	23	28	2018	2915
fepC	1	1	205	252
fepG	3	6	96	149
fepD	8	14	60	91
ybdA	4	8	242	395
fepB	5	12	242	319
entC	13	20	621	906
entE	32	31	782	1270
entB	18	22	676	1051
entA	11	17	443	633
cstA	9899	10389	1814	2653
ybdH	147	155	631	956
ybdL	5	16	427	641
ibrB	3	3	70	89
ibrA	2	3	35	32
ybdO	5	1	20	32
dsbG	26	28	308	347
ahpF	73	84	3667	5373
ybdR	16	21	105	155
rna	77	68	484	585
citT	2	3	35	50
citG	6	1	15	16
citF	1	2	5	6
citE	2	1	9	12
citC	0	1	27	31
citA	7	8	211	312
citB	4	3	109	165
dcuC	9	9	45	60
lipA	193	223	1572	2400
ybeF	5	10	96	105
lipB	2	4	685	743
dacA	13	10	2046	2855
rlpA	38	43	1707	2318
mrdB	14	16	890	1142
mrdA	15	10	1360	1717
phpB	7	5	64	120
nadD	3	9	227	292
holA	14	18	827	989
leuS	424	441	9928	14017
ybeQ	125	162	102	151
ybeU	0	0	18	15
hscC	8	8	77	113
rihA	31	28	541	654
gltL	12	5	577	832
gltK	8	14	313	431
gltJ	6	7	251	418
gltI	307	313	3044	4216
ybeX	603	687	2843	3910
ybeZ	812	807	2700	3928
miaB	63	81	1941	2938
asnB	66	55	3214	4530
nagD	12	15	781	1019
nagC	44	66	850	1055
nagA	121	123	794	1142
nagB	109	120	451	594
nagE	484	510	1190	1765
glnS	51	44	4965	7319
ybfM	6	7	25	36
ybfF	8	8	234	337
pgm	142	198	4722	6912
potE	29	43	104	125
kdpE	42	50	51	80
kdpD	263	306	273	406
kdpB	2	3	46	84
ybgH	9	6	405	567
ybgI	125	93	2212	3079
ybgJ	61	61	1102	1558
ybgK	63	62	1209	1674
nei	2	3	241	361
abrB	5	4	67	100
gltA	986	1121	10494	13211
sdhA	241	314	6657	9406
sdhB	129	162	3629	4830
sucA	380	433	12401	18181
sucB	212	264	7042	11045
sucC	241	369	10310	15054
sucD	232	293	8095	12225
mngR	10	11	305	393
mngA	2	2	16	21
cydA	569	650	3558	6420
cydB	468	547	2452	3882
tolQ	13	15	1447	2111
tolA	103	123	2473	3469
tolB	268	296	9312	13620
ybgF	86	99	5962	8379
nadA	79	77	3538	4871
pnuC	145	143	1392	2080
zitB	66	61	338	509
aroG	41	61	10537	13290
gpmA	996	1064	15188	22630
galM	51	64	1971	3051
galK	52	79	1411	1996
galT	41	53	363	468
galE	126	148	571	750
modF	26	37	1660	2219
modE	8	17	468	579
modA	28	41	1200	1577
modB	13	20	504	710
modC	21	24	834	1182
ybhA	8	10	511	675
pgl	51	68	741	1052
ybhD	1	2	32	51
ybhH	0	0	3	6
ybhI	131	132	999	1006
ybhJ	4	5	101	119
ybhC	30	25	2811	4127
bioB	25	20	1683	2312
bioC	3	4	390	608
bioD	3	3	457	679
uvrB	230	236	1044	1609
ybhK	13	8	491	726
moaA	91	90	1405	1933
ybhL	1682	1730	627	838
ybhN	15	12	36	56
ybhO	40	41	90	117
ybhP	42	31	95	145
ybhR	10	14	63	68
ybhS	4	11	73	93
ybhF	19	37	264	358
ybhG	36	38	252	326
ybiH	14	14	109	146
rhlE	3	1	262	376
dinG	39	45	235	362
ybiB	128	132	716	906
ybiC	124	129	5256	7057
ybiX	9	18	113	154
fiu	9	9	931	1118
ybiN	7	6	328	473
ybiO	38	46	83	156
glnQ	39	63	1059	1808
glnP	95	109	960	1467
glnH	618	624	3935	4937
rhtA	10	8	78	104
ybiR	31	36	340	455
ybiS	73	98	2072	2669
ybiT	44	52	2545	3528
ybiU	7	11	289	427
ybiV	16	9	674	774
ybiW	7	12	82	102
ybiY	3	0	20	25
fsaA	9	6	106	143
moeB	10	10	412	585
moeA	36	41	590	929
iaaA	125	131	2493	3671
yliA	50	58	2086	2977
yliB	36	42	1645	2399
yliC	8	8	496	732
yliD	2	10	403	534
yliE	1	3	936	1286
yliF	1	0	365	480
yliG	2	1	729	964
yliI	47	42	85	122
yliJ	36	43	1756	2456
dacC	600	568	1664	2521
deoR	19	16	575	788
cmr	227	217	266	340
ybjI	12	16	481	670
ybjJ	11	10	191	283
ybjL	64	56	568	840
nfsA	14	16	758	1041
rimK	7	16	466	735
potF	213	200	1400	2120
potG	31	28	520	811
potH	17	20	238	384
potI	21	28	146	289
rumB	2	1	324	438
artJ	14	11	5870	7446
artM	11	23	665	1006
artQ	20	27	471	758
artI	193	228	1426	2203
artP	102	137	920	1154
ybjR	327	310	326	547
ybjS	33	37	257	329
ybjT	15	17	521	750
ltaE	52	50	821	1259
poxB	119	110	637	835
hcr	2	2	19	29
hcp	1	1	28	46
ybjE	4	7	83	94
aqpZ	45	47	66	86
ybjD	86	100	787	1130
ybjX	63	65	2801	3614
macA	37	37	488	674
macB	89	183	419	685
clpA	3380	3574	14584	21891
aat	4	10	127	143
cydC	15	10	766	1131
cydD	10	19	928	1244
trxB	35	38	5607	8278
lolA	58	75	1260	1590
ycaJ	12	14	511	675
serS	321	355	3187	4917
dmsA	12	13	135	252
dmsB	5	3	33	64
dmsC	13	13	60	103
ycaC	35	32	216	254
ycaD	13	24	343	488
ycaM	18	18	38	45
ycaN	3	3	91	148
pflA	181	164	429	547
pflB	2027	2234	22310	33451
focA	219	222	1642	2326
ycaO	14	23	1635	2061
ycaP	58	72	206	225
serC	74	135	15605	22902
aroA	26	36	9402	12319
ycaL	33	38	79	103
cmk	229	295	7922	9224
rpsA	3873	4051	93139	132026
msbA	34	33	2258	3114
lpxK	21	21	324	526
kdsB	53	52	1508	2305
ycbJ	104	135	175	252
smtA	11	13	1001	1344
mukF	17	20	1507	2123
mukE	7	10	1027	1255
mukB	55	58	5609	8273
ycbB	2484	2524	791	1209
ycbL	48	41	1920	2862
aspC	83	96	6162	8045
ompF	1730	1878	241435	312515
asnS	164	213	7553	11296
pncB	43	29	2300	3230
pepN	321	339	3094	4004
ssuC	1	0	14	19
ssuA	3	0	12	23
ycbR	2	8	17	17
ycbT	4	10	74	114
ycbF	4	2	73	107
pyrD	3	4	957	1291
ycbX	6	7	619	808
ycbY	26	27	1448	2158
uup	109	113	2378	3333
pqiA	55	64	437	658
pqiB	72	90	944	1308
ycbZ	504	552	1591	2208
yccR	52	56	300	337
yccS	29	30	701	979
helD	130	139	1459	2155
yccT	15	13	25	24
yccW	315	321	884	1216
yccA	445	416	4108	5564
hyaA	9	8	15	17
hyaB	8	9	22	31
hyaC	5	3	15	30
hyaF	3	0	28	28
appC	11	16	82	131
appB	3	3	53	73
appA	6	7	77	114
yccC	39	60	326	495
yccZ	6	3	77	115
ymcA	0	1	69	100
ymcB	0	0	12	15
ymcC	4	3	17	29
yccM	2	3	33	62
torR	5	8	155	243
torC	3	4	28	39
torA	6	13	80	120
cbpA	156	150	649	994
agp	3300	3320	509	780
rutG	17	9	67	107
rutD	0	1	8	11
rutB	1	1	4	7
rutA	5	0	6	12
rutR	39	35	231	367
putP	1197	1275	1346	2074
efeO	2	7	1308	1919
efeB	5	10	652	1002
phoH	2120	2518	1257	1597
ycdW	25	27	1375	2071
ycdX	25	35	1562	2041
csgG	4	12	242	363
csgD	16	11	402	546
ymdC	78	83	396	554
mdoC	13	9	201	258
mdoG	79	95	3011	3822
mdoH	74	75	2299	3343
mdtG	3	6	40	64
lpxL	26	29	152	194
yceA	14	8	2811	3579
solA	19	18	1128	1459
pyrC	7	6	1297	1596
grxB	63	75	586	728
mdtH	3	2	18	32
yceH	181	159	785	1113
mviM	196	182	588	973
mviN	3	15	334	426
flgA	44	45	4095	5330
flgD	76	90	8892	11956
flgF	40	53	5532	7855
flgG	47	44	6519	8987
flgH	11	20	2265	3066
flgI	12	19	2478	3432
flgJ	11	11	1914	2519
flgK	181	213	13374	17317
flgL	159	157	13802	18309
rluC	18	28	2057	2850
plsX	92	97	3753	5408
fabH	173	167	5493	7779
fabD	120	161	7955	11224
fabG	765	892	13468	18270
fabF	280	387	8084	13271
pabC	12	9	385	538
yceG	13	11	332	423
tmk	14	9	257	384
holB	9	4	308	452
ycfH	293	263	525	672
ptsG	368	455	18444	27338
fhuE	9	19	323	495
ycfM	37	52	854	1256
ycfN	24	22	531	772
nagZ	127	115	1513	2002
ndh	40	33	1816	2707
ycfQ	60	59	423	563
ycfS	18	11	338	411
mfd	30	35	2551	3579
lolC	5	7	691	875
lolD	3	6	386	516
lolE	167	173	1077	1478
ycfX	119	130	731	1044
cobB	45	46	932	1312
potD	55	61	5448	7821
potC	13	15	1097	1352
potB	12	6	513	663
potA	15	17	882	1099
pepT	253	293	1275	1923
ycfD	204	211	1220	1799
phoQ	45	61	1389	1803
phoP	115	126	1757	2369
purB	12	18	1267	1599
hflD	8	8	302	376
trmU	14	18	1180	1555
ymfC	4	3	151	198
icd	1196	1314	69772	99814
ycgE	71	55	845	1083
ycgF	20	18	306	295
ycgG	16	8	30	45
minD	89	100	4003	5884
minC	47	63	1551	2023
ycgM	32	47	809	1317
umuC	16	18	104	130
nhaB	9	7	281	385
fadR	125	105	731	980
ycgB	5086	5825	404	506
dadA	1526	1729	380	652
dadX	408	492	257	405
cvrA	20	27	928	1192
emtA	113	103	873	1319
ycgR	26	39	3366	3842
treA	162	164	99	104
dhaH	40	43	1040	1551
dhaL	16	15	591	817
dhaK	50	35	888	1161
dhaR	15	11	361	526
ychF	56	58	4559	6428
ychM	286	382	141	232
prsA	31	37	2953	3700
ispE	20	17	972	1331
lolB	17	16	726	960
hemA	20	31	973	1317
prfA	9	11	999	1271
prmC	1	7	274	343
ychA	32	34	1348	1922
kdsA	88	91	3567	5170
chaA	24	26	1202	1586
chaC	124	109	363	536
ychP	10	15	322	437
narL	5	2	355	533
narX	37	40	353	533
narK	35	28	17	37
narG	17	15	124	187
narH	2	6	63	142
narJ	4	2	20	47
narI	3	9	18	54
purU	39	36	4670	6088
rssA	190	191	783	1000
rssB	383	379	534	688
galU	314	425	3680	5678
tdk	8	8	956	1173
adhE	2050	2003	8731	11950
ychE	3	5	138	159
oppA	755	770	42043	58259
oppB	57	65	5576	7788
oppC	73	87	5705	7731
oppD	77	76	5577	8451
oppF	95	87	5545	8179
cls	96	97	1383	1989
kch	7	7	362	554
tonB	34	28	1124	1552
yciC	102	130	626	869
ompW	41	42	443	825
trpA	22	17	2004	2985
trpB	43	47	3725	5483
trpD	14	14	1909	2682
trpE	2	3	833	1084
yciV	45	59	842	1046
yciO	75	105	672	868
rluB	20	18	1425	2196
yciK	15	21	558	724
sohB	99	117	2838	4037
topA	208	226	8171	11701
cysB	60	86	1449	1925
acnA	1650	1837	3051	4144
pgpB	53	53	389	544
yciM	58	59	1076	1510
pyrF	11	9	1558	2431
deoT	16	16	372	402
gmr	641	659	486	588
rnb	31	36	6609	9053
fabI	255	295	9584	14235
sapF	34	30	148	182
sapD	90	96	313	389
sapC	58	59	129	173
sapB	107	103	147	208
sapA	196	223	289	412
puuP	21	24	99	142
puuA	162	152	683	924
puuD	424	384	477	662
puuB	22	21	55	99
puuE	15	21	82	106
pspF	9	14	200	261
pspA	301	278	1447	1929
ycjM	1	0	20	25
ycjN	0	0	10	11
ycjO	2	1	6	7
ycjP	1	1	12	9
ycjQ	1	3	15	35
ycjR	4	3	16	30
ycjS	0	3	49	58
ycjU	0	0	1	9
ompG	0	0	5	6
ycjW	1	1	178	205
ycjX	24	23	462	753
ycjF	20	21	397	574
tyrR	319	311	1341	2122
ycjG	183	213	381	471
mpaA	60	55	195	241
ycjZ	8	6	280	389
mppA	138	137	798	1135
ynaI	11	15	403	499
uspE	4777	4877	3015	4183
fnr	574	635	3109	4444
abgT	3	0	46	65
abgB	13	16	50	59
abgA	5	1	34	57
abgR	8	11	96	153
ydaM	47	62	229	328
ydaN	150	173	487	752
dbpA	6	4	200	287
ydaO	45	51	1397	2058
ompN	16	19	1567	2481
ldhA	110	113	836	1276
feaR	60	77	166	221
feaB	95	85	206	290
maoC	2	3	20	32
paaA	1	2	12	23
paaC	1	3	15	24
paaJ	1	3	17	36
paaF	1	0	9	33
paaG	0	0	19	20
paaH	2	2	39	56
paaE	114	108	147	185
paaK	63	77	122	170
paaX	100	89	398	554
ydbC	174	168	108	173
azoR	9	7	366	514
hrpA	130	147	2234	3219
ydcF	26	20	482	579
aldA	6317	6504	5976	7454
trg	172	161	1403	1839
ydcI	214	274	893	1038
ydcJ	363	347	75	114
mdoD	39	50	1625	2291
ydcK	197	246	176	230
tehA	11	29	224	306
ydcL	764	814	1092	1470
ydcO	8	3	40	70
ydcP	24	24	1347	2079
ydcR	13	18	439	623
ydcS	1197	1314	56	96
ydcT	172	208	25	24
ydcU	48	58	23	42
ydcV	28	47	66	105
ydcW	107	121	291	477
yncB	83	76	351	517
yncC	28	33	111	160
yncD	10	13	519	665
yncE	134	135	6407	8709
ansP	11	11	248	340
yncG	38	29	50	76
nhoA	21	16	178	255
narV	7	4	31	37
narW	5	2	31	21
narY	9	9	41	65
narZ	18	24	73	131
narU	8	6	22	21
yddG	3	3	160	266
fdnG	64	67	124	173
fdnH	8	12	31	47
fdnI	16	17	40	63
adhP	104	101	382	560
sfcA	50	57	3401	4678
ddpD	4	2	24	40
ddpC	3	4	25	26
ddpB	1	1	7	15
ddpA	13	20	32	40
dos	90	81	179	217
yddV	435	399	270	346
yddW	9	8	257	348
gadC	47	70	263	399
gadB	90	104	375	618
ydeM	1	1	13	20
ydeN	18	21	78	96
ydeO	2	3	21	27
ydeP	4	6	139	219
ydeQ	1	0	16	28
lsrK	86	111	83	168
lsrR	108	73	229	314
lsrC	49	69	6	28
lsrD	57	31	28	18
lsrB	60	57	57	57
lsrF	52	80	81	125
tam	86	83	136	165
yneE	24	24	139	208
uxaB	44	31	88	104
yneF	6	12	96	116
yneH	4	4	420	602
yneI	10	11	587	774
ydeA	3	12	256	340
marC	67	59	208	266
eamA	50	33	869	1172
ydeE	12	14	150	194
ydeH	43	41	253	403
dcp	39	53	3664	4978
ydfG	107	125	2413	3728
ydfH	12	6	568	786
ydfT	9	8	159	193
ydfU	3	2	10	22
rspB	12	8	84	109
rspA	6	3	65	76
ynfC	58	51	445	613
ynfF	10	9	184	267
ynfG	1	4	37	32
ynfH	6	14	196	301
dmsD	5	5	343	470
clcB	4	1	31	67
ynfK	122	115	209	315
dgsA	34	44	828	1116
ynfL	17	16	77	107
ynfM	6	11	154	169
ydgD	615	609	315	511
ydgG	28	28	179	273
pntB	478	524	25474	38427
pntA	425	452	42379	61030
ydgH	68	81	3530	4700
ydgI	7	9	100	139
folM	21	14	238	309
rstA	15	12	892	1075
rstB	14	22	845	1136
tus	62	52	197	260
fumC	428	386	1974	2515
fumA	1156	1327	2396	3340
manA	54	48	1211	1759
ydgA	1836	1959	4754	6473
uidC	7	6	11	19
uidB	3	3	10	11
uidA	24	34	50	63
hdhA	133	158	1289	1955
malI	157	361	80	158
malX	13	18	176	258
malY	11	12	382	505
add	27	14	193	310
ydgJ	80	75	1478	2029
rsxD	0	1	230	331
rsxG	3	2	161	252
rsxE	2	4	105	149
nth	0	2	118	140
ydgR	17	17	200	319
gst	178	168	704	908
pdxY	16	15	669	1075
tyrS	75	92	5469	8055
pdxH	6	10	1149	1566
anmK	45	47	472	704
ydhJ	5	1	73	114
ydhF	206	223	494	714
nemA	19	14	306	412
rnt	6	1	134	180
ydhO	11	17	297	312
ydhP	4	8	271	370
purR	21	29	2504	3496
ydhB	14	26	157	220
ydhC	8	7	101	131
cfa	195	201	1610	2166
ribC	38	45	2229	3092
mdtK	88	117	404	592
ydhQ	247	252	1548	2222
ydhS	271	264	207	288
ydhT	17	18	57	55
ydhU	13	9	58	89
ydhX	0	2	48	70
ydhV	8	6	35	48
ydhY	0	0	7	10
pykF	489	487	8919	12056
ynhG	4080	3925	786	1046
sufS	194	171	511	630
sufC	143	181	304	423
sufB	670	634	930	1190
ydiK	86	93	411	596
ydiM	2	2	11	14
ydiN	1	1	9	10
ydiB	2	4	84	110
aroD	9	9	430	641
ydiF	0	1	27	28
ydiO	0	1	27	42
ydiP	12	11	101	126
ydiQ	1	2	17	20
ydiR	11	4	27	38
ydiS	2	2	40	44
ydiD	5	6	78	103
pps	692	740	6263	9489
ydiA	18	12	241	276
aroH	9	13	689	899
ydiV	4	8	183	244
btuD	14	18	405	561
btuC	18	12	224	359
pheT	1814	2186	12702	18312
pheS	26	26	5056	6757
thrS	1167	1214	25147	32844
ydiY	4	5	330	354
pfkB	61	68	107	112
yniA	1924	2204	418	640
yniC	7	8	174	217
ydjN	67	66	8661	13446
katE	38	46	561	727
chbF	7	8	191	265
chbR	13	20	168	208
chbC	12	11	69	90
nadE	40	40	3006	4255
ydjQ	7	4	158	216
astE	318	384	22	33
astB	504	647	22	47
astA	833	942	33	43
astC	1880	1870	51	82
xthA	33	25	977	1422
ydjX	8	9	86	112
ydjZ	10	12	54	98
ynjE	7	9	290	446
ynjF	8	8	57	96
gdhA	96	85	23864	36228
topB	26	33	1488	2269
selD	150	146	2405	3602
sppA	40	52	1482	2160
ansA	6	7	425	515
pncA	29	29	433	583
ydjE	9	8	41	43
ydjF	48	49	364	544
ydjG	4	5	85	131
ydjH	0	0	39	85
ydjI	0	2	52	63
ydjJ	0	1	45	49
ydjK	1	1	17	34
ydjL	3	1	48	56
gapA	605	639	72681	99485
yeaD	11	10	1135	1379
yeaE	34	29	351	495
mipA	82	90	3217	4223
yeaG	10811	10821	1109	1539
yeaH	3475	3538	251	298
yeaI	22	21	24	25
yeaJ	7	10	233	280
yeaM	16	18	159	190
yeaN	7	6	71	105
yeaP	11	15	1337	1574
yeaS	9	7	52	72
yeaT	63	44	204	298
yeaU	21	18	97	149
yeaV	3	1	14	24
yeaW	1	2	23	28
yeaX	1	4	65	97
rnd	19	21	473	595
fadD	6990	8018	486	693
yeaZ	6	11	811	1077
yoaA	6	6	503	683
sdaA	1052	1073	265	373
adrB	14	15	103	151
yoaE	21	23	441	679
manX	235	262	7484	10399
manY	143	190	5202	7860
rrmA	9	3	456	555
kdgR	454	429	2102	2993
yebQ	7	5	28	33
htpX	2004	1904	3495	5526
prc	109	103	6818	10036
yebS	28	23	236	295
yebT	30	40	620	906
yebU	4	6	245	332
pphA	41	56	75	118
yebZ	13	9	1208	1558
yobB	60	61	127	197
exoX	22	14	215	312
ptrB	133	134	420	627
yebE	110	124	254	340
purT	12	11	1725	2664
eda	44	32	1312	2152
edd	19	25	1358	1685
zwf	107	102	7329	9929
yebK	79	75	635	809
pykA	237	224	2993	4126
lpxM	23	18	733	980
yebA	59	70	4992	6944
znuA	77	86	27900	39283
znuC	16	11	830	1048
znuB	20	22	621	866
ruvB	24	36	538	842
ruvA	34	37	419	609
yebB	2	3	13	25
yebC	51	62	3772	5296
aspS	101	124	4577	6751
yecE	9	16	160	225
yecO	10	12	441	590
yecP	5	8	552	784
torY	2	4	44	43
cutC	48	144	404	692
argS	69	80	3319	4773
flhA	25	23	1499	2235
flhB	11	11	909	1329
cheZ	57	68	4530	7035
cheB	39	43	4259	5290
cheR	34	40	2204	3132
tap	176	192	10187	14033
tar	276	290	16618	22064
cheA	164	198	14148	20066
motB	48	59	3502	4511
motA	83	96	4248	5905
otsA	345	392	828	1090
otsB	239	258	366	554
araH	210	213	152	169
araG	239	282	115	194
araF	336	333	84	87
tyrP	27	35	328	459
yecA	119	114	1441	1890
uvrC	41	33	1678	2427
uvrY	45	55	1943	2591
sdiA	69	70	346	478
yecC	20	46	577	854
yecS	22	32	381	573
yedO	134	111	1151	1627
fliY	1271	1352	14583	20634
fliA	126	137	9821	12939
fliD	63	73	5223	5758
amyA	150	167	1538	1992
yedE	37	43	691	905
fliF	32	38	3687	4903
fliG	37	30	2742	3950
fliH	16	19	1459	2275
fliI	7	13	1177	1644
fliM	18	9	2189	2928
fliP	2	1	348	506
fliR	5	5	215	264
rcsA	8	2	531	713
yedP	448	455	194	240
yedQ	140	162	291	370
yedI	114	154	541	737
yedA	3	3	36	40
dcm	11	6	913	1324
yedJ	17	7	354	509
hchA	337	372	309	350
yedW	9	15	411	583
yedZ	20	24	78	84
yodA	18	28	25725	34581
yeeI	250	225	697	913
shiA	29	30	1054	1539
amn	26	21	803	876
yeeN	10	16	3693	4980
yeeO	40	35	110	147
cbl	13	13	804	1080
nac	13	18	108	121
erfK	609	638	418	552
cobS	21	20	513	692
yeeA	44	43	260	391
dacD	20	19	287	360
yeeE	50	41	3830	5203
yeeF	16	23	5410	8007
yeeY	191	200	128	241
yeeZ	442	462	931	1338
hisG	14	19	1559	1987
hisD	11	17	1119	1466
hisC	13	19	861	1262
hisB	16	31	1741	2315
hisA	16	18	1259	1907
hisF	17	15	1097	1593
ugd	16	28	323	409
gnd	296	299	30300	44212
galF	99	97	8064	11472
wcaL	3	1	17	45
wcaK	0	2	34	31
wzxC	1	1	24	31
wcaJ	0	1	26	27
cpsG	1	3	35	67
cpsB	1	1	58	64
fcl	0	0	70	58
gmd	0	0	87	126
wcaE	0	0	18	22
wcaD	4	1	37	42
wcaC	1	1	31	67
wcaA	1	1	16	26
wzc	2	0	47	64
wza	0	2	30	20
yegH	123	136	500	706
asmA	60	67	1413	1963
udk	2	6	434	539
yegL	0	2	24	34
mdtA	9	6	85	100
mdtB	10	9	144	211
mdtC	7	12	144	216
baeS	5	7	61	124
baeR	15	18	183	225
yegQ	13	20	659	830
yegS	57	58	154	189
gatD	54	70	981	1399
gatZ	5889	6069	24870	33291
gatY	7161	6805	23621	32651
fbaB	464	548	1782	2482
yegT	6	2	66	99
yegU	4	3	88	124
yegV	2	5	74	105
yegW	9	14	155	201
yegX	4	8	253	337
thiD	17	14	770	1122
thiM	17	11	1542	2049
rncA	2	3	58	63
yehA	2	5	18	27
yehC	0	0	5	3
mrp	93	101	3858	5419
metG	21	22	2238	3022
yehL	0	0	1	3
yehP	1	4	11	10
yehT	9	15	281	389
yehU	33	39	609	661
mlrA	20	28	95	150
yehW	6	1	48	54
yehX	10	9	56	112
yehY	8	6	59	98
yehZ	86	105	143	249
bglX	55	62	1742	2680
dld	85	111	2850	4061
pbpG	17	13	638	835
yohF	97	116	93	113
dusC	4	6	183	251
yohK	34	59	48	69
cdd	75	90	122	213
sanA	5	5	165	226
yeiT	20	31	50	69
yeiA	36	39	79	99
mglC	23	43	253	326
mglA	45	62	613	763
mglB	324	324	1277	1830
galS	22	35	66	116
yeiB	3	5	380	517
folE	6	6	2077	2358
frmC	32	46	1242	1636
cirA	31	36	2852	4167
lysP	105	109	4691	6423
yeiE	114	101	344	422
yeiH	34	42	152	188
nfo	9	13	731	880
yeiJ	3	4	19	37
rihB	3	3	5	7
yeiL	3	8	18	21
yeiC	2	0	13	10
fruA	296	302	908	1593
fruK	94	110	463	703
fruB	51	59	449	732
setB	1	5	36	57
yeiQ	64	64	232	278
yeiR	0	1	267	366
yeiU	2	1	316	411
rtn	14	17	364	426
yejB	1	4	77	125
yejE	3	4	112	147
yejF	23	23	449	622
bcr	37	37	389	515
rsuA	9	9	625	787
yejH	3	3	88	110
yejK	25	23	1814	2569
yejM	30	43	934	1181
narP	43	42	878	1383
ccmH	4	1	145	229
ccmF	2	7	182	289
ccmC	0	5	90	134
ccmB	1	4	56	75
ccmA	24	30	125	132
napC	18	28	149	254
napH	1	1	39	55
napG	1	1	24	42
napA	8	12	177	343
mqo	10	6	1291	1916
yojI	6	10	1350	1803
alkB	8	13	34	25
ada	38	45	95	129
yojL	0	3	130	174
rcsB	178	228	3931	5079
rcsC	48	35	1365	1834
yfaP	11	6	12	18
yfaQ	8	6	31	79
yfaT	0	0	5	11
gyrA	108	104	12108	18568
ubiG	7	9	529	690
nrdA	24	30	2492	3217
nrdB	38	46	1926	2959
inaA	31	35	596	690
glpQ	2138	2294	3567	5236
glpT	2195	2278	3546	4804
glpA	2431	2295	515	837
glpB	1280	1185	328	463
glpC	776	809	209	317
yfaY	30	24	525	798
ais	2	2	17	27
yfbE	16	24	104	117
yfbF	1	2	36	36
yfbG	6	6	113	168
yfbH	3	0	33	64
arnT	41	46	55	64
menE	13	6	345	585
menC	15	19	446	790
menB	21	30	929	1513
yfbB	8	6	329	425
menD	21	27	286	426
menF	26	14	517	677
elaC	4	4	330	453
nuoN	52	98	1201	2153
nuoM	29	34	1414	2265
nuoL	105	146	2740	4413
nuoH	78	76	2528	3724
nuoG	253	298	8174	12737
nuoF	89	131	3729	5934
nuoC	180	217	4949	7006
nuoB	209	188	2357	3295
lrhA	546	678	1112	1785
yfbQ	18	27	775	1179
yfbS	62	57	195	310
yfbT	161	158	1631	2375
ackA	538	515	1766	2341
pta	189	154	2411	3531
yfcF	14	12	167	182
yfcG	98	100	40	63
yfcH	390	456	844	1249
hisP	6	11	924	1298
hisM	13	8	717	908
hisQ	35	35	1325	1746
hisJ	217	206	7200	9659
purF	23	23	3840	5623
dedD	105	124	623	1007
folC	124	154	1465	2166
accD	126	140	5926	8958
truA	85	85	835	1161
usg	21	15	935	1442
pdxB	27	35	1552	2525
flk	4	4	440	614
yfcJ	2	1	101	155
fabB	236	233	3667	5649
trmC	15	11	468	662
yfcA	8	4	525	654
mepA	7	7	483	845
aroC	25	23	2456	3529
prmB	17	16	1828	2611
yfcY	370	411	140	190
fadL	444	446	904	1022
vacJ	145	189	1738	2647
yfdC	84	98	62	95
dsdA	15	19	229	277
emrY	2	3	30	22
emrK	22	43	33	44
evgA	5	13	1016	1464
yfdE	77	81	21	45
yfdV	1	4	12	18
oxc	0	0	34	45
frc	0	1	37	50
yfdX	1	5	21	36
ddg	0	0	117	102
yfdZ	48	63	633	1057
ypdA	68	59	323	420
ypdB	83	74	335	509
ypdC	15	20	76	96
ypdD	2	3	61	85
ypdE	0	1	21	32
ypdF	0	3	17	26
ypdG	2	1	11	15
glk	111	119	930	1358
yfeO	49	51	115	157
mntH	1100	1180	789	1013
nupC	22	22	870	1286
yfeA	19	21	674	868
gltX	66	77	7044	9991
yfeR	16	10	121	171
yfeH	53	61	430	627
ligA	76	78	1112	1669
zipA	319	418	3636	5251
cysZ	35	35	264	361
cysK	188	248	29380	42910
ptsI	2256	2488	36131	51724
pdxK	23	30	732	1140
cysM	19	25	3830	5320
cysA	27	28	2449	3554
cysW	8	10	1307	1880
cysU	6	17	1241	1759
cysP	18	27	2583	4032
ucpA	1703	1554	815	1085
yfeT	10	6	72	148
yfeU	28	29	47	85
murP	34	30	78	104
murQ	24	23	80	121
yfeX	47	59	1556	2243
amiA	48	44	785	1195
hemF	4	14	231	373
yfeG	4	7	91	148
eutL	5	4	118	156
eutC	7	10	127	206
eutB	44	51	628	937
eutA	0	2	8	11
eutH	7	11	14	26
eutG	1	0	11	25
eutJ	3	0	7	8
eutE	2	2	21	22
eutI	4	3	23	28
eutT	2	3	7	17
eutQ	1	9	8	20
maeB	558	600	5605	7960
talA	323	369	940	1345
tktB	607	699	1495	2276
ypfG	15	25	186	234
aegA	5	7	76	142
narQ	24	21	197	274
acrD	7	17	124	224
dapE	164	230	1015	1382
ypfH	105	91	291	435
ypfJ	675	709	1029	1399
purC	18	30	4750	7522
nlpB	106	129	4616	7212
dapA	128	149	7035	10061
hyfA	1	0	0	1
hyfC	0	1	11	13
hyfD	2	3	11	17
hyfE	0	1	10	15
hyfG	7	7	32	48
hyfI	1	4	14	19
perM	7	17	326	435
yfgC	53	69	1526	2035
hda	4	5	996	1422
uraA	9	14	3279	5099
upp	13	14	6661	8778
purM	30	26	2878	4784
purN	6	9	1100	1589
ppk	101	87	1347	1624
ppx	23	31	1097	1541
yfgF	7	13	73	102
guaA	38	50	8514	13991
guaB	18	14	6107	9202
xseA	5	7	813	1013
der	92	101	2589	3569
yfgL	135	181	3439	5264
yfgM	38	40	2204	3269
hisS	96	100	5345	7466
ispG	350	414	2395	3341
yfgA	380	373	1612	2076
yfgB	43	51	1398	1857
pbpC	6	5	83	143
sseA	469	459	578	766
sseB	17	13	749	1197
pepB	55	58	1816	2678
hscA	36	43	2551	3988
iscS	414	469	5579	7794
yfhQ	54	69	968	1575
suhB	16	14	2136	2840
yfhR	5	6	26	37
hcaT	65	72	106	141
hcaR	78	89	474	633
hcaE	13	9	123	186
hcaB	3	0	23	62
yphB	11	5	74	97
yphC	4	3	58	92
yphD	6	4	21	34
yphE	6	13	25	35
yphF	10	14	18	37
yphH	28	23	328	464
glyA	108	128	26485	39053
hmp	69	76	498	925
yfhA	2	9	544	787
yfhG	18	14	295	377
yfhK	60	70	491	659
yfhD	5	11	322	449
yfhB	37	39	328	526
yfhH	10	2	180	269
pdxJ	29	36	1428	2170
recO	36	31	617	917
era	164	188	1913	2607
rnc	193	286	1574	2080
lepB	90	121	1979	2825
lepA	80	117	4172	6390
rseB	73	81	1354	1878
rseA	1433	1390	3763	5640
yfiC	4	3	287	427
srmB	15	13	616	837
yfiE	15	17	147	257
ung	22	14	789	1042
yfiF	50	55	1446	1962
yfiP	3	3	143	150
yfiQ	1036	1104	619	859
pssA	364	353	2818	3655
kgtP	1774	1891	11109	14316
clpB	956	1016	7236	11636
yfiH	13	9	503	712
rluD	62	71	1408	1768
yfiO	65	66	5919	7482
pheA	33	25	3375	4150
tyrA	77	63	3246	4547
aroF	98	130	5827	7532
yfiN	2	7	130	175
trmD	262	303	35920	48359
ffh	136	143	2626	3986
ypjD	7	7	349	455
yfjD	14	11	704	949
yfjB	15	23	331	432
recN	104	138	519	664
gabT	286	435	125	207
gabP	32	30	50	72
csiR	44	67	156	235
nrdF	8	5	114	124
proV	5	12	1399	1691
proW	6	9	366	519
proX	12	9	1020	1279
ygaZ	19	13	714	1035
emrA	6	10	617	861
emrB	53	47	365	557
gshA	165	177	3539	5098
alaS	150	176	17716	25082
recA	554	493	5053	7480
mltB	4	5	159	199
srlE	8	9	22	22
srlD	15	19	104	143
srlR	27	21	299	422
gutQ	18	20	203	334
norV	4	7	64	96
norW	1	1	31	27
ascG	9	11	646	907
ascF	19	24	63	92
hycG	3	2	36	56
hycE	0	1	19	21
hycD	0	1	8	9
hycC	0	0	5	15
hycB	0	0	1	4
hypB	4	4	58	104
hypD	21	16	280	408
hypE	21	24	101	172
fhlA	25	22	103	122
mutS	9	11	981	1535
ygbI	42	54	397	476
ygbJ	41	42	35	46
ygbK	23	29	47	80
ygbL	4	5	28	49
ygbM	4	7	34	49
ygbN	7	10	66	94
nlpD	2512	2666	26066	35717
pcm	57	63	819	1126
surE	28	37	807	1146
truD	54	55	1614	2252
ispD	5	11	582	909
cysC	6	19	2022	2938
cysN	57	77	7554	11395
cysD	14	29	5250	7397
iap	7	11	290	414
cysH	27	35	5027	7259
cysI	38	68	9208	14204
cysJ	22	27	7565	11203
ygcQ	2	2	24	56
ygcR	1	0	18	16
ygcS	0	2	16	18
ygcU	2	2	27	35
ygcW	2	1	2	4
yqcE	1	3	44	48
ygcF	498	470	688	928
eno	1620	1848	37245	59259
pyrG	999	973	8532	12711
mazG	74	69	901	1204
relA	127	137	2947	4130
barA	18	21	762	1052
gudD	20	23	130	235
gudX	7	20	65	98
gudP	21	14	12	24
truC	4	3	208	325
queF	13	17	875	1144
ygdH	262	268	739	849
sdaC	34	41	641	856
sdaB	16	13	268	487
exo	6	7	145	211
fucO	59	79	117	142
fucA	19	17	32	51
fucP	17	19	26	30
fucI	23	19	46	82
fucK	12	15	144	181
fucR	22	27	386	469
ygdE	47	43	623	943
gcvA	32	29	399	528
csdA	9	15	384	508
ygdL	19	13	381	616
mltA	46	43	972	1354
amiC	17	13	756	1314
argA	33	39	4819	7010
recD	36	28	687	1125
ptr	26	23	1333	1976
recC	31	45	1049	1368
thyA	8	10	1306	1721
lgt	5	11	827	1133
ptsP	65	47	2443	3425
mutH	12	16	171	224
ygdQ	7	9	163	181
tas	50	60	841	1161
ygeD	23	30	247	292
aas	31	34	902	1255
galR	23	32	337	419
lysA	14	13	1444	2143
lysR	4	4	68	104
ygeA	13	22	453	602
araE	34	48	142	210
kduD	11	9	103	120
kduI	13	16	67	97
yqeF	149	185	740	992
yqeG	8	8	51	85
yqeH	3	2	34	51
yqeI	1	1	56	101
ygeH	2	4	13	32
ygeR	38	55	624	755
xdhA	13	12	49	80
xdhB	1	8	23	39
ygeV	542	614	113	157
ygeW	2	2	14	12
ygeX	2	5	25	28
ygeY	0	3	33	29
hyuA	2	3	44	44
yqeA	30	26	68	109
yqeB	155	190	83	140
yqeC	98	83	15	32
ssnA	2	4	16	18
ygfM	1	5	21	37
xdhD	26	22	101	154
ygfO	48	68	100	110
guaD	12	13	188	227
ygfT	10	16	44	61
ygfU	3	4	8	13
lysS	83	86	6442	9330
prfB	31	35	4958	6533
recJ	32	19	1245	1913
dsbC	37	42	1316	1769
xerD	74	61	1001	1359
ygfZ	155	155	1495	2160
yqfA	94	132	380	440
bglA	94	96	2453	3565
ygfF	3	7	102	135
gcvP	23	22	2840	4698
gcvT	26	25	1878	2782
visC	16	22	982	1366
serA	123	118	35610	51539
rpiA	94	89	3076	4474
argP	46	44	665	945
yliK	4	7	47	80
argK	3	2	21	25
ygfG	1	1	38	37
ygfH	5	7	56	76
ygfI	8	11	73	115
yggE	144	149	1221	1828
argO	7	3	254	308
mscS	23	22	2498	4019
fbaA	480	533	19427	28689
pgk	861	951	17603	25594
epd	200	238	3669	5143
yggF	11	16	42	41
cmtA	0	0	13	18
tktA	104	105	5810	7720
yggG	454	481	801	1069
speB	56	57	1066	1598
speA	836	810	8480	12436
metK	47	60	8253	11750
galP	5	4	593	802
endA	10	9	36	47
yggJ	21	12	443	634
gshB	47	60	1245	1656
yggS	11	16	440	659
yggW	0	5	515	695
yggM	3	4	65	90
ansB	13	13	81	127
yggN	40	36	920	1278
yggH	57	57	2462	3102
mutY	10	13	848	1219
mltC	10	10	777	900
nupG	158	184	221	310
yqgA	8	12	51	89
yghK	23	36	65	102
glcF	38	57	157	231
glcD	68	87	54	62
glcC	455	453	203	291
ECIAI1_3132	0	1	120	139
yghR	0	0	5	14
yghS	1	1	10	18
yghT	1	0	7	10
pitB	3	6	36	58
gss	27	34	2006	2912
yghU	57	55	773	1091
hybC	36	30	391	596
hybB	3	2	67	117
hybA	8	7	53	93
hybO	11	22	71	117
yghZ	585	597	251	360
yghA	58	83	99	124
exbB	61	59	4012	5685
metC	36	26	3015	4178
yghB	123	110	300	439
yqhC	42	43	249	287
yqhD	34	44	536	843
dkgA	323	304	279	360
yqhG	17	22	55	80
ygiQ	15	18	861	1106
sufI	34	38	595	838
plsC	29	30	540	692
parC	56	44	2360	3476
qseB	2	3	57	88
parE	44	43	1727	2748
cpdA	326	358	986	1425
nudF	25	30	910	1095
tolC	131	144	4052	5235
ygiC	120	109	2041	2735
ygiE	232	211	513	752
ribB	361	356	2055	2612
yqiJ	10	6	26	31
yqiK	5	3	33	60
rfaE	40	57	2119	3156
htrG	13	11	362	481
cca	30	37	481	801
bacA	36	38	848	1234
plsY	26	26	268	363
ygiP	0	7	76	87
ttdA	0	2	12	12
ttdB	0	0	9	5
ygjE	3	1	63	98
gcp	22	24	638	855
dnaG	235	241	2434	3273
rpoD	1940	1969	6541	9813
yqjH	4	7	244	382
yqjI	26	19	188	322
aer	64	64	2287	3009
ygjG	1076	1160	517	805
ebgR	3	3	97	119
ygjI	2	2	14	8
ygjJ	0	0	6	9
ygjK	6	6	46	44
ygjO	6	7	242	348
ygjQ	0	1	22	22
ygjR	571	682	317	433
alx	1	2	65	104
sstT	865	943	914	1538
uxaA	50	40	239	345
uxaC	50	37	247	322
exuT	48	41	55	74
exuR	186	200	936	1219
yqjA	148	159	623	839
yqjG	237	250	304	398
yhaJ	8	14	851	1177
yhaK	7	13	38	60
yhaM	6	5	95	140
yhaO	5	7	50	79
tdcG	10	6	56	84
tdcE	30	39	318	472
tdcD	1	2	33	35
tdcC	6	11	90	141
tdcB	0	3	13	12
tdcA	6	6	6	8
garK	142	171	150	166
garR	159	161	87	143
garL	56	70	21	16
garP	58	75	7	6
garD	86	90	74	109
agaR	34	37	1075	1437
kbaZ	8	7	28	40
agaS	3	3	21	22
kbaY	1	1	14	17
agaC	0	0	13	10
agaD	3	2	7	19
agaI	0	0	20	25
yraI	0	0	10	16
yraL	14	19	537	789
yraQ	47	47	759	1153
yraR	196	188	83	148
yhbU	1	0	61	90
yhbV	4	2	28	71
yhbW	8	13	204	327
mtr	86	69	272	413
deaD	70	77	2393	3284
nlpI	263	387	7190	9228
pnp	291	481	13630	19469
truB	24	25	1656	2491
infB	195	216	19838	28430
nusA	160	149	6907	9729
argG	96	111	15789	23469
yhbX	15	25	118	181
glmM	93	107	3474	5330
folP	11	20	836	1265
ftsH	1578	1768	12191	18771
rrmJ	599	681	3077	4170
dacB	2	3	254	315
obgE	680	703	1721	2480
yhbE	157	168	1246	1639
ispB	64	96	1713	2326
murA	26	21	3814	5074
yrbC	130	117	1824	2855
yrbE	56	80	1088	1589
yrbF	100	107	2145	3002
yrbG	21	22	415	552
kdsD	18	38	1748	2269
lptB	89	93	1554	2246
rpoN	158	200	5556	7343
yhbJ	31	35	1503	1901
yrbL	757	760	3322	4844
mtgA	62	54	650	900
elbB	77	75	722	1205
arcB	250	228	1445	1841
yhcC	2	3	22	46
gltB	93	91	29527	44479
gltD	32	57	16077	24852
nanE	19	18	26	48
nanT	33	30	39	51
nanA	15	16	86	137
nanR	26	16	675	911
dcuD	1	6	36	41
sspA	131	155	2752	4417
degQ	60	68	1242	1782
degS	12	18	525	722
mdh	546	651	18029	25462
aaeB	8	13	76	91
aaeA	4	10	162	204
aaeR	13	15	161	220
tldD	163	221	1601	2572
rng	52	51	1977	2884
mreC	14	14	868	1348
mreB	40	33	2843	4132
csrD	88	97	746	1058
yhdH	227	196	658	1012
accC	88	110	7848	12026
panF	13	23	261	359
prmA	40	36	703	1022
dusB	71	72	7192	10040
yhdJ	5	3	60	82
envR	0	0	16	42
acrE	0	0	9	29
acrF	21	29	211	277
aapQ	13	12	30	67
aapP	3	5	125	127
aroE	75	77	1010	1338
smf	231	248	694	962
fmt	684	598	1999	2669
rsmB	49	73	1032	1544
trkA	156	145	1023	1369
rpoA	700	830	63750	99111
rpsD	436	537	56084	79228
secY	1731	2117	62194	94262
rpsC	364	444	43710	65367
rplB	312	383	43190	65015
rplD	263	259	27394	44924
rplC	282	319	43073	66164
tufA	1962	2224	159018	235885
fusA	2055	2370	134798	196610
yheO	28	27	1315	1806
fkpA	169	215	6371	8509
kefB	70	70	487	707
yheS	21	32	885	1163
yheT	25	23	221	347
prkB	60	46	520	636
crp	164	220	5196	7214
yhfK	10	13	943	1463
argD	32	36	6085	9503
fic	696	649	185	219
tsgA	10	9	228	310
nirB	5	7	99	184
nirC	4	0	67	134
cysG	23	36	650	939
frlA	5	1	20	23
frlB	5	3	12	24
frlC	2	3	35	50
frlD	5	11	34	69
frlR	17	9	141	210
yhfS	8	4	38	53
yhfT	1	0	29	43
php	2	5	28	30
yhfZ	51	59	207	287
trpS	74	75	4400	6398
gph	15	10	1427	2014
rpe	12	14	1177	1640
dam	8	15	913	1203
aroB	70	99	5148	7190
hofQ	4	2	53	90
yrfD	3	4	66	84
mrcA	21	21	1347	1906
igaA	42	31	695	1017
yrfG	37	35	526	839
hslO	80	83	976	1573
pck	1671	1594	1424	2140
envZ	57	60	508	770
ompR	198	188	840	1082
yhgF	12	19	2486	3912
feoB	38	53	1106	1915
yhgA	2	1	105	166
bioH	9	15	261	393
gntX	8	10	191	219
gntT	43	57	232	440
malQ	43	54	1363	1856
malP	44	44	2117	2646
malT	1449	1356	4672	6637
rtcB	108	108	133	195
glpG	23	18	1090	1398
glpD	17482	16836	17703	25954
glgP	342	383	4766	7505
glgA	194	231	2495	3903
glgC	289	332	3777	5434
glgX	300	348	3035	4569
glgB	142	202	5762	8874
asd	180	217	18393	27357
gntU	8	9	86	185
gntR	36	30	382	491
yhhW	24	23	212	314
yhhX	122	137	818	1191
yhhZ	1	0	6	12
ggt	5	7	182	300
ugpC	24	47	162	226
ugpE	8	10	41	52
ugpA	9	9	21	24
ugpB	1399	1573	514	664
livF	15	17	3635	5092
livG	7	19	2942	4135
livM	30	25	3577	5841
livH	24	27	3000	4862
livK	91	95	10480	14682
livJ	256	250	30391	41741
rpoH	419	412	2459	3999
ftsX	127	134	978	1568
ftsE	59	62	701	1027
ftsY	98	120	3505	4730
yhhN	37	38	112	195
yhhQ	7	5	101	136
yhhS	11	10	188	258
yhhT	87	111	103	139
nikA	1	1	22	35
nikB	0	0	13	28
nikC	1	0	12	18
nikD	0	0	23	29
nikE	2	6	13	31
yhhI	21	34	65	125
yhhJ	44	36	491	681
rbbA	53	63	1150	1933
yhiI	188	213	1397	2342
yhiM	11	9	54	60
yhiN	69	63	616	856
pitA	153	179	2525	3542
yhiP	142	158	117	146
yhiQ	17	36	224	366
prlC	220	278	1908	3084
yhiR	4	6	201	279
gor	57	55	1486	2257
arsB	13	17	59	71
yhiD	4	5	36	56
mdtE	4	2	17	25
mdtF	18	9	175	229
gadW	12	24	291	403
gadX	96	121	498	801
gadA	86	98	312	492
yhjA	10	12	79	99
treF	165	168	241	341
yhjB	10	14	77	118
yhjC	9	7	146	221
yhjD	253	233	153	238
yhjE	29	37	3702	5614
yhjG	185	205	1603	2188
yhjH	35	48	3962	5340
kdgK	21	20	683	1032
yhjJ	9	20	724	1023
dctA	269	321	317	415
yhjK	38	25	460	618
bcsC	79	83	352	481
bcsZ	0	1	53	66
bcsB	2	1	66	93
bcsA	6	9	73	109
bcsE	57	66	1039	1347
bcsG	12	12	261	341
yhjV	2	8	307	401
dppF	16	12	1111	1765
dppD	18	21	1028	1491
dppC	25	27	825	1349
dppB	18	25	944	1440
dppA	549	696	12379	16311
eptB	3	14	233	296
yhjX	4	8	25	27
yhjY	190	173	261	363
yiaD	4	7	264	375
tiaE	17	18	1607	2251
yiaF	202	249	2806	4111
glyS	121	112	8261	12842
glyQ	66	75	4284	6655
yiaH	8	10	108	126
xylB	96	100	227	298
xylA	127	153	162	201
xylF	14	18	23	29
xylG	10	19	101	153
xylH	28	23	71	73
xylR	10	13	211	307
bax	187	195	2949	3801
avtA	15	21	1581	1919
yiaJ	17	8	306	484
yiaK	7	6	9	13
yiaN	0	2	11	5
yiaO	0	0	4	8
sgbH	1	2	10	12
sgbU	2	1	25	17
sgbE	3	2	13	28
yiaT	42	41	54	47
yiaU	27	28	87	138
yiaV	11	12	32	40
aldB	966	1058	47	69
yiaY	2	3	7	15
selB	16	19	1567	2378
selA	8	18	642	917
yibF	15	33	178	253
yibH	52	44	54	69
mtlA	1390	1427	1041	1786
mtlD	457	557	921	1294
lldP	43	38	148	186
lldR	14	23	120	168
lldD	7	18	161	274
cysE	116	93	784	953
gpsA	115	153	1857	2752
gpmI	78	94	4611	6532
envC	10	8	1075	1601
yibQ	2	2	316	455
yibD	1	0	37	35
tdh	83	108	404	540
kbl	147	195	369	646
waaD	97	95	2520	3405
waaF	22	31	1482	2109
kdtA	20	19	406	624
mutM	8	9	296	399
yicR	53	37	940	1327
dfp	11	7	754	816
pyrE	6	6	132	185
yicC	28	31	1685	2311
yicG	1	2	32	32
ligB	12	9	71	124
gmk	185	246	2644	3414
spoT	44	40	2913	4275
trmH	0	4	484	631
gltS	79	103	182	288
yicE	22	14	949	1271
yicH	270	268	1016	1426
yicI	11	10	101	177
yicJ	4	8	40	41
setC	0	3	11	15
yicL	32	27	500	605
nlpA	49	51	3002	4060
yicM	4	2	114	170
uhpT	817	1106	895	1796
uhpC	2	1	94	140
uhpB	2	4	166	311
ilvB	48	66	3058	4252
emrD	5	4	6	9
yidJ	1	2	33	39
yidK	4	0	13	18
yidL	10	10	49	62
yidP	0	2	14	30
yidE	116	125	543	759
yidR	11	13	326	431
cbrA	1	2	16	28
dgoT	2	9	25	35
dgoD	16	25	31	52
dgoA	6	8	18	25
dgoR	56	53	184	301
yidX	19	21	163	248
yidA	11	7	580	761
gyrB	186	220	4943	7133
recF	2	6	643	832
dnaN	41	47	1302	1826
dnaA	47	66	2022	2946
yidC	58	71	5730	8032
trmE	14	16	646	904
tnaA	24	30	82	91
tnaB	10	7	27	25
mdtL	2	4	27	44
yidZ	31	28	193	216
yieE	10	9	186	266
yieH	5	6	211	251
yieK	6	12	40	95
yieL	1	4	24	37
bglH	4	1	20	35
bglB	2	0	23	52
bglG	0	0	15	15
phoU	11	14	696	1106
pstB	16	12	898	1037
pstA	10	6	219	341
pstC	21	15	336	489
pstS	25	16	1027	1300
glmS	441	433	9530	15498
glmU	333	340	6436	9892
atpD	261	294	17790	27349
atpG	109	159	14162	18495
atpA	288	360	31168	47074
atpB	148	155	16653	21903
gidB	11	9	425	570
gidA	25	33	2031	2883
asnA	19	18	608	907
yieM	13	13	309	414
ravA	40	52	260	378
trkD	34	26	651	833
rbsA	89	119	593	904
rbsC	68	92	412	610
rbsB	255	378	2861	3898
rbsK	25	41	784	1030
rbsR	7	5	199	247
hsrA	9	8	182	237
yieP	38	38	700	1002
hdfR	20	27	502	708
yifB	5	3	210	277
ilvE	17	13	2340	3412
ilvD	34	20	2200	3304
ilvA	16	23	1039	1654
ilvY	30	34	156	217
ilvC	160	183	50213	75232
rep	13	8	856	1155
gpp	36	35	979	1160
rhlB	152	180	2842	3538
rho	104	131	3366	3879
rfe	38	40	1540	2236
wzzE	18	10	958	1465
rffE	10	4	1020	1543
rffD	12	8	1004	1412
rffG	9	9	735	1026
rffH	11	16	414	574
rffC	1	2	295	406
rffA	20	22	566	790
wzxE	20	26	469	694
rffT	11	9	306	446
wzyE	13	13	265	347
rffM	12	13	397	527
yifK	169	209	1410	2055
hemY	41	57	1329	1975
hemX	66	76	1606	2255
hemD	28	27	626	708
hemC	129	118	577	826
cyaA	265	270	4550	5944
dapF	25	26	1111	1696
yigA	4	4	680	1012
xerC	3	5	1069	1450
yigB	9	7	593	794
uvrD	27	24	838	1244
yigE	1	1	47	72
corA	45	36	960	1391
rarD	4	5	158	201
pldA	19	12	995	1425
recQ	3	7	666	977
rhtC	7	4	403	580
rhtB	7	8	287	397
pldB	21	25	779	1103
yigL	7	8	454	633
yigM	2	2	124	150
metR	6	13	344	510
ysgA	57	56	726	1071
udp	69	99	806	1280
rmuC	56	48	328	429
ubiE	41	51	1497	2070
yigP	34	40	341	538
ubiB	34	37	1246	1776
tatC	6	11	853	1264
tatD	8	6	278	417
ubiD	224	267	1945	2855
fre	158	206	1350	2032
fadA	247	250	108	157
fadB	752	829	220	275
pepQ	142	133	3657	5104
yigZ	24	27	405	628
trkH	50	60	706	982
yihE	17	16	1533	2007
dsbA	71	50	3608	5027
yihG	0	0	127	171
polA	266	269	3180	4311
hemN	39	34	976	1399
glnG	61	61	635	968
glnL	40	40	538	737
glnA	40	50	6752	8620
bipA	119	135	13873	21448
yihL	2	4	108	156
yihM	2	6	152	194
yihN	2	1	47	68
ompL	0	0	13	9
yihO	2	8	32	32
yihP	2	3	28	43
yihQ	1	5	28	26
yihS	5	13	64	92
yihT	2	5	30	44
yihU	2	1	16	12
yihV	22	23	47	58
yihW	34	36	291	398
rbn	62	64	412	578
yiiD	33	36	1211	1762
fdhE	29	44	338	500
fdoI	66	106	135	154
fdoH	149	183	135	212
fdoG	1205	1463	1626	2231
fdhD	88	78	325	539
frvB	3	1	15	29
rhaD	0	1	13	27
rhaA	2	0	14	28
rhaS	29	23	29	41
rhaR	7	14	37	49
sodA	336	345	32206	37809
kdgT	14	20	95	121
yiiM	86	97	402	523
cpxA	51	39	1537	2257
cpxR	44	47	1681	2433
fieF	78	84	1321	1750
pfkA	475	515	4770	7143
sbp	7	16	1225	1595
cdh	1	1	232	327
tpiA	110	128	8947	13466
fpr	27	24	1012	1357
glpX	161	176	604	868
glpK	8173	8684	10067	14086
glpF	6492	6722	2347	2677
menA	5	4	477	668
hslU	232	231	3096	4503
ftsN	66	58	766	1072
cytR	17	18	693	859
yiiX	2	5	235	351
metB	20	13	1863	2135
metL	31	46	1833	2988
metF	32	39	5735	8489
katG	286	325	4861	7665
yijE	6	3	90	117
yijF	0	0	12	19
gldA	43	42	103	191
fsaB	5	4	33	44
ptsA	13	18	25	42
frwC	11	2	12	17
pflD	15	8	74	126
pflC	2	0	24	53
yijO	1	2	60	53
yijP	23	34	1020	1237
ppc	102	105	9389	13235
argE	60	80	2380	3492
argC	27	23	3400	4794
argB	17	19	2756	4113
argH	47	50	4691	7738
oxyR	41	39	1280	1887
sthA	123	133	1071	1366
fabR	64	65	1629	2173
trmA	137	159	813	1097
btuB	55	39	2290	3049
murI	10	9	230	362
murB	17	34	2073	2802
birA	24	19	766	1033
coaA	9	18	1132	1500
tufB	1930	2155	149249	226426
rplA	327	367	26843	40361
rpoB	756	862	36343	53371
rpoC	873	1003	36523	59020
thiH	18	19	3028	4179
thiG	6	17	1439	2048
thiF	13	18	1557	2284
thiE	18	18	1332	2005
thiC	65	54	5570	7354
nudC	54	44	547	767
hemE	29	26	726	1051
nfi	3	2	279	461
yjaH	6	7	438	581
zraR	41	27	240	364
purD	17	15	1663	2648
purH	11	13	1839	2800
metA	55	71	3174	4665
aceA	1175	1147	14563	22214
aceK	492	555	2420	3354
iclR	40	23	973	1201
metH	154	176	7792	10602
yjbB	67	62	318	489
pepE	11	13	84	157
yjbC	19	19	644	854
lysC	21	30	5476	7951
pgi	200	236	10170	14411
yjbF	0	0	8	12
yjbG	1	0	8	11
yjbH	13	5	57	74
xylE	12	28	73	106
malG	37	50	41	58
malF	14	16	122	143
malE	135	128	1274	1617
malK	30	18	243	271
malM	55	75	159	186
ubiA	173	171	550	769
plsB	145	160	2437	3502
lexA	514	558	1183	1737
dinF	6	11	122	180
yjbM	2	2	7	18
yjbN	7	10	678	938
qor	262	367	757	1110
dnaB	14	12	1450	2046
alr	4	11	544	811
tyrB	37	49	3219	4768
aphA	8	17	148	207
uvrA	65	79	852	1169
yjcC	182	200	131	166
yjcE	22	45	573	866
actP	222	295	134	193
acs	2763	3261	899	1224
nrfA	4	3	60	99
nrfC	0	2	7	6
nrfD	0	0	9	10
gltP	10	15	854	1338
yjcO	28	38	357	440
fdhF	37	21	241	386
yjcQ	5	5	38	35
yjcR	2	1	13	20
phnL	6	8	20	22
phnK	5	2	6	19
phnJ	0	0	2	1
phnI	0	0	1	3
phnF	0	0	3	5
phnD	0	1	3	10
phnC	0	0	0	6
yjcZ	46	43	1487	2231
proP	56	77	3017	4384
basS	31	34	169	198
basR	58	82	99	165
eptA	61	51	63	103
adiC	8	8	13	23
adiY	4	8	12	17
adiA	5	4	50	51
melR	160	154	85	129
melA	114	105	55	92
melB	47	47	86	113
yjdF	8	7	174	235
fumB	24	26	80	110
dcuB	14	12	21	30
dcuR	11	16	308	443
dcuS	24	31	584	729
lysU	21	29	879	1218
yjdL	6	3	95	136
cadA	4	3	95	95
cadB	1	2	3	11
cadC	23	14	50	89
dipZ	6	5	588	798
dcuA	491	521	1836	2532
aspA	5068	5039	977	1374
yjeH	12	18	267	423
groL	789	855	40410	61987
yjeJ	7	5	351	466
yjeK	16	17	671	879
frdB	330	376	166	262
frdA	1141	1238	441	797
poxA	26	28	254	385
yjeP	12	12	575	868
psd	20	21	874	1221
rsgA	34	42	1725	2285
yjeS	83	65	330	438
yjeF	110	119	413	561
amiB	33	36	714	1096
mutL	33	47	954	1293
miaA	620	633	5985	8590
hflX	216	232	5662	7978
hflK	144	137	5095	7364
hflC	111	123	4236	6143
purA	399	432	9093	13210
rnr	814	930	3533	5435
rlmB	46	49	425	706
yjfJ	2	3	14	17
yjfK	1	0	6	13
yjfC	2	2	23	42
aidB	249	268	177	262
yjfP	28	26	187	261
ulaR	25	33	369	488
ulaG	13	24	63	106
ulaA	4	7	20	20
ulaD	4	7	47	86
ulaE	10	5	51	84
ulaF	3	3	44	52
ytfB	207	212	783	1017
fklB	39	31	613	715
cycA	608	684	1383	2226
ytfE	11	10	56	84
ytfF	3	8	42	72
ytfG	11	6	106	135
cpdB	47	47	1021	1367
cysQ	1360	1294	703	1101
ytfL	33	27	166	259
msrA	60	37	274	352
ytfM	19	37	861	1295
ytfQ	887	880	113	142
ytfT	91	142	16	36
yjfF	117	180	41	55
fbp	127	120	832	1130
mpl	31	35	1903	2772
pmbA	129	121	1357	1943
nrdD	872	1156	247	376
treC	5	3	54	91
treB	10	13	56	98
treR	16	11	165	214
mgtA	80	95	5191	6762
pyrB	35	44	9665	13557
yjgI	0	4	40	39
argI	33	40	3997	6088
valS	210	238	8826	13520
pepA	290	288	4109	6436
yjgP	194	223	1340	1925
yjgQ	135	150	817	1234
yjgB	100	110	135	203
yjhT	81	85	168	241
yjhA	13	12	26	45
fimB	1	1	676	861
fimC	3	4	366	472
fimH	11	13	135	176
gntP	27	32	56	90
uxuA	62	51	159	290
uxuB	25	30	186	310
uxuR	123	127	396	622
yjiE	8	13	217	287
iadA	37	51	629	910
yjiH	0	0	23	28
yjiK	6	5	67	81
hgdC	2	7	7	20
yjiM	22	27	40	43
yjiN	34	36	98	140
yjiY	32	46	70	71
tsr	157	163	16027	23175
mdoB	82	117	1527	2089
dnaC	20	21	207	309
yjjP	1	6	39	52
yjjQ	1	1	4	5
bglJ	12	10	196	252
rsmC	10	19	530	743
yjjG	35	32	189	326
prfC	20	14	2587	3758
osmY	725	750	1804	2477
yjjU	23	38	543	849
yjjW	1	3	27	62
yjjI	72	70	67	87
deoC	122	154	240	384
deoA	133	176	326	520
deoB	302	334	1045	1561
deoD	127	181	2084	2904
ytjB	13	19	264	351
serB	8	14	870	1260
radA	21	18	1140	1690
nadR	206	228	1097	1553
slt	96	97	868	1336
ytjC	27	43	575	863
rob	573	616	1125	1544
creB	14	13	569	837
creC	9	3	276	384
arcA	4434	4126	4094	5336
yjtD	22	18	240	290
