	CMCP6_HS1	CMCP6_HS2	CMCP6_YJ016ref_ASW1	CMCP6_YJ016ref_ASW2
VV1_RS00065	1701	1361	2909	3540
VV1_RS00070	653	693	1127	1014
VV1_RS00085	8540	11160	1665	1710
VV1_RS00095	20380	110337	3311	2495
VV1_RS00120	309	668	340	498
VV1_RS00130	54	139	1327	857
VV1_RS00135	71	37	1148	1850
VV1_RS00140	104	45	5978	4608
VV1_RS00145	379	327	308	211
VV1_RS00150	39	47	93	101
VV1_RS00155	15	36	55	76
VV1_RS00160	131	498	1269	1517
VV1_RS00165	350	927	2150	2186
VV1_RS00170	94	690	1820	3027
VV1_RS00180	749	701	7685	5114
VV1_RS00190	836	12066	1453	1008
VV1_RS00195	651	4140	727	502
VV1_RS00205	588	1554	278	460
VV1_RS00210	7558	4616	3368	2162
VV1_RS00230	786	491	204	146
VV1_RS00240	648	656	257	130
VV1_RS00245	556	572	249	256
VV1_RS00255	471	430	115	184
VV1_RS00265	520	804	660	349
VV1_RS00270	726	960	721	505
VV1_RS00285	920	757	577	561
VV1_RS00575	991	601	999	1135
VV1_RS00580	373	362	350	458
VV1_RS00590	80	119	117	46
VV1_RS00595	249	323	107	266
VV1_RS00600	4295	2345	1728	1790
VV1_RS00625	2020	2282	624	493
VV1_RS00630	3260	9244	1472	1060
VV1_RS00635	149	436	324	189
VV1_RS00650	1184	410	925	2507
VV1_RS00690	60865	67243	1633	3335
VV1_RS00705	1709	1200	190	343
ZNUC	2374	2558	1191	809
VV1_RS00715	286	735	272	435
VV1_RS00720	4394	9839	13445	8226
VV1_RS00730	3529	18066	23918	11576
VV1_RS00765	1454	1166	516	487
VV1_RS00770	189	403	341	328
VV1_RS00775	663	2009	474	487
VV1_RS00780	769	2468	649	435
VV1_RS00790	756	2929	1067	1587
VV1_RS00795	4461	3426	1027	1338
VV1_RS00805	638	442	401	468
VV1_RS00830	19768	2868	754	667
VV1_RS00835	8456	24505	19881	15417
VV1_RS00845	3222	5188	2562	2176
VV1_RS00850	5495	3192	1235	2956
VV1_RS00865	195	365	162	139
VV1_RS00885	13800	233553	1005	967
VV1_RS00890	5083	3998	380	357
VV1_RS00925	144	5417	13994	6175
VV1_RS00930	132	5794	6701	4653
VV1_RS00935	894	1899	19132	7696
VV1_RS00945	7736	32701	745	722
VV1_RS00950	14051	5915	4731	2384
VV1_RS00975	3358	3764	1769	1717
VV1_RS00985	11194	3570	1388	620
VV1_RS00995	34710	8862	12418	6515
VV1_RS01005	2403	4876	26835	26646
VV1_RS01020	19228	6325	31174	18640
VV1_RS01080	2619	5913	9083	7268
VV1_RS01085	20632	17648	36890	28525
VV1_RS01110	3945	1172	5158	4181
VV1_RS01115	8109	2845	9576	4710
VV1_RS01155	770	811	2129	1316
VV1_RS01180	266	302	1390	698
VV1_RS01195	4310	3469	2967	2768
VV1_RS01200	2324	2376	3749	2680
VV1_RS01210	302	617	697	756
VV1_RS01235	1179	2451	142	79
UBIF	457	314	265	130
VV1_RS01330	2247	2687	1762	1297
VV1_RS01335	2482	1981	2202	1374
VV1_RS01345	2491	3181	2080	1667
VV1_RS01390	291	427	256	252
VV1_RS01395	465	739	408	219
VV1_RS01400	2073	2746	1029	1327
VV1_RS01415	3200	3415	684	576
VV1_RS01435	346	1868	632	487
VV1_RS01440	304	3824	775	788
VV1_RS01460	550	1235	617	278
VV1_RS01470	666	363	172	140
VV1_RS01485	1681	1153	484	331
VV1_RS01490	3643	5589	5533	6348
VV1_RS01495	12720	25439	186611	125333
VV1_RS01505	20	32	27	9
VV1_RS01510	3248	2768	407	254
VV1_RS01520	1646	1965	273	263
VV1_RS01525	1879	2040	258	269
VV1_RS01530	1762	1686	821	477
VV1_RS01540	2177	3009	4498	4463
VV1_RS01550	1520	6570	6038	4312
VV1_RS01555	1236	5775	3905	2121
VV1_RS01565	210	253	111	115
VV1_RS01580	5134	6675	3245	2107
VV1_RS01585	764	804	532	564
VV1_RS01625	577	220	43	20
VV1_RS01630	6166	5362	877	658
VV1_RS01640	16641	5729	12931	8014
VV1_RS01655	12253	3727	596	540
VV1_RS01660	1033	3262	377	494
VV1_RS01670	543	442	723	1077
VV1_RS01675	1004	2365	403	363
VV1_RS01685	1076	2213	637	382
VV1_RS01715	17437	111994	776	527
VV1_RS01730	255	223	181	160
VV1_RS01745	205	246	531	290
VV1_RS01760	5645	8319	16288	9187
VV1_RS01955	5335	2949	4133	6116
VV1_RS01975	79	67	126	66
VV1_RS01985	133	101	156	174
VV1_RS01990	51	86	80	56
VV1_RS01995	1309	559	321	376
VV1_RS02000	117	226	27	26
VV1_RS02005	500	284	351	263
VV1_RS02010	437	708	9448	10422
VV1_RS02015	2023	1523	764	646
VV1_RS02020	6502	297	4571	2214
VV1_RS02025	672	617	80333	96961
VV1_RS02035	719	355	879	804
VV1_RS02045	1614	2775	764	425
VV1_RS02060	1047	3723	8797	5096
VV1_RS02065	414	338	630	641
VV1_RS02075	4836	2997	1472	1260
VV1_RS02080	1462	1723	601	690
VV1_RS02095	11642	10534	7198	6658
VV1_RS02100	214	323	102	89
VV1_RS02110	6314	3316	2307	3471
VV1_RS02145	1953	926	11056	8525
VV1_RS02155	840	1213	244	167
VV1_RS02160	158	428	327	86
VV1_RS02190	371	653	973	589
VV1_RS02200	4968	4468	3507	2512
VV1_RS02205	15374	4552	1982	2178
VV1_RS02210	2050	2117	1006	699
VV1_RS02215	16500	19707	15975	8689
VV1_RS02225	2333	3451	27163	21338
VV1_RS02240	104	152	328	253
VV1_RS02250	2701	1728	963	1293
VV1_RS02255	1837	2898	2026	1541
VV1_RS02265	3035	6218	3897	3575
VV1_RS02270	1378	4811	19228	9524
VV1_RS02275	1465	4552	8164	6396
VV1_RS02280	208	688	534	466
VV1_RS02290	2881	2928	2522	2391
VV1_RS02300	534	690	463	227
VV1_RS02345	31773	447021	2155	1610
VV1_RS02360	6757	7931	3551	3053
PHEA	2882	1409	342	582
VV1_RS02385	8965	8034	2509	3204
VV1_RS02390	9601	6579	4210	4464
VV1_RS02400	270	1239	1160	748
VV1_RS02410	18801	3311	308	492
VV1_RS02415	6457	1260	98	153
VV1_RS02425	2737	2989	1810	3067
VV1_RS02440	1566	59987	273	226
VV1_RS02445	464	1608	468	451
VV1_RS02450	172	388	89	73
VV1_RS02480	1648	922	1121	915
VV1_RS02500	57	73	3619	1030
VV1_RS02505	992	1053	1737	997
VV1_RS02515	296	1083	303	318
VV1_RS02520	380	1402	444	420
VV1_RS02525	7244	8491	3143	2903
VV1_RS02535	1079	410	1617	1973
VV1_RS02545	7714	2044	2210	2410
VV1_RS02555	22845	10192	4142	7165
VV1_RS02565	6874	1660	605	690
VV1_RS02570	1090	861	330	454
VV1_RS02575	2347	1149	891	713
VV1_RS02590	81	145	97	66
VV1_RS02595	466	307	346	266
VV1_RS02600	1011	813	386	262
VV1_RS02605	9010	3593	1628	1922
VV1_RS02610	388	408	512	355
VV1_RS02625	45759	835	3148	2003
VV1_RS02630	7565	626	604	645
VV1_RS02640	22685	4088	4347	4415
VV1_RS02645	20332	4262	3324	4809
VV1_RS02670	15973	11411	4383	3499
VV1_RS02680	12380	23257	10769	11052
VV1_RS02685	1940	1328	1310	1470
VV1_RS02690	2526	1950	94	103
VV1_RS02720	678	1949	835	750
VV1_RS02730	188	533	76	64
VV1_RS02735	31	186	30	20
VV1_RS02740	144	590	117	108
VV1_RS02745	110	308	51	47
VV1_RS02760	336	517	139	90
VV1_RS02765	3810	1531	367	737
VV1_RS02790	47277	26049	49018	42270
VV1_RS02800	4905	6286	5217	5530
VV1_RS02815	704	1437	745	782
MURF	490	617	250	174
VV1_RS02840	121	347	117	95
VV1_RS02855	5202	4243	3743	3948
VV1_RS02860	9815	3617	2932	3505
VV1_RS02890	9538	7914	6435	9432
VV1_RS02895	6708	9326	6328	6987
VV1_RS02915	1915	1934	5538	4163
VV1_RS02925	5312	90230	1235	1419
VV1_RS02930	1334	914	495	396
VV1_RS02935	2228	1326	906	707
VV1_RS02940	1323	1106	460	303
VV1_RS02950	2817	1748	1783	1198
NUDF	2404	2158	653	671
VV1_RS02970	7542	5584	1934	2567
VV1_RS02975	6966	5987	2767	3026
VV1_RS02980	11574	25377	10465	10416
VV1_RS02985	1567	6708	1268	2005
VV1_RS02990	12360	5836	2665	2835
VV1_RS02995	1549	5890	5663	3726
VV1_RS03000	333	1202	451	228
VV1_RS03005	754	1033	115	187
VV1_RS03035	3206	2827	3893	4232
VV1_RS03045	465	1066	3651	1957
VV1_RS03065	17144	42373	12349	7938
VV1_RS03075	2922	4659	2320	2203
VV1_RS03080	227	329	437	344
VV1_RS03085	1732	3161	684	1131
VV1_RS03090	562	8075	12318	19710
VV1_RS03095	722	5442	5786	10157
VV1_RS03105	64934	1445	4144	5297
VV1_RS03110	16175	470	2251	4437
VV1_RS03115	22077	14064	6794	5109
VV1_RS03120	592	947	275	419
VV1_RS03130	3006	4535	2050	1375
VV1_RS03140	34735	14323	2188	4245
VV1_RS03145	4142	3219	1312	652
VV1_RS03155	56	92	67	117
VV1_RS03165	600	196	200	247
VV1_RS03170	10588	10975	3103	4191
VV1_RS03175	6726	9471	5085	2784
VV1_RS03180	3386	4904	2472	1716
VV1_RS03190	334	271	932	535
VV1_RS03200	4920	5014	2325	2437
VV1_RS03205	1180	1293	3219	3589
VV1_RS03260	5641	1967	996	1215
VV1_RS03265	3222	10056	24695	12498
VV1_RS03275	8121	3904	3914	2316
VV1_RS03280	3345	1817	4744	3888
VV1_RS03290	171	192	294	262
VV1_RS03295	2265	2299	3349	4082
VV1_RS03310	2481	1920	7031	5475
VV1_RS03320	617	1214	2248	2899
VV1_RS03325	1107	2644	5873	7308
VV1_RS03330	267	538	360	269
VV1_RS03335	2862	2799	2078	1902
VV1_RS03355	1187	3171	737	658
VV1_RS03360	13113	17184	92050	46791
VV1_RS03375	361	632	2137	2224
VV1_RS03385	2237	1052	1267	1218
VV1_RS03400	172	52	94	43
VV1_RS03415	1626	1541	12557	8346
VV1_RS03420	7543	4696	49521	42300
VV1_RS03425	1160	2144	8537	7494
VV1_RS03450	1342	1952	901	868
VV1_RS03455	1589	715	4937	7049
VV1_RS03475	281	254	406	319
VV1_RS03480	91	86	228	164
VV1_RS03485	381	174	408	682
VV1_RS03495	16012	11229	6372	2426
VV1_RS03500	1199	266	787	1036
VV1_RS03505	594	598	2104	1963
VV1_RS03515	1073	358	6791	4021
VV1_RS03520	145	141	2242	1873
VV1_RS03540	367	227	1386	815
VV1_RS03565	13245	5991	10518	4658
VV1_RS03775	3524	2392	1734	1075
VV1_RS03850	401	390	197	151
VV1_RS03915	12303	13473	21149	12895
VV1_RS03930	813	427	238	256
VV1_RS03945	2264	1657	1313	746
VV1_RS03950	3789	2283	1164	951
VV1_RS03965	2930	1013	663	624
VV1_RS03990	3696	38557	17342	7266
VV1_RS03995	2926	1060	397	465
VV1_RS04020	2031	566	461	539
VV1_RS04025	29	40	13	3
VV1_RS04045	4041	798	1460	2733
VV1_RS04050	6235	1982	4491	4761
VV1_RS04055	2697	688	1176	1465
VV1_RS04060	851	286	981	962
VV1_RS04070	94	38	56	314
VV1_RS04075	235	60	178	818
VV1_RS04090	219	98	156	422
VV1_RS04095	701	393	229	348
VV1_RS04110	2346	1984	935	652
VV1_RS04115	18	25	17	14
VV1_RS04120	3258	2897	1037	1453
VV1_RS04125	87	296	115	139
VV1_RS04155	624	393	106	163
VV1_RS04175	3302	1746	15953	14153
VV1_RS04180	721	551	464	354
VV1_RS04190	623	448	454	564
VV1_RS04195	629	1122	1252	1528
VV1_RS04200	468	656	1113	1024
VV1_RS04210	586	1237	811	705
VV1_RS04220	860	742	302	227
VV1_RS04225	1553	1470	865	833
VV1_RS04235	2952	2265	1122	3030
VV1_RS04250	7726	290278	25184	17950
VV1_RS04260	1844	1600	1439	1293
VV1_RS04275	6528	2583	10829	7801
VV1_RS04285	1923	487	658	499
GLNG	24263	564	2975	2627
VV1_RS04310	3959	651	14357	13934
VV1_RS04315	595	1804	1009	632
VV1_RS04330	735	1483	3164	2438
VV1_RS04335	2449	5901	3113	5703
VV1_RS04345	6647	2712	1250	1188
VV1_RS04350	4457	3965	386	501
VV1_RS04355	451	448	384	371
VV1_RS04360	929	1501	596	897
VV1_RS04380	4220	1803	1670	1243
VV1_RS04395	1353	492	3057	2373
VV1_RS04400	2005	1430	30217	16908
VV1_RS04495	1531	514	6812	10766
VV1_RS04510	5505	7154	7218	8830
VV1_RS04515	4898	3497	2589	6773
VV1_RS04520	118	201	194	110
VV1_RS04530	187	282	2200	1486
VV1_RS04535	154	341	152	125
VV1_RS04540	579	341	104	176
VV1_RS04545	50	132	86	30
VV1_RS04560	58	71	66	69
VV1_RS04565	17	20	27	28
VV1_RS04580	40	83	75	91
VV1_RS04585	307	96	64	60
VV1_RS04590	5011	1614	537	414
VV1_RS04610	22	104	20	20
VV1_RS04620	1241	1756	822	935
VV1_RS04680	468	586	460	357
VV1_RS04685	308	372	335	221
VV1_RS04700	10370	1319	1259	1108
VV1_RS04705	3569	2171	658	895
VV1_RS04770	3144	1649	743	692
VV1_RS04780	182	365	1229	983
VV1_RS04785	237	190	592	403
VV1_RS04790	95	236	334	208
VV1_RS04805	2209	1870	725	462
VV1_RS04830	4840	11927	947	804
VV1_RS04835	8788	10346	1366	975
VV1_RS04845	6874	13881	7749	5952
VV1_RS04865	38050	24115	14183	6540
VV1_RS04870	5334	7585	3955	2384
VV1_RS04875	13068	22472	9031	6406
VV1_RS04890	200	334	153	150
VV1_RS04895	1550	2557	29323	17063
VV1_RS04900	482	446	3748	2511
VV1_RS04905	263	221	146	165
VV1_RS04910	947	1941	325	258
VV1_RS04915	8601	10194	2029	1411
VV1_RS04920	4016	6317	1292	1088
VV1_RS04930	3599	5382	616	814
VV1_RS04945	1478	488	492	305
VV1_RS04950	807	939	1247	1013
VV1_RS04955	829	812	1117	592
VV1_RS04960	667	4494	1331	1274
VV1_RS04970	6532	28656	15369	9681
VV1_RS04975	2846	3643	1066	930
VV1_RS04980	427	476	180	333
VV1_RS04990	970	1144	478	412
VV1_RS05005	430	388	216	178
VV1_RS05010	748	1405	1520	2368
VV1_RS05025	6112	2035	337	437
VV1_RS05040	3424	2197	578	897
VV1_RS05105	523	502	160	230
VV1_RS05110	75180	8021	2121	2871
VV1_RS05120	7557	8691	2823	6769
VV1_RS05125	5983	5045	2263	2804
VV1_RS05135	1583	979	548	419
VV1_RS05170	34856	2989	5358	6501
VV1_RS05175	30284	2321	7076	5379
VV1_RS05180	2846	497	942	1090
VV1_RS05185	3831	824	1428	1653
VV1_RS05200	51	124	74	70
VV1_RS05220	280	498	355	402
VV1_RS05225	170	245	2268	2067
VV1_RS05230	497	510	2443	1664
VV1_RS05235	417	566	1131	784
VV1_RS05240	120	882	337	170
VV1_RS05250	325	1448	427	326
VV1_RS05255	233	430	116	61
VV1_RS05275	4052	18958	3578	2775
VV1_RS05280	1767	1412	1801	1948
VV1_RS05285	6275	4294	7930	7595
VV1_RS05295	1261	1818	2411	1557
VV1_RS05300	127	280	391	228
VV1_RS05310	563	10618	6493	7383
VV1_RS05330	96	144	448	288
VV1_RS05335	1160	2725	355	456
VV1_RS05340	1501	2371	465	382
VV1_RS05370	15908	7462	1659	2674
VV1_RS05380	679	670	328	229
VV1_RS05390	114	189	188	93
VV1_RS05400	250	1021	295	192
VV1_RS05415	5733	11142	909	862
VV1_RS05420	906	1508	879	928
VV1_RS05430	328	669	909	816
VV1_RS05440	2791	2023	181	209
VV1_RS05450	337	945	226	228
VV1_RS05470	127	607	250	303
VV1_RS05495	2362	2484	1100	1000
VV1_RS05500	325	282	81	115
VV1_RS05505	2246	1673	820	563
VV1_RS05510	9931	8600	1552	1141
VV1_RS05520	739	716	777	976
VV1_RS05540	2288	956	231	220
VV1_RS05545	6875	3422	12629	14174
VV1_RS05550	11956	5604	583	760
VV1_RS05555	1792	1821	7436	6688
VV1_RS05560	1504	2208	1153	1057
VV1_RS05570	1323	1129	2838	2166
VV1_RS05580	51	75	61	54
VV1_RS05585	240	798	105	91
VV1_RS05655	1235	2235	958	1091
VV1_RS05660	1191	1217	524	590
VV1_RS05725	25810	9056	11241	6921
VV1_RS05745	318	228	127	101
VV1_RS05760	730	679	790	785
VV1_RS05770	995	17280	353	550
VV1_RS05780	1293	4613	1994	3619
VV1_RS05785	2052	536	343	334
VV1_RS05800	309	271	1707	2071
VV1_RS05810	1113	1257	674	588
VV1_RS05820	599	404	539	345
VV1_RS05835	480	546	4500	2829
VV1_RS05840	69	67	522	242
VV1_RS05845	101	128	1731	1058
VV1_RS05850	91	852	153	114
VV1_RS05855	1584	2563	2396	2402
VV1_RS05875	246	261	31501	8950
VV1_RS05885	35	74	273	247
VV1_RS05890	646	2453	4670	4077
VV1_RS05900	184	15155	415	259
VV1_RS05930	2788	9159	6717	3817
VV1_RS05950	67	142	45	40
VV1_RS05975	608	244	198	328
VV1_RS05985	2601	934	1269	1293
VV1_RS06000	1999	15849	2076	890
VV1_RS06005	33062	106812	19604	10682
VV1_RS06010	308	384	351	334
VV1_RS06020	1406	2937	3054	3582
VV1_RS06025	5620	2027	369	252
VV1_RS06030	1705	4382	3725	2847
VV1_RS06035	878	1461	771	793
VV1_RS06060	68197	14215	4376	4536
VV1_RS06065	250	898	278	210
VV1_RS06070	650	6140	1119	813
VV1_RS06080	3108	3597	5351	4655
VV1_RS06135	247	485	352	331
VV1_RS06145	2202	3051	1063	1352
VV1_RS06165	5864	7524	4622	4667
VV1_RS06170	6855	9049	11218	8140
VV1_RS06175	8122	7101	8804	5580
VV1_RS06185	8618	4435	1796	1302
VV1_RS06190	4893	5620	15295	9076
VV1_RS06195	734	447	517	611
VV1_RS06205	236	1009	200	235
VV1_RS06210	12983	13064	40796	26643
VV1_RS06215	1093	1448	3503	2959
VV1_RS06220	176	287	274	195
VV1_RS06225	8565	1790	690	503
VV1_RS06230	384	806	345	119
VV1_RS06250	5489	709	38074	25563
VV1_RS06260	3625	758	64283	22334
VV1_RS06265	38225	10855	2375	2880
VV1_RS06270	1125	1092	1688	1756
VV1_RS06280	242	805	4353	2344
VV1_RS06290	948	2152	5744	4015
VV1_RS06300	1447	1760	3036	4222
VV1_RS06315	2525	1437	251	394
VV1_RS06325	519	1453	923	663
VV1_RS06330	5082	5314	5989	5540
VV1_RS06335	8917	2714	1743	1820
VV1_RS06385	4799	995	654	508
VV1_RS06410	575	899	1282	1453
VV1_RS06430	646	516	777	954
VV1_RS06450	2793	12135	4660	2782
VV1_RS06465	2341	2088	903	1179
VV1_RS06475	3308	1298	487	703
VV1_RS06490	346	2286	9189	5029
VV1_RS06495	57569	2577	766	936
VV1_RS06500	9048	1748	1017	1170
VV1_RS06510	8584	408	204	168
VV1_RS06515	18401	912	650	607
VV1_RS06520	21463	1317	1144	845
VV1_RS06530	2606	2627	4563	4490
VV1_RS06535	7332	5369	6775	8424
VV1_RS06540	283	411	528	587
VV1_RS06560	719	967	457	396
VV1_RS06575	10121	4983	7161	6222
VV1_RS06580	276	820	1029	815
VV1_RS06585	138	725	102	131
VV1_RS06610	336	468	425	714
VV1_RS06615	5732	7841	2702	3296
VV1_RS06625	614	1161	523	937
VV1_RS06650	436	333	404	298
VV1_RS06660	795	1362	629	510
CYSJ	577	469	3054	2037
VV1_RS06675	1656	1198	3097	2144
VV1_RS06680	4460	2434	7835	5671
VV1_RS06715	3728	6890	73198	99532
VV1_RS06720	910	1190	19774	15117
VV1_RS06725	1591	1778	7102	6283
VV1_RS06735	1637	1453	419	181
VV1_RS06740	5965	4908	1803	4698
VV1_RS06745	1018	869	2336	3643
VV1_RS06755	7178	4398	6511	5368
VV1_RS06760	704	670	2249	1239
VV1_RS06770	2039	7770	11417	9742
VV1_RS06780	280	1661	4650	2763
VV1_RS06790	1391	5449	16547	11273
VV1_RS06795	761	2597	20410	12969
VV1_RS06800	840	2066	9992	7176
VV1_RS06805	1722	2879	8234	5836
VV1_RS06810	487	1898	6241	5107
VV1_RS06855	4761	3871	1668	2124
VV1_RS06860	179	217	101	104
VV1_RS06875	935	2478	2096	1559
VV1_RS06880	1628	2075	4847	3712
VV1_RS06885	1239	1921	3134	2536
TLDD	4984	3599	22701	10336
VV1_RS06895	20228	17955	391168	188648
VV1_RS06905	560	337	277	268
VV1_RS06930	2913	125	182	119
VV1_RS06935	255	801	8151	6145
VV1_RS06945	241	393	347	347
VV1_RS06960	838	5000	358	270
VV1_RS06965	1035	3824	329	386
VV1_RS06980	3577	2753	1935	1864
VV1_RS06985	4703	2371	973	1280
VV1_RS06990	1773	918	760	638
VV1_RS07005	848	2969	329	364
VV1_RS07015	515	3564	79	93
VV1_RS07025	3548	9396	462	661
VV1_RS07030	1430	3299	434	395
VV1_RS07035	2407	6170	1209	2074
VV1_RS07045	445	859	8960	5604
VV1_RS07090	221	489	12238	8663
VV1_RS07095	277	796	17894	9954
VV1_RS07150	1041	970	303	355
VV1_RS07160	1574	1246	1230	1451
VV1_RS07170	232	1043	376	352
VV1_RS07175	418	603	212	206
VV1_RS07180	670	866	954	1105
VV1_RS07185	347	811	906	852
VV1_RS07205	1540	5275	176	232
VV1_RS07210	1451	5739	502	510
VV1_RS07215	8605	4582	23530	12477
VV1_RS07220	3225	2339	5640	3736
VV1_RS07235	2510	7721	64538	17238
VV1_RS07240	969	5795	331	385
VV1_RS07250	1896	904	766	1238
VV1_RS07260	582	461	29481	29109
VV1_RS07265	2853	1218	2572	2056
GAPA	3570	2308	410	565
VV1_RS07290	43669	11494	2406	2193
VV1_RS07295	7008	7913	1701	1544
VV1_RS07300	756	228	212	129
VV1_RS07305	152	178	262	196
VV1_RS07310	6229	1374	2798	2785
VV1_RS07320	851	1203	379	283
VV1_RS07340	765	1898	158	141
VV1_RS07345	965	1672	330	320
VV1_RS07375	15230	4832	1946	1235
VV1_RS07385	2580	5462	2928	2991
VV1_RS07400	1168	2142	795	657
VV1_RS07405	373	418	381	142
VV1_RS07425	4288	2217	2908	1926
VV1_RS07435	2358	5651	36037	40958
VV1_RS07445	1062	4768	8840	10204
RELA	16152	7561	3857	3284
VV1_RS07510	7242	10527	89766	167800
VV1_RS07515	25420	8864	154289	280399
VV1_RS07520	2384	1674	1123	1539
VV1_RS07600	24537	30674	705	598
VV1_RS07605	11079	14695	735	613
VV1_RS07610	4730	3433	11842	11525
VV1_RS07620	15691	7886	22392	18883
VV1_RS07630	1447	4706	2736	2540
VV1_RS07640	607	735	328	279
VV1_RS07645	1819	3200	4235	3892
VV1_RS07650	1735	8470	870	1028
VV1_RS07680	5637	7396	2554	2580
VV1_RS07690	638	474	159	183
VV1_RS07695	89	174	108	53
VV1_RS07735	7337	16133	2185	2147
VV1_RS07740	16590	5264	3908	3470
VV1_RS07750	3842	2328	319	411
VV1_RS07755	593	400	203	227
VV1_RS07760	422	22805	259	203
VV1_RS07765	231	6514	93	143
VV1_RS07785	3619	2658	745	528
VV1_RS07790	120	253	238	159
VV1_RS07800	343	4329	8377	3902
VV1_RS07810	805	613	286	354
VV1_RS07820	11452	10908	6222	5192
VV1_RS07830	62	103	111	92
VV1_RS07835	779	1083	164	212
VV1_RS07850	200165	3522	1149	1258
VV1_RS07855	92420	55555	3987	11831
VV1_RS07860	1962	3308	321	523
VV1_RS07865	869	765	290	439
VV1_RS07870	390	348	544	368
VV1_RS07875	823	505	909	569
VV1_RS07880	288	261	388	279
VV1_RS07885	50	62	110	74
VV1_RS07895	498	243	801	351
VV1_RS07900	260	128	173	115
VV1_RS07905	66	62	484	201
VV1_RS07910	112	118	239	148
VV1_RS07915	1165	1708	1835	1415
VV1_RS07920	1900	5536	1105	1485
VV1_RS07930	2058	2124	981	1226
VV1_RS07935	1014	1237	561	522
VV1_RS07945	1168	3264	2820	1615
VV1_RS07950	2089	7198	8640	7156
VV1_RS07955	752	3139	689	471
VV1_RS07960	4113	3208	716	563
VV1_RS07970	3674	2967	756	1429
HFLB	29756	35712	24999	25258
FOLP	233	1021	607	548
VV1_RS08070	293	248	306	374
VV1_RS08090	25022	24894	4540	3925
VV1_RS08095	9115	1591	1359	3380
VV1_RS08110	460	132	2162	1328
VV1_RS08115	659	102	34	22
VV1_RS08120	2339	1677	1748	1617
VV1_RS08145	1030	2164	42991	29818
VV1_RS08150	886	4247	2103	1753
VV1_RS08160	1431	5513	2528	1270
VV1_RS08165	4933	28184	3868	3142
VV1_RS08170	2559	13207	12726	8888
VV1_RS08180	1769	4542	4228	3265
VV1_RS08190	1464	1642	391	438
VV1_RS08200	3402	9025	11010	8486
VV1_RS08205	2885	1124	1054	890
VV1_RS08210	1020	6769	4024	3353
VV1_RS08215	376	2997	1831	2036
VV1_RS08220	345	1160	1379	1078
VV1_RS08240	1018	727	56454	66486
VV1_RS08245	564	366	12408	10008
VV1_RS08270	29	38	1321	1370
VV1_RS08275	223	150	4126	4436
VV1_RS08285	58	174	2168	2054
VV1_RS08300	423	490	9148	8556
VV1_RS08305	191	219	4506	3440
VV1_RS08310	226	221	3346	2478
VV1_RS08315	76	301	1947	1685
VV1_RS08320	1004	669	15667	8066
VV1_RS08325	212	897	298	222
VV1_RS08330	563	954	724	559
VV1_RS08335	164	317	1674	1618
VV1_RS08345	32	293	54	34
VV1_RS08350	78	1860	297	151
VV1_RS08375	106	1987	219	175
VV1_RS08380	510	3678	665	447
VV1_RS08385	162	789	183	176
VV1_RS08395	1342	2064	15251	16252
VV1_RS08400	970	2201	1150	817
VV1_RS08425	5988	2028	542	863
VV1_RS08430	31679	12340	4259	5197
VV1_RS08435	1972	1188	571	913
VV1_RS08445	4431	6017	1462	1757
VV1_RS08455	1309	40382	2027	626
VV1_RS08460	10926	6539	288	209
VV1_RS08470	153	141	117	60
VV1_RS08475	617	1800	83	91
VV1_RS08480	1410	810	501	412
VV1_RS08505	5976	569	891	888
VV1_RS08520	562	197	359	201
VV1_RS08575	4853	9768	73707	59023
VV1_RS08580	314	552	2489	2956
VV1_RS08595	1424	1901	1055	1009
VV1_RS08605	8184	22558	1975	1310
VV1_RS08610	2770	9114	798	585
VV1_RS08615	1081	3302	402	164
VV1_RS08620	3277	5216	865	337
VV1_RS08630	4963	11492	1696	1031
VV1_RS08635	849	361	238	190
VV1_RS08645	1530	1233	5183	8268
VV1_RS08650	1146	848	3437	2121
VV1_RS08655	5134	2199	899	962
VV1_RS08660	1984	906	715	527
VV1_RS08665	154	223	1435	709
VV1_RS08670	370	735	13509	15258
VV1_RS08685	40858	28187	473	523
VV1_RS08690	4408	2291	712	343
VV1_RS08695	956	246	161	153
VV1_RS08705	39	131	97	71
VV1_RS08760	361	10651	182	183
VV1_RS08770	169	428	256	176
VV1_RS08780	13505	4814	1744	2623
VV1_RS08785	1834	2112	450	292
VV1_RS08810	1436	3218	736	582
VV1_RS08815	121	453	210	196
VV1_RS08820	498	282	204	119
VV1_RS08825	16501	10079	3519	4987
VV1_RS08830	7590	8450	2834	2739
VV1_RS08850	1459	1547	553	552
VV1_RS08870	3585	6365	1084	755
VV1_RS08875	4998	1885	291	293
VV1_RS08890	473	536	623	626
VV1_RS08895	1298	1017	709	382
VV1_RS08900	271	373	250	180
VV1_RS08905	3402	1029	1163	1035
VV1_RS08910	2166	3149	1635	1486
VV1_RS08920	1871	1412	1100	604
VV1_RS08925	2822	2206	3117	4120
VV1_RS08930	1104	897	1050	1368
VV1_RS08935	1586	2056	3520	4305
VV1_RS08940	108	231	1021	804
VV1_RS08970	3273	3468	982	628
VV1_RS08980	6502	2571	450	411
VV1_RS08990	549	629	277	315
VV1_RS08995	6162	2254	1188	464
VV1_RS09015	6136	6388	4488	2615
VV1_RS09025	1772	1273	931	838
VV1_RS09045	9887	13544	1859	2289
VV1_RS09055	836	475	204	190
VV1_RS09060	10014	2115	1108	1235
VV1_RS09095	6399	2150	1931	1476
VV1_RS09100	4688	4014	15491	11485
VV1_RS09105	88004	61144	333533	307209
VV1_RS09110	31717	61925	61451	49664
VV1_RS09135	3905	9998	2605	1917
VV1_RS09140	2222	1760	7859	2240
VV1_RS09145	1102	783	1869	978
VV1_RS09235	7102	7782	10545	9297
VV1_RS09250	10599	14687	28686	14669
VV1_RS09255	27341	37358	57704	37639
VV1_RS09260	2293	5276	6762	4913
VV1_RS09265	2454	5032	9960	7912
VV1_RS09270	4992	11963	27568	25117
VV1_RS09285	1151	2967	824	658
VV1_RS09290	648	1106	911	629
VV1_RS09295	292	596	467	359
VV1_RS09310	874	1078	1100	697
VV1_RS09325	425	606	889	470
VV1_RS09330	2796	1558	562	1030
VV1_RS09335	304	444	257	284
VV1_RS09340	478	1705	21610	13820
VV1_RS09345	1958	3253	1720	1212
VV1_RS09365	12219	13838	69495	48412
VV1_RS09380	4242	1841	1643	1942
VV1_RS09385	7138	2567	1878	3415
VV1_RS09390	63	229	91	68
VV1_RS09410	3651	2010	2143	1988
VV1_RS09420	1575	1728	1586	1359
VV1_RS09435	1567	8483	771	626
VV1_RS09440	2307	1192	253	282
VV1_RS09455	2758	1350	401	490
VV1_RS09460	61845	9855	1371	2184
VV1_RS09465	7157	4350	128349	102936
VV1_RS09500	292	142	173	208
VV1_RS09505	1182	1146	2783	3373
VV1_RS09510	339	772	879	699
VV1_RS09515	226	202	311	216
VV1_RS09545	131	139	46	53
VV1_RS09565	707	356	75	101
VV1_RS09695	1888	1673	914	311
VV1_RS09705	8916	2061	2852	5924
VV1_RS09720	176	242	551	185
VV1_RS09725	188	574	9484	6044
VV1_RS09740	27009	19194	11869	5805
VV1_RS09745	8195	43294	206	203
VV1_RS09750	3972	13927	10519	7669
VV1_RS09760	4327	1555	765	643
VV1_RS09775	4517	2194	2564	2027
VV1_RS09785	5694	743	224	223
VV1_RS09795	4992	1937	1048	711
VV1_RS09800	3760	1717	3858	2989
VV1_RS09810	1287	963	486	313
VV1_RS09815	499	568	266	219
VV1_RS09820	1094	1374	274	341
VV1_RS09830	5148	3470	843	490
VV1_RS09835	2511	1829	390	355
VV1_RS09850	650	658	138	94
VV1_RS09855	76	280	2208	2124
VV1_RS09860	1771	3886	376934	273197
VV1_RS09865	3514	7542	441503	419885
VV1_RS09870	16245	14745	983861	842120
VV1_RS09880	117	443	693	927
VV1_RS09890	624	246	16094	14214
VV1_RS09895	251	524	782	640
VV1_RS09900	369727	25453	10250	4140
VV1_RS09905	56613	7603	3098	1931
VV1_RS09915	4556	375	23647	19798
VV1_RS09920	10943	657	36016	22110
VV1_RS09925	864	94	4007	2514
VV1_RS09930	503	96	2223	1320
VV1_RS09940	4351	3447	536	504
VV1_RS09945	7733	2403	4444	8526
VV1_RS09960	88	317	88	69
VV1_RS09975	1376	2365	1276	884
VV1_RS09980	1180	1565	2885	1058
VV1_RS09985	29566	10711	4040	3367
VV1_RS10010	1064	516	10498	5242
VV1_RS10025	6600	4414	4287	3836
VV1_RS10050	569	834	872	704
VV1_RS10060	102	116	329	267
VV1_RS10070	1780	1359	862	551
VV1_RS10080	993	932	974	749
VV1_RS10085	1290	5465	944	767
VV1_RS10090	1967	1120	1577	854
VV1_RS10095	2466	1281	669	1054
VV1_RS10100	738	1098	413	873
VV1_RS10110	895	271	503	522
VV1_RS10125	547	2409	840	846
VV1_RS10130	959	2537	832	903
VV1_RS10135	923	1684	983	819
VV1_RS10140	498	355	226	178
VV1_RS10145	546	494	353	338
VV1_RS10150	898	728	598	641
VV1_RS10165	451	729	1980	3004
VV1_RS10180	11543	12198	1921	861
VV1_RS10185	2440	3777	548	241
VV1_RS10205	3756	3327	623	655
VV1_RS10215	1424	1553	540	430
VV1_RS10230	4225	3566	1558	1445
VV1_RS10235	12949	4468	1107	1463
VV1_RS10240	267	400	302	244
VV1_RS10255	130	225	163	133
VV1_RS10265	9469	7919	32698	30547
VV1_RS10360	1407	530	378	294
VV1_RS10365	207	317	320	179
VV1_RS10370	9204	1913	1321	3083
VV1_RS10375	213	273	74	118
VV1_RS10380	959	2976	204	120
VV1_RS10390	1990	638	304	298
VV1_RS10395	2070	1702	5081	4279
VV1_RS10400	274	489	218	200
VV1_RS10405	746	2123	1917	2284
VV1_RS10410	693	967	813	385
VV1_RS10415	5715	42164	37943	33559
VV1_RS10420	432	3386	4553	6967
VV1_RS10425	31	62	19	30
VV1_RS10435	401	460	273	216
VV1_RS10445	15614	2249	934	426
VV1_RS10450	46507	8286	1002	668
VV1_RS10460	8499	880	2584	3163
VV1_RS10465	1439	468	1080	1212
VV1_RS10470	375	179	228	337
VV1_RS10480	328	951	444	419
VV1_RS10485	113	245	99	52
VV1_RS10490	639	344	55	118
VV1_RS10505	3110	3336	1239	1025
VV1_RS10520	221	283	389	531
VV1_RS10530	109	102	171	139
VV1_RS10535	1313	1756	990	1263
VV1_RS10540	402	759	680	872
VV1_RS10550	202	453	233	257
VV1_RS10555	1301	1414	294	257
VV1_RS10560	75	152	130	50
VV1_RS10570	1241	15792	42237	32375
VV1_RS10575	43410	3079	1177	862
VV1_RS10580	184	256	1535	1181
VV1_RS10610	322	7021	3266	1834
VV1_RS10625	1120	3243	14760	8604
VV1_RS10630	229	2495	3833	2076
VV1_RS10635	519	9274	1694	1318
VV1_RS10640	605	783	7973	4167
VV1_RS10650	897	1262	50150	57968
VV1_RS10665	5930	26615	5671	3963
VV1_RS10680	9693	2621	357	556
VV1_RS10685	4054	2852	554	477
VV1_RS10705	1918	5600	82	33
VV1_RS10710	1662	6340	59	68
VV1_RS10720	193	534	140	146
VV1_RS10725	9677	12752	2880	3263
VV1_RS10730	1254	1674	1388	1364
VV1_RS10735	2486	4518	17057	14370
VV1_RS10745	4029	2623	10815	11207
VV1_RS10750	1660	2051	7321	5934
VV1_RS10755	649	765	1081	1153
VV1_RS10760	407	289	4317	3870
VV1_RS10765	180	109	77	34
VV1_RS10770	1179	6392	5022	3815
VV1_RS10775	154	190	57	40
VV1_RS10780	511	228	1219	1296
VV1_RS10785	105	309	235	522
VV1_RS10790	1360	3472	280	313
VV1_RS10800	1030	1507	2463	2121
VV1_RS10825	13105	1514	311	355
VV1_RS10830	68	95	111	163
VV1_RS10835	217	1139	312	251
VV1_RS10850	828	776	332	323
VV1_RS10870	89	196	176	224
VV1_RS10875	43	94	177	145
VV1_RS10885	846	582	499	641
VV1_RS10895	1046	2325	11375	14823
VV1_RS10900	3339	7100	63837	58129
VV1_RS10910	3035	2942	840	762
VV1_RS10920	194	2418	290	158
VV1_RS10925	1354	12847	173	102
VV1_RS10930	908	12584	71	38
VV1_RS10935	291	1080	148	128
VV1_RS10955	1724	1776	565	585
VV1_RS10980	462	224	31	67
VV1_RS10985	743	199	99	124
VV1_RS10995	261	140	76	146
VV1_RS11000	200	115	51	136
VV1_RS11005	107	32	47	42
VV1_RS11010	68	51	22	20
VV1_RS11015	72	11	14	27
VV1_RS11030	60	123	94	102
VV1_RS11040	89	167	52	49
VV1_RS11045	2339	4371	7440	2657
VV1_RS11070	76	147	1841	2126
VV1_RS11100	1144	1364	226	167
VV1_RS11105	4374	4123	421	314
VV1_RS11115	163	197	1471	832
VV1_RS11130	1509	1593	474	500
VV1_RS11140	64	45	17	22
VV1_RS11145	3276	2685	424	393
VV1_RS11155	84	19	218	69
VV1_RS11160	126	202	2765	556
VV1_RS11165	1602	7508	14659	14825
VV1_RS11180	4956	1593	180	154
VV1_RS11185	1931	1772	126	88
VV1_RS11190	2764	1841	72	76
VV1_RS11200	5990	41981	2392	3815
VV1_RS11205	1325	817	624	596
VV1_RS11215	752	2848	699	552
VV1_RS11225	1451	1377	1044	617
VV1_RS11230	738	443	136	87
VV1_RS11235	210	264	60	65
VV1_RS11240	1570	3698	10414	7895
VV1_RS11245	25355	6071	2357	3161
VV1_RS11255	6321	19979	1168	1553
VV1_RS11260	171	245	443	251
VV1_RS11270	126	1686	43180	24815
VV1_RS11275	110	882	29735	13290
VV1_RS11285	154	688	881	552
VV1_RS11290	730	791	154	126
VV1_RS11295	1041	1248	1112	966
THRS	28215	11298	2613	2342
VV1_RS11320	408	702	2295	2367
VV1_RS11675	1057	2505	623	282
VV1_RS11900	1583	2097	2098	1651
VV1_RS12160	2216	2377	3255	3445
VV1_RS12210	1887	634	121	177
VV1_RS12215	2526	2452	10467	5556
VV1_RS12225	1048	14556	26776	21377
VV1_RS12230	298	2731	350	197
VV1_RS12235	248	2031	540	426
VV1_RS12255	390	303	58	68
VV1_RS12265	1932	26599	1607	2407
VV1_RS12275	519	7338	480	275
VV1_RS12285	1184	7675	820	772
VV1_RS12290	942	2622	396	131
VV1_RS12295	4443	3625	2019	1967
VV1_RS12300	4888	5665	482	613
VV1_RS12305	1319	4700	387	349
VV1_RS12310	151	371	230	83
VV1_RS12320	212	540	356	273
VV1_RS12330	3768	1522	526	518
VV1_RS12345	2626	3301	631	1371
VV1_RS12350	611	926	397	390
VV1_RS12360	1434	1965	1072	856
VV1_RS12365	152	156	80	50
VV1_RS12370	283	622	268	279
VV1_RS12395	3748	594	362	399
VV1_RS12400	3984	2736	2177	2425
POTD	2322	1760	226	237
VV1_RS12430	331	696	3986	2414
VV1_RS12435	696	1157	5896	4386
VV1_RS12440	236	550	3207	1683
VV1_RS12445	247	517	2849	1438
VV1_RS12450	15812	18627	52336	28857
VV1_RS12455	15333	22657	15244	19329
VV1_RS12460	229	460	222	173
VV1_RS12480	2271	4205	1038	764
VV1_RS12490	7551	8178	3210	2803
VV1_RS12495	5218	7353	2301	3015
VV1_RS12505	2072	3440	1567	2183
VV1_RS12510	835	3460	2313	1858
VV1_RS12515	1224	2942	31361	15625
VV1_RS12535	518	1366	313	280
VV1_RS12555	1883	5998	3803	4733
VV1_RS12575	1142	2065	471	391
VV1_RS12590	940	326	30599	22715
VV1_RS12595	7893	6048	10323	7745
VV1_RS12600	3516	4779	8995	6896
VV1_RS12610	1789	3519	10950	7370
VV1_RS12615	545	1014	739	443
VV1_RS12620	1008	3075	1309	1057
VV1_RS12630	1677	3327	1263	1152
VV1_RS12635	1197	1348	604	994
VV1_RS12645	1058	710	137	73
VV1_RS12660	263	548	125	79
VV1_RS12670	89	29	26	20
VV1_RS12675	213	133	136	68
VV1_RS12680	40	26	24	28
VV1_RS12685	975	253	2831	1434
VV1_RS12690	358	794	20535	12569
VV1_RS12695	1791	3608	30716	23224
VV1_RS12710	171	174	1759	1143
VV1_RS12720	87	96	716	568
VV1_RS12725	60	10	158	196
VV1_RS12730	743	850	486	576
VV1_RS12735	87	135	53	52
VV1_RS12750	275	93	56	121
VV1_RS12780	1756	4981	859	550
VV1_RS12785	825	1491	629	448
VV1_RS12790	1665	2940	1004	641
VV1_RS12795	655	711	1485	1716
VV1_RS12800	328	911	1298	1619
VV1_RS12815	638	1125	131	58
VV1_RS12820	119	445	86	53
VV1_RS12825	142	447	96	60
VV1_RS12830	1453	2497	861	1387
VV1_RS12835	21237	12533	5465	6777
VV1_RS12845	1042	363	223	147
VV1_RS12855	1886	1316	280	248
VV1_RS12865	148	606	54	63
VV1_RS12880	1276	732	999	734
VV1_RS12885	28411	14865	115013	106684
VV1_RS12890	1160	1025	2953	2459
VV1_RS12895	1211	1475	4146	5210
VV1_RS12900	4901	4845	22590	10639
VV1_RS12925	15632	13468	6418	7333
VV1_RS12945	20526	11559	10098	6049
VV1_RS12950	40751	12013	9544	6081
VV1_RS12960	187	1245	195	157
VV1_RS12965	173	138	93	63
VV1_RS12970	664	314	205	181
VV1_RS12975	1133	693	102	55
VV1_RS12980	294	1069	115	80
VV1_RS12985	422	848	115	185
VV1_RS12990	176	171	143	114
VV1_RS13025	362	1154	15263	4934
VV1_RS13035	649	885	7046	2559
VV1_RS13045	105	32	392	442
VV1_RS13055	464	188	180	117
VV1_RS13070	56	40	24	49
VV1_RS13080	1222	3868	1368	1255
VV1_RS13095	8648	1546	1434	2627
VV1_RS13100	1250	3389	1544	1782
VV1_RS13105	22	35	103	61
VV1_RS13110	29	55	68	63
VV1_RS13115	131	134	50	79
VV1_RS13125	49	53	75	40
VV1_RS13130	1548	7520	2877	2138
VV1_RS13150	377	526	661	500
VV1_RS13165	1271	1260	14521	10968
VV1_RS13170	2050	2517	2237	2178
VV1_RS13180	250	208	2126	1311
VV1_RS13190	213	901	5088	2932
VV1_RS13195	464	4033	18541	14882
VV1_RS13200	180	3124	14790	7917
VV1_RS13205	558	160	164	58
VV1_RS13215	691	200	143	212
VV1_RS13220	81	342	436	256
VV1_RS13245	757	11364	2134	1763
VV1_RS13250	954	1196	220	395
VV1_RS13265	107	86	43	43
VV1_RS13270	380	479	254	171
VV1_RS13275	1741	7899	827	710
VV1_RS13280	15037	7844	2332	3278
VV1_RS13285	4490	3818	1194	614
VV1_RS13305	328	2926	6006	3653
VV1_RS13320	169	69	144	37
VV1_RS13340	1971	715	876	684
VV1_RS13350	2787	3314	2769	1170
VV1_RS13355	663	846	557	557
VV1_RS13360	121	393	880	239
VV1_RS13365	1574	2282	2392	3897
VV1_RS13370	388	585	294	244
VV1_RS13380	125	219	3208	1285
VV1_RS13385	14068	5092	2311	2021
VV1_RS13390	177	483	69	62
VV1_RS13395	190	313	101	41
VV1_RS13400	23099	2016	503	708
VV1_RS13405	10920	4323	5103	4237
VV1_RS13430	2228	3199	1717	1288
VV1_RS13435	1290	927	652	454
VV1_RS13445	705	1790	559	317
VV1_RS13450	12152	24099	6718	4589
VV1_RS13455	4542	23087	10344	6927
VV1_RS13465	357	914	241	188
VV1_RS13470	7232	1605	842	700
VV1_RS13475	2980	26589	12856	8502
VV1_RS13480	261	3180	1317	811
VV1_RS13490	157	354	71	105
VV1_RS13495	583	706	471	372
VV1_RS13500	61	307	46	45
VV1_RS13505	1906	2368	1533	2278
VV1_RS13510	195	307	406	268
VV1_RS13515	153	74	30	54
VV1_RS13520	773	424	151	127
VV1_RS13525	158	435	143	125
VV1_RS13530	243	300	55	51
VV1_RS13540	5518	4429	402	439
VV1_RS13545	1271	1977	280	194
VV1_RS13555	125	151	126	100
VV1_RS13560	231	274	418	285
VV1_RS13565	1339	1308	2429	2131
VV1_RS13585	2551	2283	20211	16952
VV1_RS13590	143	280	959	704
VV1_RS13595	281	211	1339	758
VV1_RS13600	46	199	1291	969
VV1_RS13605	1026	369	172	216
VV1_RS13610	150	237	95	104
VV1_RS13615	131	222	65	129
VV1_RS13620	57	60	56	34
VV1_RS13625	115	279	137	243
VV1_RS13630	1586	1772	2871	3036
VV1_RS13635	27090	2739	26455	27260
VV1_RS13645	4044	1608	455	641
VV1_RS13655	2875	3559	6236	4427
VV1_RS13665	7692	2970	8248	21553
VV1_RS13680	15094	12799	4095	2690
VV1_RS13685	5522	2124	540	613
VV1_RS13690	2165	6345	3819	3237
VV1_RS13695	195	1021	6346	3856
VV1_RS13700	207	550	293	246
VV1_RS13705	228	620	1230	551
VV1_RS13710	71	323	513	209
VV1_RS13725	1678	1032	537	204
VV1_RS13745	294	425	3559	2766
VV1_RS13755	4463	5868	4322	3124
VV1_RS13760	1728	3437	3426	2853
VV1_RS13770	589	2393	1268	2060
VV1_RS13775	207	244	75	289
VV1_RS13780	1814	523	395	421
VV1_RS13795	524	4188	2042	737
VV1_RS13825	230	410	80	83
VV1_RS13830	506	2190	632	569
VV1_RS13840	426	341	354	214
VV1_RS13845	983	558	314	283
VV1_RS13850	3899	1679	803	1150
VV1_RS13860	3459	1944	656	655
VV1_RS13865	5651	2911	1059	950
VV1_RS13880	377	1500	365	338
VV1_RS13890	2172	2582	1100	1316
VV1_RS13905	4082	4705	922	1394
VV1_RS13910	3409	1370	3578	4987
VV1_RS13930	1230	3152	154884	159758
VV1_RS13935	481	1375	61147	51924
VV1_RS13955	1284	27232	884	707
VV1_RS13965	4055	1297	79	162
VV1_RS13975	330	421	384	261
VV1_RS13985	50884	11788	1605	1125
VV1_RS13990	458	430	426	223
VV1_RS14010	10143	15462	5956	5346
VV1_RS14025	5715	7717	41326	16500
VV1_RS14030	584	594	334	366
VV1_RS14045	397	850	12931	9270
VV1_RS14050	332	694	816	615
VV1_RS14060	775	1592	23600	20777
VV1_RS14065	358	240	91	102
VV1_RS14070	2220	971	357	513
VV1_RS14075	332	598	210	246
VV1_RS14085	937	1328	1310	805
VV1_RS14110	6778	3142	4691	3251
VV1_RS14115	1697	1929	997	1003
VV1_RS14120	873	740	1129	851
VV1_RS14125	199	1154	362	688
VV1_RS14130	9662	11745	3446	5119
VV1_RS14155	1406	3202	1238	2352
VV1_RS14160	402	775	222	274
VV1_RS14165	679	473	1184	802
VV1_RS14170	445	687	2022	1234
VV1_RS14180	6241	12060	8748	6405
VV1_RS14185	3565	16262	3688	4154
VV1_RS14190	4413	20045	25521	27766
VV1_RS14195	2223	8477	22439	28171
VV1_RS14205	12137	1700	1227	1580
VV1_RS14215	45059	47114	16463	13153
VV1_RS14220	341	339	98	54
VV1_RS14235	1632	1214	265	261
VV1_RS14240	1871	738	353	458
VV1_RS14245	462	1034	372	329
VV1_RS14260	494	580	415	463
VV1_RS14265	288	554	379	326
VV1_RS14270	350	572	380	498
VV1_RS14290	473	968	160	151
VV1_RS14295	5484	10813	1466	625
VV1_RS14300	441	412	225	231
VV1_RS14310	1160	631	205	125
VV1_RS14320	1887	3259	5371	2756
VV1_RS14325	3911	1747	703	942
VV1_RS14335	909017	5382	288	275
VV1_RS14355	230	3395	378	404
VV1_RS14360	383	7643	1611	1582
VV1_RS14365	267	3002	991	431
VV1_RS14385	160	753	90	57
VV1_RS14390	3817	4979	1896	1157
VV1_RS14400	267	847	231	173
VV1_RS14405	893	517	1566	1156
VV1_RS14420	3260	4760	2232	1852
VV1_RS14425	8881	2400	1149	1010
VV1_RS14435	301	698	2363	969
VV1_RS14440	1354	1241	704	519
VV1_RS14445	2413	2200	3075	1985
VV1_RS14495	356	955	255	289
VV1_RS14510	2313	4045	1120	850
VV1_RS14515	2851	511	155	298
VV1_RS14520	1625	1373	2893	3011
VV1_RS14525	1191	1481	2228	3672
VV1_RS14535	10615	3247	2800	3472
VV1_RS14555	4092	3702	4131	3623
VV1_RS14565	9214	1504	297	169
VV1_RS14595	2485	2330	2966	2126
VV1_RS14600	313	456	343	222
VV1_RS14610	574	1346	728	444
VV1_RS14620	11562	8836	10530	6987
VV1_RS14650	1877	3457	2474	3120
VV1_RS14660	22975	33044	3987	5310
VV1_RS14665	9590	4257	2390	2320
VV1_RS14700	445	462	366	194
VV1_RS14705	539	455	277	190
VV1_RS14710	483	583	392	372
VV1_RS14725	5939	2024	6363	5016
VV1_RS14730	161	166	53	82
VV1_RS14735	234	180	1453	884
VV1_RS14740	1573	763	721	705
VV1_RS14760	243	6588	59424	23198
VV1_RS14765	495064	63070	5211	3392
VV1_RS14770	233	673	241	171
VV1_RS14775	544	290	90	144
VV1_RS14785	17826	3576	1211	1355
VV1_RS14790	127	451	235	234
VV1_RS14795	495	1891	3753	2398
VV1_RS14800	1861	8340	8371	4737
VV1_RS14805	2881	2013	822	701
VV1_RS14815	1391	2238	1509	1054
VV1_RS14825	138	543	19	9
VV1_RS14845	1329	1874	3938	5287
VV1_RS14850	3094	7601	11449	13153
VV1_RS14855	69	100	60	24
FADH	1352	6493	5953	4086
VV1_RS14875	6405	2549	2608	2165
VV1_RS14890	1795	3144	1761	1378
VV1_RS14900	52903	23895	2643	2538
VV1_RS14905	9695	950	273	242
VV1_RS14910	831	809	226	155
VV1_RS14925	4207	10791	548	822
VV1_RS14935	4043	24112	18570	12255
VV1_RS14950	3894	844	2262	1782
VV1_RS14965	3054	2995	497	456
VV1_RS14980	756	707	585	466
VV1_RS14985	1340	563	1049	601
VV1_RS15005	6539	4514	1566	1461
VV1_RS15015	687	1289	604	497
VV1_RS15020	37	261	26	30
VV1_RS15035	2360	1413	1184	822
VV1_RS15040	5573	1996	487	322
VV1_RS15055	676	1912	365	346
VV1_RS15060	2589	452	953	1074
