Gene	Identity	Score	Length	Mismatches	DE
VV1_RS08435	307	1625.0	309	2	0
VV1_RS12215	203	1074.0	206	3	0
VV1_RS12865	235	1279.0	239	4	0
VV1_RS08430	365	1958.0	366	1	0
VV1_RS01470	254	1382.0	258	4	0
VV1_RS02915	366	1963.0	367	1	0
VV1_RS12900	249	1338.0	249	0	0
VV1_RS03455	207	1110.0	209	2	0
VV1_RS03450	571	3031.0	571	0	0
VV1_RS07035	329	1776.0	331	2	0
VV1_RS01670	292	1546.0	294	2	0
VV1_RS13830	402	2138.0	404	2	0
VV1_RS03515	302	1632.0	302	0	0
VV1_RS06290	640	3400.0	640	0	0
VV1_RS13840	206	1099.0	211	5	0
VV1_RS01675	375	1975.0	376	1	0
VV1_RS14405	760	4104.0	760	0	0
VV1_RS11285	235	1260.0	235	0	0
VV1_RS00270	393	2089.0	395	2	0
VV1_RS10780	233	1266.0	235	2	0
VV1_RS02570	576	3046.0	579	3	0
VV1_RS05400	197	1041.0	201	4	0
VV1_RS05560	213	1096.0	213	0	0
VV1_RS14030	253	1351.0	257	4	0
VV1_RS12330	272	1452.0	275	3	0
VV1_RS09110	376	1933.0	376	0	0
VV1_RS00835	523	2682.0	523	0	0
VV1_RS13245	288	1519.0	289	1	0
VV1_RS06560	593	3059.0	594	1	0
VV1_RS08320	344	1798.0	346	2	0
VV1_RS13125	255	1350.0	257	2	0
VV1_RS03990	553	2914.0	555	2	0
VV1_RS08325	379	1913.0	383	4	0
VV1_RS08705	526	2703.0	528	2	0
VV1_RS03995	399	2124.0	401	2	0
VV1_RS10610	539	2831.0	541	2	0
VV1_RS08240	560	3001.0	561	1	0
VV1_RS10785	301	1617.0	304	3	0
VV1_RS08980	346	1811.0	346	0	0
VV1_RS08245	242	1284.0	242	0	0
VV1_RS08110	290	1579.0	292	2	0
VV1_RS06720	477	2534.0	479	2	0
VV1_RS09055	230	1229.0	233	3	0
VV1_RS06725	440	2277.0	444	4	0
VV1_RS08115	336	1814.0	337	1	0
VV1_RS14390	895	4710.0	903	8	0
VV1_RS05845	608	3257.0	608	0	0
VV1_RS13340	255	1356.0	255	0	0
VV1_RS08505	445	2365.0	445	0	0
VV1_RS14245	413	2167.0	413	0	0
VV1_RS05840	211	1111.0	211	0	0
VV1_RS03290	240	1287.0	241	1	0
VV1_RS05025	373	2000.0	377	4	0
VV1_RS01400	392	2091.0	393	1	0
VV1_RS06680	257	1370.0	258	1	0
VV1_RS03295	420	2206.0	421	1	0
VV1_RS01155	880	4726.0	883	3	0
VV1_RS14360	318	1623.0	318	0	0
VV1_RS03420	449	2414.0	453	4	0
VV1_RS03355	241	1254.0	241	0	0
VV1_RS03425	338	1801.0	338	0	0
VV1_RS00975	309	1643.0	311	2	0
VV1_RS13565	528	2810.0	530	2	0
VV1_RS04380	197	1023.0	201	4	0
VV1_RS11165	369	1990.0	371	2	0
VV1_RS13560	432	2301.0	437	5	0
VV1_RS14320	213	1136.0	213	0	0
VV1_RS02925	455	2337.0	455	0	0
VV1_RS02500	382	1940.0	382	0	0
VV1_RS07005	427	2307.0	427	0	0
VV1_RS13445	550	2958.0	553	3	0
VV1_RS02505	381	2036.0	382	1	0
VV1_RS05495	392	2029.0	395	3	0
VV1_RS15060	404	2172.0	404	0	0
VV1_RS06755	290	1546.0	290	0	0
VV1_RS04260	308	1663.0	308	0	0
VV1_RS07605	376	1896.0	376	0	0
VV1_RS13725	298	1569.0	301	3	0
VV1_RS13725	4	25.0	8	4	0
VV1_RS01085	308	1625.0	308	0	0
VV1_RS00065	443	2376.0	443	0	0
VV1_RS14235	336	1776.0	338	2	0
VV1_RS01080	274	1451.0	275	1	0
VV1_RS11675	398	2123.0	402	4	0
VV1_RS09135	487	2583.0	487	0	0
VV1_RS09270	353	1814.0	356	3	0
VV1_RS07600	591	3146.0	596	5	0
VV1_RS00935	307	1647.0	308	1	0
VV1_RS12600	207	1087.0	207	0	0
VV1_RS06535	834	4485.0	837	3	0
VV1_RS02110	432	2304.0	432	0	0
VV1_RS06530	298	1571.0	299	1	0
VV1_RS11245	1012	5453.0	1014	2	0
VV1_RS14705	230	1184.0	230	0	0
VV1_RS11240	229	1206.0	229	0	0
VV1_RS11185	236	1278.0	237	1	0
VV1_RS06430	305	1575.0	305	0	0
VV1_RS08615	255	1339.0	255	0	0
VV1_RS08615	7	37.0	22	15	0
VV1_RS13625	228	1241.0	231	3	0
VV1_RS07205	268	1423.0	272	4	0
VV1_RS12645	349	1883.0	350	1	0
VV1_RS08610	414	2164.0	414	0	0
VV1_RS01235	314	1629.0	314	0	0
VV1_RS10535	450	2374.0	451	1	0
VV1_RS02575	261	1397.0	263	2	0
VV1_RS10530	427	2148.0	428	1	0
VV1_RS01490	521	2728.0	521	0	0
VV1_RS12880	304	1622.0	306	2	0
VV1_RS01495	458	2445.0	458	0	0
VV1_RS01495	11	33.0	24	13	0
VV1_RS12885	342	1817.0	342	0	0
VV1_RS14400	235	1261.0	235	0	0
VV1_RS07930	359	1847.0	361	2	0
VV1_RS05225	263	1362.0	265	2	0
VV1_RS09695	346	1831.0	350	4	0
VV1_RS07935	430	2289.0	431	1	0
VV1_RS05220	443	2359.0	444	1	0
VV1_RS04310	838	4492.0	843	5	0
VV1_RS11100	311	1662.0	311	0	0
VV1_RS04315	461	2483.0	463	2	0
VV1_RS09975	206	1096.0	207	1	0
VV1_RS09750	666	3497.0	670	4	0
VV1_RS00650	230	1198.0	233	3	0
VV1_RS00120	442	2346.0	446	4	0
VV1_RS04910	508	2711.0	509	1	0
VV1_RS09810	397	2073.0	401	4	0
VV1_RS02940	626	3365.0	626	0	0
VV1_RS02600	405	2159.0	408	3	0
VV1_RS00085	615	3212.0	619	4	0
VV1_RS06220	226	1193.0	228	2	0
VV1_RS12505	397	2126.0	399	2	0
VV1_RS02605	257	1375.0	258	1	0
VV1_RS13190	339	1815.0	339	0	0
VV1_RS06225	337	1826.0	338	1	0
VV1_RS13055	511	2594.0	513	2	0
VV1_RS06135	371	1991.0	373	2	0
VV1_RS08970	280	1528.0	281	1	0
VV1_RS09900	758	4100.0	758	0	0
VV1_RS08875	433	2286.0	436	3	0
VV1_RS11015	244	1238.0	246	2	0
VV1_RS06980	502	2690.0	502	0	0
VV1_RS08870	319	1687.0	319	0	0
VV1_RS06985	363	1890.0	366	3	0
VV1_RS05660	303	1620.0	307	4	0
VV1_RS10400	305	1642.0	309	4	0
VV1_RS10405	803	4297.0	807	4	0
VV1_RS10405	28	60.0	120	92	0
VV1_RS05745	246	1285.0	246	0	0
VV1_RS07295	287	1482.0	287	0	0
VV1_RS00155	307	1598.0	307	0	0
VV1_RS06860	296	1552.0	296	0	0
VV1_RS00150	285	1471.0	285	0	0
VV1_RS13615	342	1837.0	347	5	0
VV1_RS02935	760	4031.0	761	1	0
VV1_RS02280	317	1685.0	317	0	0
VV1_RS02930	354	1806.0	355	1	0
VV1_RS03130	623	3321.0	626	3	0
VV1_RS13880	533	2751.0	533	0	0
VV1_RS03080	583	3108.0	585	2	0
VV1_RS04520	222	1147.0	222	0	0
VV1_RS03085	357	1912.0	360	3	0
VV1_RS01200	269	1417.0	269	0	0
VV1_RS08275	487	2532.0	488	1	0
VV1_RS00885	630	3378.0	634	4	0
VV1_RS03120	219	1177.0	220	1	0
VV1_RS14910	674	3561.0	678	4	0
VV1_RS01630	488	2614.0	490	2	0
VV1_RS07095	199	1012.0	203	4	0
VV1_RS12370	351	1851.0	352	1	0
VV1_RS04960	471	2541.0	473	2	0
VV1_RS07180	388	2094.0	389	1	0
VV1_RS00720	289	1485.0	290	1	0
VV1_RS14700	209	1119.0	211	2	0
VV1_RS00230	450	2411.0	455	5	0
VV1_RS06165	429	2263.0	429	0	0
VV1_RS13280	595	3199.0	599	4	0
VV1_RS05520	280	1468.0	280	0	0
VV1_RS02300	465	2527.0	466	1	0
VV1_RS09705	619	3204.0	623	4	0
VV1_RS02735	206	1041.0	206	0	0
VV1_RS02730	270	1450.0	273	3	0
VV1_RS12575	334	1764.0	336	2	0
VV1_RS10165	483	2503.0	486	3	0
VV1_RS13795	289	1533.0	291	2	0
VV1_RS07740	205	1098.0	205	0	0
VV1_RS06780	216	1127.0	216	0	0
VV1_RS01330	472	2532.0	474	2	0
VV1_RS07425	243	1257.0	243	0	0
VV1_RS08205	458	2424.0	459	1	0
VV1_RS01335	369	1950.0	370	1	0
VV1_RS04990	424	2267.0	426	2	0
VV1_RS08200	781	4196.0	782	1	0
VV1_RS00210	252	1355.0	252	0	0
VV1_RS14965	360	1947.0	361	1	0
VV1_RS10710	446	2374.0	451	5	0
VV1_RS06315	315	1664.0	318	3	0
VV1_RS01110	211	1115.0	211	0	0
VV1_RS12830	392	2103.0	395	3	0
VV1_RS04865	513	2684.0	513	0	0
VV1_RS01115	377	2026.0	377	0	0
VV1_RS01440	473	2446.0	474	1	0
VV1_RS01520	206	1081.0	208	2	0
VV1_RS13080	209	1101.0	211	2	0
VV1_RS08385	383	2038.0	386	3	0
VV1_RS05295	1043	5606.0	1048	5	0
VV1_RS12800	535	2789.0	539	4	0
VV1_RS01525	307	1632.0	307	0	0
VV1_RS08380	351	1908.0	355	4	0
VV1_RS03540	287	1454.0	290	3	0
VV1_RS00830	556	3000.0	556	0	0
VV1_RS01685	519	2654.0	519	0	0
VV1_RS07915	557	2992.0	557	0	0
VV1_RS12460	213	1078.0	216	3	0
VV1_RS05450	402	2051.0	405	3	0
VV1_RS12685	247	1302.0	252	5	0
VV1_RS02545	344	1852.0	344	0	0
VV1_RS13400	363	1940.0	364	1	0
VV1_RS10570	208	1103.0	210	2	0
VV1_RS14045	217	1156.0	222	5	0
VV1_RS14355	634	3308.0	639	5	0
VV1_RS05985	465	2430.0	467	2	0
VV1_RS05985	9	32.0	22	13	0
VV1_RS02425	595	3096.0	598	3	0
VV1_RS13370	272	1458.0	274	2	0
VV1_RS05240	594	3183.0	598	4	0
VV1_RS08470	298	1585.0	298	0	0
VV1_RS07630	209	1131.0	210	1	0
VV1_RS05505	322	1697.0	322	0	0
VV1_RS08475	323	1649.0	325	2	0
VV1_RS14785	371	1960.0	371	0	0
VV1_RS12480	324	1729.0	325	1	0
VV1_RS13170	221	1172.0	221	0	0
VV1_RS07910	328	1697.0	328	0	0
VV1_RS07015	443	2296.0	443	0	0
VV1_RS07735	475	2475.0	475	0	0
VV1_RS03495	298	1598.0	300	2	0
VV1_RS10830	515	2643.0	515	0	0
VV1_RS02010	325	1731.0	325	0	0
VV1_RS02015	298	1607.0	300	2	0
VV1_RS05500	225	1180.0	225	0	0
VV1_RS08650	354	1891.0	354	0	0
VV1_RS06000	252	1347.0	252	0	0
VV1_RS00195	353	1912.0	356	3	0
VV1_RS08655	634	3407.0	639	5	0
VV1_RS08655	7	39.0	23	16	0
VV1_RS14890	279	1497.0	279	0	0
VV1_RS06005	601	3235.0	605	4	0
VV1_RS05810	322	1733.0	322	0	0
VV1_RS01745	424	2149.0	426	2	0
VV1_RS12835	246	1285.0	247	1	0
VV1_RS10575	394	2084.0	396	2	0
VV1_RS11115	276	1459.0	276	0	0
VV1_RS04540	263	1407.0	268	5	0
VV1_RS11000	426	2238.0	430	4	0
VV1_RS03260	296	1565.0	297	1	0
VV1_RS05180	325	1675.0	325	0	0
VV1_RS12725	251	1336.0	256	5	0
VV1_RS04545	220	1122.0	223	3	0
VV1_RS12720	449	2324.0	453	4	0
VV1_RS05185	309	1600.0	312	3	0
VV1_RS10370	329	1762.0	331	2	0
VV1_RS10375	255	1323.0	256	1	0
VV1_RS10185	377	1966.0	378	1	0
NUDF	211	1108.0	211	0	0
VV1_RS09835	581	3074.0	583	2	0
VV1_RS09380	310	1658.0	310	0	0
VV1_RS14215	474	2437.0	476	2	0
VV1_RS03065	624	3277.0	624	0	0
VV1_RS04355	254	1370.0	256	2	0
VV1_RS04350	347	1855.0	347	0	0
VV1_RS07185	200	1075.0	200	0	0
VV1_RS07185	12	38.0	49	37	0
VV1_RS09015	483	2549.0	484	1	0
VV1_RS10900	435	2296.0	437	2	0
VV1_RS04210	195	1016.0	200	5	0
VV1_RS06175	325	1691.0	326	1	0
VV1_RS06760	215	1157.0	215	0	0
VV1_RS11215	294	1560.0	295	1	0
VV1_RS14620	543	2908.0	543	0	0
VV1_RS13905	204	1088.0	205	1	0
VV1_RS02860	601	3202.0	603	2	0
VV1_RS02645	318	1690.0	318	0	0
VV1_RS13935	255	1380.0	257	2	0
VV1_RS06265	210	1119.0	210	0	0
VV1_RS02640	426	2265.0	426	0	0
VV1_RS06260	259	1381.0	263	4	0
VV1_RS08830	804	4238.0	804	0	0
VV1_RS12945	433	2301.0	434	1	0
VV1_RS02160	267	1410.0	267	0	0
VV1_RS06500	376	2021.0	378	2	0
VV1_RS10885	489	2635.0	492	3	0
VV1_RS03265	308	1569.0	310	2	0
VV1_RS11140	277	1474.0	277	0	0
VV1_RS13710	261	1386.0	261	0	0
VV1_RS06465	424	2235.0	424	0	0
VV1_RS02080	204	1025.0	204	0	0
VV1_RS07250	226	1228.0	228	2	0
VV1_RS12610	596	3120.0	599	3	0
CYSJ	615	3244.0	616	1	0
VV1_RS10870	399	2154.0	401	2	0
VV1_RS10955	430	2304.0	434	4	0
VV1_RS12750	213	1125.0	213	0	0
VV1_RS14190	482	2523.0	482	0	0
VV1_RS10725	570	3060.0	571	1	0
VV1_RS11030	463	2501.0	465	2	0
VV1_RS13530	575	3097.0	580	5	0
VV1_RS05175	517	2780.0	518	1	0
VV1_RS13510	826	4370.0	831	5	0
VV1_RS14220	254	1350.0	255	1	0
VV1_RS05170	571	3040.0	571	0	0
VV1_RS14335	269	1400.0	270	1	0
VV1_RS09330	259	1379.0	262	3	0
VV1_RS07960	395	2091.0	395	0	0
VV1_RS09335	434	2311.0	438	4	0
VV1_RS05275	450	2399.0	451	1	0
VV1_RS00130	453	2290.0	453	0	0
VV1_RS03165	251	1324.0	255	4	0
VV1_RS00765	252	1338.0	252	0	0
VV1_RS13965	269	1438.0	269	0	0
VV1_RS14950	287	1539.0	288	1	0
VV1_RS00600	323	1730.0	323	0	0
VV1_RS10875	367	1954.0	368	1	0
VV1_RS02345	855	4490.0	857	2	0
VV1_RS14520	206	1086.0	206	0	0
VV1_RS04920	311	1659.0	312	1	0
VV1_RS10085	266	1405.0	266	0	0
VV1_RS04070	253	1332.0	254	1	0
VV1_RS06650	326	1767.0	326	0	0
VV1_RS04075	452	2361.0	453	1	0
VV1_RS09830	749	3913.0	749	0	0
VV1_RS12430	264	1360.0	265	1	0
VV1_RS02265	725	3826.0	730	5	0
VV1_RS04770	362	1914.0	366	4	0
VV1_RS06210	816	4369.0	817	1	0
VV1_RS08910	253	1366.0	255	2	0
VV1_RS06215	247	1301.0	247	0	0
VV1_RS00135	220	1171.0	221	1	0
VV1_RS08905	252	1348.0	252	0	0
VV1_RS08900	524	2795.0	527	3	0
VV1_RS08270	246	1259.0	248	2	0
VV1_RS10750	292	1564.0	297	5	0
VV1_RS10755	305	1633.0	305	0	0
VV1_RS10775	283	1514.0	288	5	0
VV1_RS06185	437	2318.0	438	1	0
VV1_RS09510	236	1231.0	239	3	0
VV1_RS10450	398	2108.0	398	0	0
VV1_RS00285	407	2199.0	409	2	0
VV1_RS11295	323	1735.0	327	4	0
VV1_RS12785	244	1298.0	244	0	0
RELA	740	3970.0	741	1	0
FADH	667	3568.0	670	3	0
VV1_RS08820	399	2119.0	402	3	0
VV1_RS06810	406	2134.0	406	0	0
VV1_RS05005	365	1896.0	365	0	0
VV1_RS00160	414	2178.0	415	1	0
VV1_RS13035	231	1195.0	231	0	0
VV1_RS08345	475	2477.0	478	3	0
VV1_RS14195	392	2107.0	392	0	0
VV1_RS12680	230	1233.0	230	0	0
VV1_RS01565	332	1753.0	334	2	0
VV1_RS12975	267	1401.0	269	2	0
VV1_RS09930	224	1162.0	225	1	0
VV1_RS03930	233	1256.0	236	3	0
MURF	450	2382.0	453	3	0
VV1_RS12970	216	1144.0	216	0	0
VV1_RS03505	574	2947.0	574	0	0
VV1_RS01395	263	1409.0	264	1	0
VV1_RS03110	252	1323.0	253	1	0
VV1_RS03500	207	1092.0	207	0	0
VV1_RS01640	352	1839.0	352	0	0
VV1_RS03115	469	2439.0	470	1	0
VV1_RS01390	373	1898.0	373	0	0
VV1_RS13525	233	1245.0	233	0	0
VV1_RS05415	274	1478.0	276	2	0
VV1_RS12320	529	2842.0	530	1	0
VV1_RS11070	314	1646.0	314	0	0
VV1_RS00265	201	1048.0	202	1	0
VV1_RS14555	396	2105.0	396	0	0
VV1_RS05555	466	2489.0	466	0	0
VV1_RS10010	231	1269.0	232	1	0
VV1_RS12440	219	1173.0	220	1	0
VV1_RS11320	319	1711.0	320	1	0
VV1_RS05550	268	1421.0	270	2	0
VV1_RS12445	308	1653.0	310	2	0
VV1_RS09565	285	1494.0	285	0	0
VV1_RS02745	258	1301.0	259	1	0
VV1_RS01990	208	1044.0	209	1	0
VV1_RS10150	284	1524.0	288	4	0
VV1_RS01995	326	1721.0	328	2	0
VV1_RS02740	281	1498.0	281	0	0
VV1_RS10640	207	1100.0	208	1	0
VV1_RS04785	222	1137.0	223	1	0
VV1_RS04785	5	22.0	14	9	0
VV1_RS08335	460	2361.0	464	4	0
VV1_RS13130	234	1256.0	235	1	0
VV1_RS08150	362	1926.0	362	0	0
VV1_RS08330	299	1596.0	301	2	0
VV1_RS04780	249	1305.0	250	1	0
VV1_RS10625	570	3054.0	571	1	0
VV1_RS13495	816	4302.0	817	1	0
VV1_RS10985	461	2413.0	462	1	0
VV1_RS08695	229	1199.0	231	2	0
VV1_RS08165	419	2100.0	420	1	0
VV1_RS03190	256	1365.0	260	4	0
VV1_RS06735	447	2371.0	449	2	0
VV1_RS09890	623	3212.0	626	3	0
VV1_RS08160	262	1408.0	265	3	0
VV1_RS01020	385	1995.0	385	0	0
VV1_RS06325	326	1713.0	326	0	0
VV1_RS05850	395	2059.0	396	1	0
VV1_RS14325	356	1894.0	359	3	0
VV1_RS04585	313	1665.0	313	0	0
VV1_RS08120	678	3618.0	679	1	0
VV1_RS13590	562	2902.0	566	4	0
VV1_RS01415	321	1726.0	321	0	0
VV1_RS10230	259	1362.0	260	1	0
VV1_RS09895	324	1736.0	326	2	0
VV1_RS13775	280	1461.0	280	0	0
VV1_RS00945	283	1483.0	284	1	0
VV1_RS05300	257	1340.0	259	2	0
VV1_RS04395	302	1532.0	302	0	0
VV1_RS12255	266	1389.0	268	2	0
VV1_RS00865	460	2401.0	462	2	0
VV1_RS03180	465	2492.0	466	1	0
VV1_RS04250	541	2915.0	542	1	0
VV1_RS08190	203	1048.0	203	0	0
VV1_RS00780	468	2377.0	468	0	0
VV1_RS02515	270	1376.0	271	1	0
VV1_RS12210	451	2321.0	456	5	0
VV1_RS13285	210	1105.0	212	2	0
VV1_RS08580	465	2445.0	466	1	0
VV1_RS14600	331	1763.0	331	0	0
VV1_RS14445	958	5130.0	959	1	0
VV1_RS04155	252	1318.0	255	3	0
VV1_RS13220	242	1287.0	244	2	0
VV1_RS04090	209	1078.0	210	1	0
VV1_RS14740	206	1112.0	209	3	0
VV1_RS04095	404	2114.0	405	1	0
VV1_RS08180	406	2160.0	406	0	0
PHEA	392	2081.0	392	0	0
VV1_RS07950	1060	5534.0	1060	0	0
VV1_RS14875	611	3246.0	616	5	0
VV1_RS07955	426	2274.0	430	4	0
VV1_RS09365	922	4997.0	925	3	0
VV1_RS08760	343	1810.0	345	2	0
VV1_RS10420	817	4391.0	822	5	0
VV1_RS11275	333	1809.0	336	3	0
VV1_RS02045	487	2547.0	487	0	0
VV1_RS10480	495	2670.0	497	2	0
VV1_RS10480	4	28.0	6	2	0
VV1_RS06030	440	2375.0	441	1	0
VV1_RS10485	317	1716.0	318	1	0
VV1_RS06035	382	1994.0	387	5	0
VV1_RS08605	446	2376.0	446	0	0
VV1_RS07215	345	1835.0	345	0	0
VV1_RS10520	362	1939.0	362	0	0
VV1_RS00995	572	3006.0	574	2	0
VV1_RS07210	234	1254.0	236	2	0
VV1_RS01730	296	1545.0	299	3	0
VV1_RS13760	394	2139.0	394	0	0
VV1_RS14310	211	1110.0	213	2	0
VV1_RS04510	433	2323.0	435	2	0
VV1_RS10240	345	1839.0	346	1	0
VV1_RS11235	229	1207.0	229	0	0
VV1_RS15005	289	1533.0	289	0	0
VV1_RS04515	497	2610.0	497	0	0
VV1_RS12890	400	2032.0	401	1	0
VV1_RS03330	320	1609.0	321	1	0
VV1_RS12895	364	1896.0	365	1	0
VV1_RS03335	320	1671.0	323	3	0
VV1_RS13910	455	2423.0	456	1	0
VV1_RS05235	332	1767.0	335	3	0
VV1_RS05230	297	1554.0	298	1	0
VV1_RS12925	467	2416.0	467	0	0
VV1_RS07920	1127	6022.0	1129	2	0
VV1_RS09795	254	1358.0	255	1	0
VV1_RS09960	260	1336.0	260	0	0
VV1_RS09745	386	2045.0	386	0	0
VV1_RS06610	255	1342.0	255	0	0
VV1_RS09740	250	1321.0	252	2	0
VV1_RS12265	303	1581.0	303	0	0
VV1_RS02385	650	3474.0	651	1	0
VV1_RS14170	462	2438.0	465	3	0
VV1_RS12620	884	4641.0	885	1	0
FOLP	273	1438.0	276	3	0
VV1_RS14710	212	1127.0	213	1	0
VV1_RS02950	272	1449.0	274	2	0
VV1_RS02225	258	1373.0	258	0	0
VV1_RS13955	282	1476.0	283	1	0
VV1_RS13490	373	1984.0	374	1	0
VV1_RS08940	223	1202.0	225	2	0
VV1_RS14770	212	1082.0	212	0	0
VV1_RS02630	291	1554.0	293	2	0
VV1_RS14775	285	1497.0	286	1	0
VV1_RS06250	339	1831.0	339	0	0
VV1_RS13045	323	1701.0	323	0	0
VV1_RS13865	345	1815.0	346	1	0
VV1_RS07800	235	1274.0	238	3	0
VV1_RS06990	357	1849.0	357	0	0
VV1_RS13850	244	1265.0	245	1	0
VV1_RS10790	399	2023.0	401	2	0
VV1_RS12780	481	2559.0	482	1	0
VV1_RS07045	417	2236.0	418	1	0
VV1_RS13435	299	1492.0	301	2	0
VV1_RS10415	817	4382.0	820	3	0
VV1_RS06855	346	1795.0	347	1	0
VV1_RS05770	362	1915.0	362	0	0
VV1_RS10410	767	4158.0	768	1	0
VV1_RS11230	220	1128.0	221	1	0
VV1_RS05040	303	1637.0	305	2	0
VV1_RS05120	1039	5474.0	1039	0	0
VV1_RS07810	786	4159.0	789	3	0
VV1_RS05125	366	1913.0	368	2	0
VV1_RS13390	593	3110.0	595	2	0
VV1_RS03095	378	2012.0	382	4	0
VV1_RS03090	647	3393.0	650	3	0
VV1_RS14900	331	1741.0	331	0	0
VV1_RS14900	5	26.0	25	20	0
VV1_RS14365	203	1092.0	203	0	0
VV1_RS00730	402	2097.0	402	0	0
VV1_RS13205	365	1922.0	368	3	0
VV1_RS13480	208	1104.0	208	0	0
VV1_RS07160	348	1882.0	350	2	0
VV1_RS13705	331	1765.0	331	0	0
VV1_RS04970	263	1391.0	264	1	0
VV1_RS04180	251	1318.0	253	2	0
VV1_RS14515	234	1171.0	236	2	0
VV1_RS00630	565	3022.0	565	0	0
VV1_RS14120	332	1737.0	332	0	0
VV1_RS04975	212	1075.0	214	2	0
VV1_RS00635	283	1506.0	284	1	0
VV1_RS14510	318	1659.0	320	2	0
VV1_RS09410	403	2135.0	403	0	0
VV1_RS04020	288	1508.0	288	0	0
VV1_RS02250	232	1230.0	232	0	0
VV1_RS00180	540	2817.0	544	4	0
VV1_RS02255	272	1455.0	272	0	0
VV1_RS04025	321	1649.0	323	2	0
VV1_RS01955	453	2423.0	453	0	0
VV1_RS13265	250	1311.0	254	4	0
VV1_RS10110	349	1868.0	349	0	0
VV1_RS11155	271	1456.0	272	1	0
VV1_RS12615	419	2236.0	420	1	0
VV1_RS10665	506	2698.0	507	1	0
VV1_RS07435	423	2227.0	426	3	0
VV1_RS08895	229	1185.0	229	0	0
VV1_RS12295	272	1447.0	272	0	0
VV1_RS09500	328	1737.0	333	5	0
VV1_RS08890	282	1502.0	284	2	0
VV1_RS10460	318	1613.0	321	3	0
VV1_RS13215	312	1676.0	313	1	0
VV1_RS10465	309	1535.0	310	1	0
VV1_RS03105	609	3216.0	610	1	0
VV1_RS06675	575	3083.0	578	3	0
VV1_RS05950	447	2291.0	448	1	0
VV1_RS04890	245	1267.0	246	1	0
VV1_RS13635	473	2367.0	475	2	0
VV1_RS10825	576	3077.0	581	5	0
VV1_RS04895	258	1363.0	258	0	0
VV1_RS12845	458	2351.0	458	0	0
VV1_RS09855	259	1369.0	262	3	0
VV1_RS03385	451	2311.0	451	0	0
VV1_RS00985	298	1522.0	300	2	0
VV1_RS03475	208	1053.0	217	9	0
VV1_RS11290	244	1288.0	247	3	0
VV1_RS01510	362	1955.0	363	1	0
VV1_RS04980	479	2463.0	481	2	0
VV1_RS13430	305	1608.0	306	1	0
VV1_RS14420	408	2187.0	411	3	0
VV1_RS05340	403	2096.0	403	0	0
VV1_RS14425	302	1610.0	302	0	0
VV1_RS02555	444	2377.0	444	0	0
VV1_RS14050	217	1150.0	218	1	0
VV1_RS05310	293	1494.0	295	2	0
VV1_RS10770	420	2269.0	422	2	0
VV1_RS13385	318	1696.0	319	1	0
VV1_RS02415	326	1734.0	328	2	0
VV1_RS13620	308	1652.0	310	2	0
VV1_RS08095	300	1595.0	302	2	0
VV1_RS04115	226	1204.0	228	2	0
VV1_RS14110	612	3297.0	613	1	0
VV1_RS02410	355	1909.0	356	1	0
VV1_RS02410	4	25.0	6	2	0
VV1_RS04110	678	3629.0	679	1	0
VV1_RS08090	708	3706.0	708	0	0
VV1_RS07385	204	1059.0	206	2	0
VV1_RS07645	264	1335.0	264	0	0
VV1_RS01195	283	1498.0	283	0	0
VV1_RS08460	341	1774.0	343	2	0
VV1_RS07640	396	2051.0	396	0	0
VV1_RS01210	290	1539.0	291	1	0
VV1_RS12350	203	1071.0	206	3	0
VV1_RS03155	343	1850.0	348	5	0
VV1_RS08300	415	2200.0	416	1	0
VV1_RS02005	637	3308.0	637	0	0
VV1_RS10800	378	2023.0	380	2	0
VV1_RS02000	201	1059.0	203	2	0
VV1_RS05785	427	2237.0	429	2	0
VV1_RS12690	760	4049.0	762	2	0
VV1_RS08645	416	2236.0	416	0	0
VV1_RS05780	229	1210.0	230	1	0
VV1_RS10835	469	2454.0	471	2	0
VV1_RS06070	470	2377.0	471	1	0
VV1_RS15055	440	2349.0	440	0	0
VV1_RS07310	230	1213.0	230	0	0
VV1_RS05820	448	2382.0	448	0	0
VV1_RS10560	238	1259.0	238	0	0
VV1_RS08520	268	1433.0	269	1	0
VV1_RS08480	604	3236.0	607	3	0
VV1_RS10205	227	1188.0	227	0	0
VV1_RS03275	322	1718.0	322	0	0
VV1_RS04805	538	2881.0	539	1	0
VV1_RS10360	205	1092.0	210	5	0
VV1_RS03375	287	1527.0	287	0	0
VV1_RS13755	818	4442.0	820	2	0
VV1_RS10365	544	2839.0	546	2	0
VV1_RS01585	218	1150.0	218	0	0
VV1_RS13505	498	2673.0	502	4	0
VV1_RS04360	249	1265.0	249	0	0
VV1_RS14125	230	1216.0	232	2	0
VV1_RS00850	529	2742.0	530	1	0
VV1_RS03075	235	1245.0	238	3	0
VV1_RS09925	246	1276.0	246	0	0
VV1_RS04200	230	1224.0	233	3	0
VV1_RS07235	315	1684.0	317	2	0
VV1_RS09025	355	1804.0	356	1	0
VV1_RS13095	575	3017.0	578	3	0
VV1_RS13100	384	2044.0	386	2	0
VV1_RS10980	277	1450.0	279	2	0
VV1_RS09140	344	1819.0	344	0	0
VV1_RS06770	665	3584.0	665	0	0
VV1_RS12290	231	1177.0	232	1	0
VV1_RS09145	469	2478.0	471	2	0
VV1_RS02670	238	1263.0	238	0	0
VV1_RS02690	313	1684.0	318	5	0
VV1_RS11260	240	1285.0	241	1	0
VV1_RS00070	200	1075.0	202	2	0
VV1_RS13515	220	1190.0	220	0	0
VV1_RS02855	287	1528.0	287	0	0
VV1_RS13105	432	2329.0	434	2	0
VV1_RS14735	441	2242.0	441	0	0
VV1_RS10145	244	1304.0	245	1	0
VV1_RS06515	403	2141.0	403	0	0
VV1_RS08825	451	2344.0	452	1	0
VV1_RS06510	262	1326.0	263	1	0
VV1_RS02075	386	2024.0	386	0	0
VV1_RS10895	311	1648.0	311	0	0
VV1_RS08630	407	2172.0	407	0	0
VV1_RS06450	335	1790.0	335	0	0
VV1_RS08635	333	1771.0	335	2	0
VV1_RS13645	401	2166.0	402	1	0
VV1_RS06895	459	2440.0	459	0	0
VV1_RS07260	263	1383.0	264	1	0
VV1_RS12660	278	1481.0	280	2	0
VV1_RS10765	200	1059.0	200	0	0
VV1_RS02985	247	1280.0	250	3	1
VV1_RS03200	774	4143.0	776	2	0
VV1_RS09870	644	3461.0	644	0	0
VV1_RS03205	427	2254.0	428	1	0
VV1_RS03205	6	33.0	13	7	0
VV1_RS02980	417	2160.0	418	1	0
VV1_RS09285	203	1058.0	205	2	0
VV1_RS07855	336	1809.0	337	1	0
VV1_RS10050	264	1418.0	264	0	0
VV1_RS07850	404	2083.0	409	5	0
VV1_RS13845	255	1345.0	257	2	0
VV1_RS09850	249	1322.0	251	2	0
VV1_RS07760	305	1608.0	307	2	0
VV1_RS06585	222	1147.0	222	0	0
VV1_RS09325	402	2115.0	404	2	0
VV1_RS10930	210	1065.0	210	0	0
THRS	641	3479.0	642	1	0
VV1_RS06580	273	1468.0	275	2	0
VV1_RS07820	863	4605.0	865	2	0
GAPA	345	1851.0	346	1	0
VV1_RS00775	437	2332.0	440	3	0
VV1_RS10130	500	2613.0	501	1	0
VV1_RS10425	225	1132.0	228	3	0
VV1_RS00770	252	1355.0	252	0	0
VV1_RS13595	213	1127.0	216	3	0
VV1_RS06060	509	2709.0	510	1	0
VV1_RS10090	262	1404.0	263	1	0
VV1_RS04930	547	2901.0	548	1	0
VV1_RS10095	444	2353.0	445	1	0
VV1_RS05380	232	1237.0	233	1	0
VV1_RS02215	202	1073.0	202	0	0
VV1_RS00575	414	2240.0	418	4	0
VV1_RS04060	341	1774.0	341	0	0
VV1_RS02210	301	1595.0	301	0	0
VV1_RS09515	229	1164.0	231	2	0
VV1_RS04705	312	1633.0	313	1	0
VV1_RS06205	467	2469.0	468	1	0
VV1_RS04700	325	1705.0	326	1	0
VV1_RS09800	1153	6157.0	1153	0	0
VV1_RS08850	262	1383.0	262	0	0
VV1_RS08850	19	60.0	76	57	0
VV1_RS14905	292	1559.0	294	2	0
VV1_RS08375	334	1807.0	339	5	0
VV1_RS06190	211	1109.0	211	0	0
VV1_RS06960	389	2023.0	390	1	0
VV1_RS10745	514	2773.0	519	5	0
VV1_RS06965	327	1748.0	331	4	0
VV1_RS06195	392	2112.0	394	2	0
VV1_RS06615	463	2437.0	464	1	0
VV1_RS13780	460	2362.0	461	1	0
VV1_RS04905	306	1637.0	306	0	0
VV1_RS05930	227	1180.0	227	0	0
VV1_RS10735	401	2143.0	403	2	0
VV1_RS06805	574	3004.0	574	0	0
VV1_RS05010	362	1889.0	367	5	0
VV1_RS03850	349	1890.0	352	3	0
VV1_RS00170	242	1276.0	242	0	0
VV1_RS10080	237	1253.0	237	0	0
VV1_RS08350	476	2437.0	477	1	0
VV1_RS01550	292	1537.0	294	2	0
VV1_RS15035	328	1734.0	329	1	0
VV1_RS01555	619	3308.0	621	2	0
VV1_RS12965	228	1232.0	231	3	0
VV1_RS09440	420	2226.0	421	1	0
VV1_RS12960	644	3396.0	644	0	0
VV1_RS13860	355	1888.0	357	2	0
VV1_RS01655	1292	6929.0	1296	4	0
VV1_RS02590	437	2217.0	437	0	0
VV1_RS05420	332	1793.0	332	0	0
VV1_RS04915	612	3274.0	613	1	0
VV1_RS02595	236	1269.0	239	3	0
VV1_RS00705	287	1548.0	291	4	0
VV1_RS00255	213	1120.0	218	5	0
VV1_RS02450	242	1271.0	242	0	0
VV1_RS05540	806	4302.0	809	3	0
VV1_RS12535	547	2917.0	547	0	0
VV1_RS14010	374	1957.0	374	0	0
VV1_RS05545	207	1073.0	207	0	0
VV1_RS12450	315	1677.0	315	0	0
VV1_RS07680	246	1310.0	246	0	0
VV1_RS12455	248	1306.0	248	0	0
VV1_RS11225	323	1700.0	323	0	0
VV1_RS10060	225	1127.0	225	0	0
VV1_RS10140	323	1726.0	323	0	0
VV1_RS12590	222	1171.0	222	0	0
VV1_RS01985	374	1992.0	375	1	0
VV1_RS01985	8	30.0	33	25	0
VV1_RS12595	665	3532.0	666	1	0
VV1_RS09940	264	1426.0	268	4	0
VV1_RS07765	255	1298.0	256	1	0
VV1_RS10630	452	2430.0	453	1	0
VV1_RS15015	622	3259.0	624	2	0
VV1_RS04790	244	1288.0	245	1	0
VV1_RS13990	445	2375.0	449	4	0
VV1_RS10635	415	2149.0	417	2	0
VV1_RS07445	421	2239.0	423	2	0
VV1_RS12160	310	1671.0	310	0	0
VV1_RS07090	243	1280.0	243	0	0
VV1_RS07785	451	2423.0	453	2	0
VV1_RS08220	305	1647.0	307	2	0
VV1_RS05900	434	2208.0	435	1	0
VV1_RS09095	299	1597.0	300	1	0
VV1_RS14495	253	1357.0	255	2	0
VV1_RS11160	391	2076.0	394	3	0
VV1_RS13600	206	1076.0	207	1	0
VV1_RS08170	257	1344.0	258	1	0
VV1_RS10850	718	3787.0	723	5	0
VV1_RS06335	240	1265.0	240	0	0
VV1_RS04590	595	3176.0	595	0	0
VV1_RS10705	471	2401.0	472	1	0
VV1_RS06330	260	1361.0	260	0	0
VV1_RS08070	241	1275.0	243	2	0
VV1_RS11005	290	1503.0	294	4	0
VV1_RS04845	270	1411.0	270	0	0
VV1_RS12815	324	1713.0	324	0	0
VV1_RS15040	285	1560.0	288	3	0
VV1_RS04400	274	1448.0	275	1	0
VV1_RS12365	201	1067.0	202	1	0
VV1_RS12790	498	2697.0	500	2	0
VV1_RS13545	445	2338.0	449	4	0
VV1_RS13545	5	30.0	7	2	0
VV1_RS03400	234	1223.0	234	0	0
VV1_RS00950	307	1608.0	307	0	0
VV1_RS09880	221	1144.0	221	0	0
VV1_RS05335	389	2077.0	393	4	0
VV1_RS03035	202	1047.0	203	1	0
VV1_RS14300	517	2681.0	519	2	0
VV1_RS14260	305	1580.0	307	2	0
VV1_RS05330	395	2116.0	395	0	0
VV1_RS13465	559	2898.0	560	1	0
VV1_RS00790	222	1180.0	222	0	0
VV1_RS12985	471	2441.0	476	5	0
VV1_RS00795	547	2928.0	549	2	0
VV1_RS14065	361	1938.0	364	3	0
VV1_RS13355	244	1299.0	245	1	0
VV1_RS04125	466	2351.0	467	1	0
VV1_RS08595	376	2026.0	376	0	0
VV1_RS13350	562	3032.0	562	0	0
VV1_RS09100	374	1937.0	377	3	0
VV1_RS04120	689	3652.0	693	4	0
VV1_RS07610	314	1654.0	316	2	0
VV1_RS08455	283	1460.0	283	0	0
VV1_RS06715	372	1951.0	376	4	0
VV1_RS14660	466	2509.0	466	0	0
VV1_RS14845	303	1620.0	304	1	0
VV1_RS07945	361	1866.0	364	3	0
VV1_RS09310	660	3442.0	660	0	0
VV1_RS06410	207	1095.0	208	1	0
VV1_RS06410	5	20.0	11	6	0
VV1_RS02035	561	3005.0	563	2	0
VV1_RS07895	331	1787.0	331	0	0
VV1_RS09920	256	1335.0	256	0	0
VV1_RS11145	210	1126.0	210	0	0
VV1_RS08770	243	1296.0	245	2	0
VV1_RS06020	211	1113.0	211	0	0
VV1_RS07220	368	1950.0	368	0	0
VV1_RS06790	545	2825.0	551	6	0
VV1_RS13605	509	2711.0	509	0	0
VV1_RS12710	389	2095.0	392	3	0
VV1_RS06025	314	1640.0	317	3	0
VV1_RS10490	199	1058.0	202	3	0
VV1_RS06795	279	1488.0	282	3	0
VV1_RS13665	342	1823.0	343	1	0
VV1_RS07340	387	2061.0	391	4	0
VV1_RS06385	334	1793.0	336	2	0
VV1_RS08575	218	1172.0	222	4	0
VV1_RS07345	405	2120.0	410	5	0
VV1_RS04565	257	1337.0	257	0	0
VV1_RS06540	334	1781.0	335	1	0
VV1_RS10255	385	2087.0	387	2	0
VV1_RS14385	209	1098.0	213	4	0
VV1_RS04560	288	1532.0	291	3	0
VV1_RS03320	261	1334.0	262	1	0
VV1_RS05200	285	1524.0	287	2	0
VV1_RS10395	585	3053.0	587	2	0
VV1_RS03325	267	1392.0	267	0	0
VV1_RS00925	262	1309.0	264	2	0
VV1_RS09815	227	1189.0	227	0	0
VV1_RS04330	211	1140.0	212	1	0
VV1_RS09775	290	1568.0	291	1	0
VV1_RS13695	318	1667.0	320	2	0
VV1_RS04335	205	1092.0	205	0	0
ZNUC	261	1362.0	261	0	0
VV1_RS12230	320	1692.0	321	1	0
VV1_RS12275	588	3148.0	592	4	0
VV1_RS04235	308	1600.0	309	1	0
VV1_RS08685	220	1125.0	222	2	0
VV1_RS14115	347	1824.0	347	0	0
VV1_RS14165	223	1189.0	227	4	0
VV1_RS14160	245	1305.0	247	2	0
VV1_RS13180	270	1440.0	271	1	0
VV1_RS13930	413	2238.0	418	5	0
VV1_RS07885	295	1568.0	296	1	0
VV1_RS02625	226	1202.0	226	0	0
VV1_RS11010	289	1495.0	293	4	0
VV1_RS13070	214	1126.0	219	5	0
VV1_RS07510	297	1555.0	298	1	0
VV1_RS07510	6	27.0	9	3	0
VV1_RS14765	891	4743.0	891	0	0
VV1_RS02145	402	2155.0	404	2	0
VV1_RS12795	228	1199.0	228	0	0
VV1_RS15020	307	1548.0	311	4	0
VV1_RS08815	279	1427.0	280	1	0
VV1_RS04620	647	3498.0	647	0	0
VV1_RS00165	474	2525.0	478	4	0
VV1_RS05510	285	1508.0	285	0	0
VV1_RS08810	251	1340.0	251	0	0
VV1_RS14290	311	1658.0	315	4	0
VV1_RS05760	305	1629.0	308	3	0
VV1_RS11900	245	1319.0	250	5	0
VV1_RS07515	329	1703.0	330	1	0
VV1_RS08395	533	2770.0	533	0	0
VV1_RS12630	276	1434.0	278	2	0
VV1_RS11180	432	2331.0	437	5	0
VV1_RS12635	452	2399.0	452	0	0
VV1_RS05885	205	1029.0	207	2	0
VV1_RS13320	225	1134.0	225	0	0
VV1_RS07305	295	1563.0	297	2	0
VV1_RS02525	748	3967.0	748	0	0
VV1_RS13690	536	2872.0	538	2	0
VV1_RS10580	488	2595.0	492	4	0
VV1_RS07865	341	1825.0	342	1	0
VV1_RS09255	738	3815.0	741	3	0
VV1_RS02815	397	2055.0	397	0	0
VV1_RS05110	494	2653.0	494	0	0
VV1_RS09250	246	1278.0	246	0	0
VV1_RS07860	539	2827.0	541	2	0
VV1_RS07830	421	2052.0	421	0	0
VV1_RS14060	531	2844.0	535	4	0
VV1_RS01345	291	1502.0	291	0	0
VV1_RS14935	247	1232.0	247	0	0
VV1_RS03145	600	3239.0	601	1	0
VV1_RS08995	401	2116.0	403	2	0
VV1_RS03140	574	3079.0	574	0	0
VV1_RS09265	258	1352.0	258	0	0
VV1_RS02520	262	1303.0	263	1	0
VV1_RS04945	291	1570.0	293	2	0
VV1_RS11200	257	1359.0	258	1	0
VV1_RS00190	415	2223.0	418	3	0
VV1_RS04195	340	1786.0	340	0	0
VV1_RS00625	385	2065.0	390	5	0
VV1_RS04190	397	2091.0	399	2	0
VV1_RS02360	241	1282.0	241	0	0
VV1_RS02240	219	1169.0	224	5	0
VV1_RS00580	220	1159.0	222	2	0
VV1_RS04055	345	1820.0	347	2	0
VV1_RS09420	336	1795.0	337	1	0
VV1_RS04050	603	3229.0	608	5	0
VV1_RS12555	636	3352.0	639	3	0
VV1_RS08920	243	1301.0	243	0	0
VV1_RS10100	240	1253.0	240	0	0
VV1_RS08925	413	2181.0	416	3	0
VV1_RS07400	597	3169.0	597	0	0
VV1_RS13500	223	1172.0	223	0	0
VV1_RS07405	299	1577.0	299	0	0
VV1_RS11205	217	1159.0	217	0	0
VV1_RS14980	1036	5414.0	1037	1	0
VV1_RS06930	331	1779.0	334	3	0
VV1_RS09105	376	1929.0	377	1	0
VV1_RS14985	355	1840.0	355	0	0
VV1_RS06935	405	2178.0	406	1	0
VV1_RS10470	264	1365.0	264	0	0
VV1_RS07290	358	1907.0	358	0	0
VV1_RS02390	554	2947.0	555	1	0
VV1_RS13770	261	1348.0	264	3	0
VV1_RS08400	332	1753.0	333	1	0
VV1_RS01460	224	1118.0	225	1	0
VV1_RS11045	1276	6832.0	1278	2	0
VV1_RS14815	603	3220.0	606	3	0
VV1_RS11040	946	5093.0	950	4	0
VV1_RS14240	263	1408.0	267	4	0
VV1_RS12855	210	1087.0	211	1	0
VV1_RS04495	329	1698.0	330	1	0
VV1_RS03915	392	2108.0	396	4	0
VV1_RS01505	246	1325.0	247	1	0
VV1_RS13585	381	2027.0	381	0	0
VV1_RS13585	8	28.0	18	10	0
VV1_RS05370	416	2212.0	417	1	0
VV1_RS01660	529	2815.0	529	0	0
VV1_RS10730	289	1461.0	292	3	0
VV1_RS03565	330	1706.0	330	0	0
VV1_RS14295	1031	5383.0	1036	5	0
VV1_RS05470	206	1034.0	206	0	0
VV1_RS02565	288	1534.0	289	1	0
VV1_RS14435	376	2022.0	377	1	0
VV1_RS04285	609	3211.0	609	0	0
VV1_RS12300	481	2586.0	484	3	0
VV1_RS14825	220	1137.0	220	0	0
VV1_RS02400	332	1786.0	334	2	0
VV1_RS05570	366	1981.0	369	3	0
VV1_RS12305	673	3555.0	677	4	0
VV1_RS14180	313	1640.0	313	0	0
VV1_RS13250	399	2067.0	401	2	0
VV1_RS02760	378	2016.0	379	1	0
VV1_RS00690	754	4010.0	758	4	0
VV1_RS02765	267	1405.0	269	2	0
VV1_RS07175	208	1103.0	208	0	0
VV1_RS13150	387	2039.0	388	1	0
VV1_RS09985	739	3919.0	741	2	0
VV1_RS07650	458	2366.0	458	0	0
VV1_RS05135	670	3590.0	672	2	0
VV1_RS01180	346	1839.0	347	1	0
VV1_RS08315	314	1640.0	314	0	0
VV1_RS03965	266	1430.0	269	3	0
VV1_RS08310	321	1684.0	321	0	0
VV1_RS10935	513	2749.0	515	2	0
VV1_RS05585	262	1383.0	263	1	0
VV1_RS13540	218	1138.0	219	1	0
VV1_RS09980	234	1231.0	234	0	0
VV1_RS09045	335	1798.0	339	4	0
VV1_RS03945	261	1402.0	263	2	0
VV1_RS12735	475	2485.0	477	2	0
VV1_RS06065	293	1506.0	295	2	0
VV1_RS11130	264	1408.0	267	3	0
GLNG	469	2496.0	469	0	0
VV1_RS12360	947	5148.0	951	4	0
VV1_RS01760	375	1978.0	379	4	0
VV1_RS01760	15	30.0	53	38	0
VV1_RS05835	648	3467.0	650	2	0
VV1_RS12435	259	1384.0	262	3	0
VV1_RS11190	213	1128.0	214	1	0
VV1_RS01005	374	1964.0	375	1	0
VV1_RS03280	855	4448.0	859	4	0
VV1_RS13825	242	1298.0	243	1	0
VV1_RS05580	223	1198.0	227	4	0
VV1_RS07300	205	1050.0	206	1	0
VV1_RS04835	292	1495.0	293	1	0
VV1_RS10215	355	1772.0	355	0	0
VV1_RS04830	257	1358.0	257	0	0
VV1_RS13195	377	2051.0	378	1	0
VV1_RS12980	541	2837.0	545	4	0
VV1_RS03360	485	2565.0	487	2	0
VV1_RS12495	477	2490.0	477	0	0
VV1_RS03045	339	1792.0	339	0	0
VV1_RS13450	284	1514.0	284	0	0
VV1_RS09915	255	1353.0	256	1	0
VV1_RS00845	403	2108.0	404	1	0
VV1_RS13455	415	2214.0	415	0	0
VV1_RS13405	420	2215.0	420	0	0
VV1_RS12285	238	1267.0	239	1	0
VV1_RS06740	371	1977.0	373	2	0
VV1_RS04275	213	1115.0	213	0	0
VV1_RS10925	633	3358.0	637	4	0
VV1_RS06745	583	3059.0	587	4	0
VV1_RS10125	327	1752.0	330	3	0
VV1_RS10920	930	4945.0	935	5	0
VV1_RS14440	414	2226.0	414	0	0
VV1_RS12490	206	1110.0	206	0	0
VV1_RS06660	218	1168.0	220	2	0
VV1_RS13630	536	2751.0	538	2	0
VV1_RS04175	273	1447.0	275	2	0
VV1_RS06280	324	1734.0	325	1	0
VV1_RS13680	223	1135.0	223	0	0
VV1_RS02840	574	3022.0	576	2	0
VV1_RS07835	397	2104.0	398	1	0
VV1_RS07835	9	37.0	25	16	0
VV1_RS09260	375	1962.0	376	1	0
VV1_RS09340	406	2158.0	408	2	0
VV1_RS06520	624	3342.0	624	0	0
VV1_RS13475	758	4054.0	761	3	0
VV1_RS09345	242	1280.0	243	1	0
VV1_RS13985	434	2325.0	435	1	0
VV1_RS02100	373	2013.0	374	1	0
VV1_RS02060	340	1819.0	340	0	0
VV1_RS11255	537	2840.0	542	5	0
VV1_RS02065	289	1560.0	294	5	0
VV1_RS12395	403	2048.0	406	3	0
VV1_RS08620	209	1077.0	210	1	0
VV1_RS06880	1291	6800.0	1295	4	0
VV1_RS05725	1400	7479.0	1400	0	0
VV1_RS08305	493	2606.0	495	2	0
VV1_RS01715	381	2003.0	381	0	0
VV1_RS06885	272	1461.0	274	2	0
VV1_RS12675	697	3701.0	699	2	0
VV1_RS10910	231	1226.0	234	3	0
VV1_RS12670	279	1500.0	280	1	0
VV1_RS10505	279	1501.0	279	0	0
VV1_RS07375	534	2897.0	535	1	0
VV1_RS04530	610	3301.0	611	1	0
VV1_RS04530	7	30.0	13	6	0
VV1_RS02995	226	1195.0	226	0	0
VV1_RS09290	222	1079.0	222	0	0
VV1_RS02990	504	2691.0	505	1	0
VV1_RS04535	300	1547.0	304	4	0
VV1_RS01485	752	3959.0	754	2	0
VV1_RS09295	247	1272.0	247	0	0
VV1_RS14800	441	2320.0	444	3	0
VV1_RS05250	456	2270.0	458	2	0
VV1_RS14805	333	1761.0	333	0	0
VV1_RS05255	202	1057.0	203	1	0
VV1_RS09865	422	2278.0	423	1	0
VV1_RS07905	341	1787.0	341	0	0
VV1_RS09720	711	3856.0	711	0	0
VV1_RS05390	235	1227.0	238	3	0
VV1_RS07900	326	1757.0	327	1	0
VV1_RS09860	508	2759.0	510	2	0
VV1_RS09725	325	1754.0	328	3	0
VV1_RS04900	400	2058.0	401	1	0
VV1_RS13270	327	1636.0	331	4	0
HFLB	650	3434.0	650	0	0
VV1_RS06800	368	1891.0	373	5	0
VV1_RS09460	291	1560.0	291	0	0
VV1_RS14155	353	1816.0	353	0	0
VV1_RS08670	451	2335.0	454	3	0
VV1_RS09465	368	1961.0	368	0	0
VV1_RS14650	294	1567.0	296	2	0
VV1_RS02205	543	2943.0	544	1	0
VV1_RS00095	783	4119.0	783	0	0
VV1_RS02610	475	2464.0	476	1	0
VV1_RS02200	437	2363.0	437	0	0
VV1_RS13975	349	1898.0	350	1	0
VV1_RS09505	539	2871.0	544	5	0
VV1_RS07025	439	2344.0	440	1	0
VV1_RS14790	478	2477.0	478	0	0
VV1_RS13610	550	2955.0	553	3	0
VV1_RS07320	217	1121.0	218	1	0
VV1_RS14795	389	2069.0	394	5	0
VV1_RS06230	363	1895.0	363	0	0
VV1_RS13025	377	2053.0	380	3	0
VV1_RS09385	360	1904.0	361	1	0
VV1_RS09385	6	28.0	12	6	0
VV1_RS02190	398	2119.0	400	2	0
VV1_RS06170	399	2092.0	399	0	0
VV1_RS13745	329	1670.0	329	0	0
VV1_RS14925	579	3111.0	583	4	0
VV1_RS08990	416	2090.0	417	1	0
VV1_RS00140	332	1770.0	332	0	0
VV1_RS06875	489	2588.0	489	0	0
VV1_RS00145	369	1965.0	371	2	0
UBIF	379	2049.0	382	3	0
VV1_RS10550	523	2666.0	523	0	0
TLDD	477	2519.0	481	4	0
VV1_RS04950	197	1051.0	201	4	0
VV1_RS02290	229	1211.0	229	0	0
VV1_RS03485	418	2199.0	419	1	0
VV1_RS12950	207	1104.0	208	1	0
VV1_RS12400	244	1311.0	245	1	0
VV1_RS13890	434	2354.0	434	0	0
VV1_RS03480	234	1222.0	234	0	0
VV1_RS01540	253	1286.0	253	0	0
VV1_RS03950	340	1817.0	344	4	0
VV1_RS01625	256	1273.0	256	0	0
VV1_RS01625	9	29.0	28	19	0
VV1_RS01625	6	26.0	15	9	0
VV1_RS01625	6	25.0	8	2	0
VV1_RS08285	406	2137.0	406	0	0
VV1_RS13380	217	1156.0	218	1	0
VV1_RS03520	291	1536.0	291	0	0
VV1_RS00890	288	1528.0	290	2	0
VV1_RS13305	230	1219.0	232	2	0
VV1_RS00240	566	3069.0	569	3	0
VV1_RS00715	261	1304.0	261	0	0
VV1_RS05430	406	2164.0	407	1	0
VV1_RS00245	511	2746.0	514	3	0
VV1_RS12345	548	2942.0	552	4	0
VV1_RS02445	558	2957.0	560	2	0
VV1_RS02440	492	2572.0	494	2	0
VV1_RS07690	287	1491.0	289	2	0
VV1_RS13470	399	2119.0	400	1	0
VV1_RS09905	515	2685.0	515	0	0
VV1_RS10070	334	1804.0	334	0	0
VV1_RS07695	406	2143.0	408	2	0
VV1_RS01975	249	1339.0	251	2	0
VV1_RS02720	230	1212.0	231	1	0
VV1_RS02680	779	4116.0	780	1	0
VV1_RS07750	221	1175.0	222	1	0
VV1_RS13115	277	1442.0	280	3	0
VV1_RS07755	552	2838.0	556	4	0
VV1_RS02685	589	3157.0	591	2	0
VV1_RS13110	293	1510.0	293	0	0
VV1_RS14595	314	1709.0	316	2	0
VV1_RS08210	508	2722.0	511	3	0
VV1_RS08215	400	2074.0	403	3	0
VV1_RS10390	279	1462.0	279	0	0
VV1_RS10720	435	2306.0	439	4	0
VV1_RS14205	486	2498.0	486	0	0
VV1_RS08425	481	2600.0	483	2	0
VV1_RS06905	247	1341.0	250	3	0
VV1_RS14725	291	1557.0	293	2	0
VV1_RS06300	598	3077.0	600	2	0
VV1_RS05875	567	2954.0	567	0	0
VV1_RS04870	288	1530.0	288	0	0
VV1_RS05975	337	1792.0	340	3	0
VV1_RS13395	572	3000.0	573	1	0
VV1_RS04875	467	2450.0	467	0	0
VV1_RS01435	556	3031.0	561	5	0
VV1_RS12825	376	1965.0	380	4	0
VV1_RS05280	279	1483.0	279	0	0
VV1_RS01530	481	2550.0	482	1	0
VV1_RS05285	678	3661.0	680	2	0
VV1_RS12820	384	2031.0	388	4	0
VV1_RS03415	207	1094.0	212	5	0
VV1_RS03000	419	2133.0	419	0	0
VV1_RS13555	538	2882.0	542	4	0
VV1_RS03005	202	1064.0	203	1	0
VV1_RS14270	340	1801.0	341	1	0
VV1_RS08690	568	3028.0	571	3	0
VV1_RS00805	255	1343.0	255	0	0
VV1_RS05440	331	1760.0	333	2	0
VV1_RS12695	497	2682.0	497	0	0
VV1_RS02535	227	1204.0	227	0	0
VV1_RS14070	337	1810.0	341	4	0
VV1_RS13360	456	2303.0	456	0	0
VV1_RS13685	340	1818.0	345	5	0
VV1_RS07150	377	2017.0	379	2	0
VV1_RS13365	418	2258.0	419	1	0
VV1_RS14075	456	2450.0	459	3	0
VV1_RS14085	441	2363.0	445	4	0
VV1_RS09060	376	2018.0	377	1	0
VV1_RS13200	357	1906.0	357	0	0
VV1_RS06625	403	2148.0	403	0	0
VV1_RS07265	384	2060.0	384	0	0
VV1_RS05855	1141	6025.0	1143	2	0
VV1_RS14130	389	2079.0	389	0	0
VV1_RS08445	254	1337.0	255	1	0
VV1_RS10555	625	3297.0	627	2	0
VV1_RS14025	249	1309.0	254	5	0
VV1_RS07620	952	5123.0	952	0	0
VV1_RS13165	261	1381.0	263	2	0
VV1_RS14730	216	1155.0	217	1	0
VV1_RS08780	872	4679.0	873	1	0
VV1_RS07970	474	2551.0	476	2	0
VV1_RS08785	291	1567.0	292	1	0
VV1_RS02025	513	2653.0	513	0	0
VV1_RS02020	412	2226.0	417	5	0
VV1_RS01580	367	1961.0	369	2	0
VV1_RS08665	841	4441.0	846	5	0
VV1_RS05800	542	2851.0	546	4	0
VV1_RS08660	246	1301.0	247	1	0
VV1_RS06010	323	1732.0	323	0	0
VV1_RS11105	635	3404.0	636	1	0
VV1_RS12730	388	2077.0	392	4	0
VV1_RS10540	212	1122.0	212	0	0
VV1_RS08935	649	3378.0	649	0	0
VV1_RS10265	801	4299.0	805	4	0
VV1_RS02890	244	1292.0	245	1	0
VV1_RS02895	421	2208.0	421	0	0
VV1_RS10685	513	2730.0	514	1	0
VV1_RS12510	568	2973.0	569	1	0
VV1_RS00930	241	1203.0	244	3	0
VV1_RS09820	413	2142.0	414	1	0
VV1_RS11270	560	3020.0	565	5	0
VV1_RS13520	399	2027.0	400	1	0
VV1_RS14265	314	1666.0	316	2	0
VV1_RS03310	218	1151.0	219	1	0
VV1_RS10380	592	3163.0	596	4	0
VV1_RS09390	207	1051.0	207	0	0
VV1_RS06490	203	1082.0	203	0	0
VV1_RS04345	928	4962.0	931	3	0
VV1_RS10235	351	1872.0	352	1	0
VV1_RS06495	875	4681.0	877	2	0
VV1_RS12235	318	1719.0	320	2	0
VV1_RS09760	477	2533.0	480	3	0
VV1_RS09945	705	3674.0	705	0	0
VV1_RS04220	405	2126.0	405	0	0
VV1_RS12515	403	2184.0	405	2	0
POTD	202	1058.0	344	142	1
VV1_RS08145	687	3652.0	687	0	0
VV1_RS04225	498	2627.0	499	1	0
VV1_RS04580	381	1968.0	386	5	0
VV1_RS14525	289	1544.0	293	4	0
VV1_RS02970	475	2476.0	476	1	0
VV1_RS02790	403	2058.0	404	1	0
VV1_RS02975	946	5072.0	950	4	0
VV1_RS06270	288	1544.0	289	1	0
VV1_RS09545	525	2817.0	525	0	0
VV1_RS10180	528	2796.0	528	0	0
VV1_RS10180	10	30.0	37	27	0
VV1_RS09235	295	1554.0	295	0	0
VV1_RS12990	540	2822.0	544	4	0
VV1_RS04610	277	1474.0	278	1	0
VV1_RS02155	241	1282.0	242	1	0
VV1_RS06575	496	2617.0	498	2	0
VV1_RS06145	572	3012.0	572	0	0
VV1_RS07520	850	4540.0	853	3	0
VV1_RS05655	320	1692.0	322	2	0
VV1_RS02095	312	1642.0	316	4	0
VV1_RS09785	427	2271.0	429	2	0
VV1_RS06475	383	2054.0	388	5	0
VV1_RS13700	293	1498.0	295	2	0
VV1_RS06080	352	1855.0	352	0	0
VV1_RS07240	243	1278.0	243	0	0
VV1_RS10435	302	1606.0	303	1	0
VV1_RS10650	570	3034.0	571	1	0
VV1_RS05890	210	1099.0	211	1	0
VV1_RS13275	339	1822.0	342	3	0
VV1_RS14665	676	3566.0	676	0	0
VV1_RS12225	284	1527.0	288	4	0
VV1_RS07880	636	3454.0	639	3	0
VV1_RS05105	294	1568.0	296	2	0
VV1_RS13655	1035	5423.0	1035	0	0
VV1_RS07875	799	4336.0	801	2	0
VV1_RS14850	715	3846.0	718	3	0
VV1_RS14185	405	2125.0	405	0	0
VV1_RS07870	470	2484.0	470	0	0
VV1_RS12310	293	1542.0	293	0	0
VV1_RS02800	255	1342.0	255	0	0
VV1_RS14855	308	1644.0	312	4	0
VV1_RS03170	515	2742.0	515	0	0
VV1_RS03175	362	1930.0	363	1	0
VV1_RS10025	427	2274.0	428	1	0
VV1_RS02480	519	2676.0	520	1	0
VV1_RS00205	248	1331.0	250	2	0
VV1_RS14535	517	2770.0	521	4	0
VV1_RS04955	324	1726.0	328	4	0
VV1_RS03775	370	1983.0	374	4	1
VV1_RS09435	308	1628.0	308	0	0
VV1_RS02275	498	2656.0	499	1	0
VV1_RS04045	288	1523.0	289	1	0
VV1_RS10995	354	1868.0	358	4	0
VV1_RS00595	314	1694.0	314	0	0
VV1_RS10135	246	1300.0	248	2	0
VV1_RS02270	698	3717.0	700	2	0
VV1_RS00590	399	2010.0	399	0	0
VV1_RS14565	420	2132.0	420	0	0
VV1_RS08930	203	1085.0	204	1	0
VV1_RS14760	227	1211.0	227	0	0
VV1_RS10680	341	1773.0	341	0	0
VV1_RS07790	291	1560.0	293	2	0
VV1_RS09455	504	2684.0	504	0	0
VV1_RS07170	306	1627.0	306	0	0
VV1_RS14610	300	1562.0	300	0	0
VV1_RS04685	205	1092.0	207	2	0
VV1_RS04680	485	2512.0	485	0	0
VV1_RS07030	250	1330.0	252	2	0
VV1_RS06945	255	1345.0	258	3	0
VV1_RS10760	315	1623.0	319	4	0
VV1_RS10445	714	3771.0	714	0	0
