	CMCP6_ASW1	CMCP6_ASW2	YJ016_CMCP6_ASW1	YJ016_CMCP6_ASW2
VV1_RS00065	3979	4263	2909	3540
VV1_RS00070	1131	1022	1127	1014
VV1_RS00085	1654	1685	1665	1710
VV1_RS00095	3335	2546	3311	2495
VV1_RS00120	390	515	340	498
VV1_RS00130	1349	884	1327	857
VV1_RS00135	1149	1857	1148	1850
VV1_RS00140	5829	4585	5978	4608
VV1_RS00145	604	309	308	211
VV1_RS00150	93	108	93	101
VV1_RS00155	55	77	55	76
VV1_RS00160	1277	1521	1269	1517
VV1_RS00165	2223	2215	2150	2186
VV1_RS00170	1842	3083	1820	3027
VV1_RS00180	7836	5196	7685	5114
VV1_RS00190	1469	1013	1453	1008
VV1_RS00195	727	502	727	502
VV1_RS00205	278	460	278	460
VV1_RS00210	3359	2165	3368	2162
VV1_RS00230	204	146	204	146
VV1_RS00240	258	133	257	130
VV1_RS00245	256	262	249	256
VV1_RS00255	117	185	115	184
VV1_RS00265	662	350	660	349
VV1_RS00270	728	509	721	505
VV1_RS00285	581	564	577	561
VV1_RS00575	1003	1151	999	1135
VV1_RS00580	351	459	350	458
VV1_RS00590	118	46	117	46
VV1_RS00595	109	268	107	266
VV1_RS00600	1737	1811	1728	1790
VV1_RS00625	636	512	624	493
VV1_RS00630	1543	1146	1472	1060
VV1_RS00635	324	190	324	189
VV1_RS00650	930	2528	925	2507
VV1_RS00690	1645	3368	1633	3335
VV1_RS00705	212	399	190	343
ZNUC	1196	818	1191	809
VV1_RS00715	275	430	272	435
VV1_RS00720	13540	8277	13445	8226
VV1_RS00730	23936	11591	23918	11576
VV1_RS00765	494	485	516	487
VV1_RS00770	342	331	341	328
VV1_RS00775	479	493	474	487
VV1_RS00780	653	440	649	435
VV1_RS00790	1067	1587	1067	1587
VV1_RS00795	1034	1345	1027	1338
VV1_RS00805	401	468	401	468
VV1_RS00830	755	669	754	667
VV1_RS00835	19904	15457	19881	15417
VV1_RS00845	2563	2178	2562	2176
VV1_RS00850	1258	3019	1235	2956
VV1_RS00865	172	148	162	139
VV1_RS00885	1056	1026	1005	967
VV1_RS00890	388	370	380	357
VV1_RS00925	14006	6213	13994	6175
VV1_RS00930	6798	4705	6701	4653
VV1_RS00935	19160	7742	19132	7696
VV1_RS00945	779	740	745	722
VV1_RS00950	4750	2429	4731	2384
VV1_RS00975	1769	1722	1769	1717
VV1_RS00985	1386	622	1388	620
VV1_RS00995	12430	6528	12418	6515
VV1_RS01005	26935	26789	26835	26646
VV1_RS01020	31180	18632	31174	18640
VV1_RS01080	9696	7806	9083	7268
VV1_RS01085	36862	28498	36890	28525
VV1_RS01110	6917	4263	5158	4181
VV1_RS01115	7748	4750	9576	4710
VV1_RS01155	2141	1354	2129	1316
VV1_RS01180	1392	702	1390	698
VV1_RS01195	2966	2761	2967	2768
VV1_RS01200	3751	2686	3749	2680
VV1_RS01210	697	756	697	756
VV1_RS01235	147	79	142	79
UBIF	229	142	265	130
VV1_RS01330	1809	1308	1762	1297
VV1_RS01335	2207	1381	2202	1374
VV1_RS01345	1880	1610	2080	1667
VV1_RS01390	256	252	256	252
VV1_RS01395	408	222	408	219
VV1_RS01400	1030	1342	1029	1327
VV1_RS01415	684	577	684	576
VV1_RS01435	637	500	632	487
VV1_RS01440	776	771	775	788
VV1_RS01460	620	279	617	278
VV1_RS01470	198	161	172	140
VV1_RS01485	483	331	484	331
VV1_RS01490	5553	6362	5533	6348
VV1_RS01495	187897	132619	186611	125333
VV1_RS01505	28	9	27	9
VV1_RS01510	409	254	407	254
VV1_RS01520	277	263	273	263
VV1_RS01525	259	269	258	269
VV1_RS01530	902	523	821	477
VV1_RS01540	4501	4482	4498	4463
VV1_RS01550	6016	4354	6038	4312
VV1_RS01555	3936	2147	3905	2121
VV1_RS01565	111	119	111	115
VV1_RS01580	2606	1999	3245	2107
VV1_RS01585	554	618	532	564
VV1_RS01625	80	47	43	20
VV1_RS01630	877	660	877	658
VV1_RS01640	12940	8017	12931	8014
VV1_RS01655	606	547	596	540
VV1_RS01660	409	516	377	494
VV1_RS01670	722	1080	723	1077
VV1_RS01675	461	574	403	363
VV1_RS01685	576	357	637	382
VV1_RS01715	806	538	776	527
VV1_RS01730	182	163	181	160
VV1_RS01745	535	291	531	290
VV1_RS01760	24714	13589	16288	9187
VV1_RS01955	4113	6118	4133	6116
VV1_RS01975	131	67	126	66
VV1_RS01985	153	173	156	174
VV1_RS01990	87	86	80	56
VV1_RS01995	324	377	321	376
VV1_RS02000	48	40	27	26
VV1_RS02005	351	270	351	263
VV1_RS02010	9467	10456	9448	10422
VV1_RS02015	761	650	764	646
VV1_RS02020	4633	2239	4571	2214
VV1_RS02025	80343	96985	80333	96961
VV1_RS02035	880	804	879	804
VV1_RS02045	781	433	764	425
VV1_RS02060	8810	5122	8797	5096
VV1_RS02065	633	650	630	641
VV1_RS02075	1495	1297	1472	1260
VV1_RS02080	600	688	601	690
VV1_RS02095	7204	6667	7198	6658
VV1_RS02100	104	90	102	89
VV1_RS02110	2309	3481	2307	3471
VV1_RS02145	11409	9071	11056	8525
VV1_RS02155	296	185	244	167
VV1_RS02160	322	48	327	86
VV1_RS02190	979	590	973	589
VV1_RS02200	3233	2471	3507	2512
VV1_RS02205	2254	2549	1982	2178
VV1_RS02210	1110	812	1006	699
VV1_RS02215	15980	8692	15975	8689
VV1_RS02225	27815	22503	27163	21338
VV1_RS02240	327	249	328	253
VV1_RS02250	964	1318	963	1293
VV1_RS02255	2028	1545	2026	1541
VV1_RS02265	3899	3650	3897	3575
VV1_RS02270	20007	10102	19228	9524
VV1_RS02275	8176	6409	8164	6396
VV1_RS02280	535	474	534	466
VV1_RS02290	2521	2393	2522	2391
VV1_RS02300	465	228	463	227
VV1_RS02345	2220	1674	2155	1610
VV1_RS02360	3585	3080	3551	3053
PHEA	343	592	342	582
VV1_RS02385	2511	3202	2509	3204
VV1_RS02390	4220	4463	4210	4464
VV1_RS02400	1167	752	1160	748
VV1_RS02410	308	494	308	492
VV1_RS02415	98	153	98	153
VV1_RS02425	2049	3444	1810	3067
VV1_RS02440	279	232	273	226
VV1_RS02445	471	458	468	451
VV1_RS02450	89	73	89	73
VV1_RS02480	1158	942	1121	915
VV1_RS02500	3591	1016	3619	1030
VV1_RS02505	1738	996	1737	997
VV1_RS02515	303	320	303	318
VV1_RS02520	443	423	444	420
VV1_RS02525	3144	2916	3143	2903
VV1_RS02535	1584	1949	1617	1973
VV1_RS02545	2210	2411	2210	2410
VV1_RS02555	4143	7161	4142	7165
VV1_RS02565	608	690	605	690
VV1_RS02570	331	455	330	454
VV1_RS02575	921	750	891	713
VV1_RS02590	117	83	97	66
VV1_RS02595	455	317	346	266
VV1_RS02600	412	281	386	262
VV1_RS02605	1637	1949	1628	1922
VV1_RS02610	388	325	512	355
VV1_RS02625	3164	2010	3148	2003
VV1_RS02630	605	649	604	645
VV1_RS02640	4407	4448	4347	4415
VV1_RS02645	3325	4818	3324	4809
VV1_RS02670	4404	3528	4383	3499
VV1_RS02680	10835	11100	10769	11052
VV1_RS02685	1315	1472	1310	1470
VV1_RS02690	95	106	94	103
VV1_RS02720	862	773	835	750
VV1_RS02730	76	64	76	64
VV1_RS02735	47	29	30	20
VV1_RS02740	126	109	117	108
VV1_RS02745	66	58	51	47
VV1_RS02760	140	90	139	90
VV1_RS02765	368	744	367	737
VV1_RS02790	49025	42327	49018	42270
VV1_RS02800	5219	5536	5217	5530
VV1_RS02815	809	880	745	782
MURF	252	177	250	174
VV1_RS02840	119	95	117	95
VV1_RS02855	3798	4042	3743	3948
VV1_RS02860	2933	3507	2932	3505
VV1_RS02890	6435	9437	6435	9432
VV1_RS02895	6491	7425	6328	6987
VV1_RS02915	5544	4169	5538	4163
VV1_RS02925	1277	1494	1235	1419
VV1_RS02930	516	407	495	396
VV1_RS02935	925	709	906	707
VV1_RS02940	469	320	460	303
VV1_RS02950	1787	1200	1783	1198
NUDF	639	664	653	671
VV1_RS02970	1917	2507	1934	2567
VV1_RS02975	2821	3140	2767	3026
VV1_RS02980	11101	11026	10465	10416
VV1_RS02985	6848	6242	1268	2005
VV1_RS02990	2702	2854	2665	2835
VV1_RS02995	5705	3740	5663	3726
VV1_RS03000	451	228	451	228
VV1_RS03005	115	187	115	187
VV1_RS03035	4074	4442	3893	4232
VV1_RS03045	3659	1966	3651	1957
VV1_RS03065	12050	7852	12349	7938
VV1_RS03075	2316	2201	2320	2203
VV1_RS03080	497	358	437	344
VV1_RS03085	850	1229	684	1131
VV1_RS03090	12327	19803	12318	19710
VV1_RS03095	5896	10674	5786	10157
VV1_RS03105	4156	5317	4144	5297
VV1_RS03110	2252	4450	2251	4437
VV1_RS03115	5579	4295	6794	5109
VV1_RS03120	278	424	275	419
VV1_RS03130	2058	1376	2050	1375
VV1_RS03140	2198	4297	2188	4245
VV1_RS03145	1317	648	1312	652
VV1_RS03155	64	117	67	117
VV1_RS03165	165	193	200	247
VV1_RS03170	3111	4201	3103	4191
VV1_RS03175	5102	2790	5085	2784
VV1_RS03180	2506	1738	2472	1716
VV1_RS03190	977	564	932	535
VV1_RS03200	2384	2483	2325	2437
VV1_RS03205	3248	3635	3219	3589
VV1_RS03260	1001	1223	996	1215
VV1_RS03265	24778	12629	24695	12498
VV1_RS03275	4104	2460	3914	2316
VV1_RS03280	4801	3903	4744	3888
VV1_RS03290	294	265	294	262
VV1_RS03295	3355	4087	3349	4082
VV1_RS03310	7048	5562	7031	5475
VV1_RS03320	2253	2922	2248	2899
VV1_RS03325	5906	7355	5873	7308
VV1_RS03330	325	253	360	269
VV1_RS03335	2088	1914	2078	1902
VV1_RS03355	738	675	737	658
VV1_RS03360	92115	46902	92050	46791
VV1_RS03375	2378	2714	2137	2224
VV1_RS03385	1276	1244	1267	1218
VV1_RS03400	94	43	94	43
VV1_RS03415	14340	8652	12557	8346
VV1_RS03420	49756	42584	49521	42300
VV1_RS03425	8631	7553	8537	7494
VV1_RS03450	901	868	901	868
VV1_RS03455	5025	7124	4937	7049
VV1_RS03475	672	500	406	319
VV1_RS03480	226	164	228	164
VV1_RS03485	421	704	408	682
VV1_RS03495	6433	2530	6372	2426
VV1_RS03500	789	1039	787	1036
VV1_RS03505	2098	1954	2104	1963
VV1_RS03515	6796	4035	6791	4021
VV1_RS03520	2288	1988	2242	1873
VV1_RS03540	1592	1019	1386	815
VV1_RS03565	10524	4660	10518	4658
VV1_RS03775	7765	5477	1734	1075
VV1_RS03850	197	155	197	151
VV1_RS03915	21571	13348	21149	12895
VV1_RS03930	251	255	238	256
VV1_RS03945	1318	751	1313	746
VV1_RS03950	1458	1359	1164	951
VV1_RS03965	716	661	663	624
VV1_RS03990	17399	7305	17342	7266
VV1_RS03995	392	458	397	465
VV1_RS04020	469	555	461	539
VV1_RS04025	9	3	13	3
VV1_RS04045	2300	3895	1460	2733
VV1_RS04050	6471	7269	4491	4761
VV1_RS04055	1279	1593	1176	1465
VV1_RS04060	988	971	981	962
VV1_RS04070	55	313	56	314
VV1_RS04075	178	829	178	818
VV1_RS04090	156	422	156	422
VV1_RS04095	231	349	229	348
VV1_RS04110	997	689	935	652
VV1_RS04115	18	14	17	14
VV1_RS04120	1055	1491	1037	1453
VV1_RS04125	117	142	115	139
VV1_RS04155	175	247	106	163
VV1_RS04175	17198	15751	15953	14153
VV1_RS04180	474	365	464	354
VV1_RS04190	454	565	454	564
VV1_RS04195	1273	1538	1252	1528
VV1_RS04200	1114	1026	1113	1024
VV1_RS04210	892	845	811	705
VV1_RS04220	315	241	302	227
VV1_RS04225	869	832	865	833
VV1_RS04235	1342	3134	1122	3030
VV1_RS04250	25248	18114	25184	17950
VV1_RS04260	1446	1317	1439	1293
VV1_RS04275	10855	7831	10829	7801
VV1_RS04285	661	517	658	499
GLNG	3758	3244	2975	2627
VV1_RS04310	15062	15251	14357	13934
VV1_RS04315	1016	642	1009	632
VV1_RS04330	3171	2451	3164	2438
VV1_RS04335	3115	5712	3113	5703
VV1_RS04345	1198	1159	1250	1188
VV1_RS04350	388	501	386	501
VV1_RS04355	405	385	384	371
VV1_RS04360	598	902	596	897
VV1_RS04380	1677	1246	1670	1243
VV1_RS04395	3071	2413	3057	2373
VV1_RS04400	30279	16990	30217	16908
VV1_RS04495	6812	10783	6812	10766
VV1_RS04510	7273	8905	7218	8830
VV1_RS04515	2599	6813	2589	6773
VV1_RS04520	194	111	194	110
VV1_RS04530	2216	1500	2200	1486
VV1_RS04535	161	128	152	125
VV1_RS04540	104	179	104	176
VV1_RS04545	100	51	86	30
VV1_RS04560	167	168	66	69
VV1_RS04565	27	28	27	28
VV1_RS04580	70	70	75	91
VV1_RS04585	72	93	64	60
VV1_RS04590	538	414	537	414
VV1_RS04610	20	20	20	20
VV1_RS04620	824	938	822	935
VV1_RS04680	483	409	460	357
VV1_RS04685	341	223	335	221
VV1_RS04700	1259	1109	1259	1108
VV1_RS04705	656	903	658	895
VV1_RS04770	751	707	743	692
VV1_RS04780	1378	1071	1229	983
VV1_RS04785	673	437	592	403
VV1_RS04790	350	213	334	208
VV1_RS04805	743	463	725	462
VV1_RS04830	947	803	947	804
VV1_RS04835	1368	976	1366	975
VV1_RS04845	7749	5955	7749	5952
VV1_RS04865	14050	6403	14183	6540
VV1_RS04870	3965	2392	3955	2384
VV1_RS04875	9030	6405	9031	6406
VV1_RS04890	248	183	153	150
VV1_RS04895	29393	17189	29323	17063
VV1_RS04900	3765	2555	3748	2511
VV1_RS04905	146	166	146	165
VV1_RS04910	329	258	325	258
VV1_RS04915	2050	1441	2029	1411
VV1_RS04920	1314	1118	1292	1088
VV1_RS04930	625	829	616	814
VV1_RS04945	515	324	492	305
VV1_RS04950	1278	1065	1247	1013
VV1_RS04955	1116	592	1117	592
VV1_RS04960	1308	1252	1331	1274
VV1_RS04970	15407	9826	15369	9681
VV1_RS04975	1126	1068	1066	930
VV1_RS04980	179	324	180	333
VV1_RS04990	479	414	478	412
VV1_RS05005	220	178	216	178
VV1_RS05010	1533	2391	1520	2368
VV1_RS05025	362	470	337	437
VV1_RS05040	591	909	578	897
VV1_RS05105	162	235	160	230
VV1_RS05110	2126	2873	2121	2871
VV1_RS05120	2845	6795	2823	6769
VV1_RS05125	2361	2939	2263	2804
VV1_RS05135	573	460	548	419
VV1_RS05170	6000	7148	5358	6501
VV1_RS05175	7091	5413	7076	5379
VV1_RS05180	943	1090	942	1090
VV1_RS05185	1460	1675	1428	1653
VV1_RS05200	75	70	74	70
VV1_RS05220	353	402	355	402
VV1_RS05225	2392	2154	2268	2067
VV1_RS05230	2459	1686	2443	1664
VV1_RS05235	1138	834	1131	784
VV1_RS05240	345	180	337	170
VV1_RS05250	423	320	427	326
VV1_RS05255	98	46	116	61
VV1_RS05275	3583	2780	3578	2775
VV1_RS05280	2084	2187	1801	1948
VV1_RS05285	7999	7731	7930	7595
VV1_RS05295	2427	1574	2411	1557
VV1_RS05300	394	237	391	228
VV1_RS05310	6597	7514	6493	7383
VV1_RS05330	427	284	448	288
VV1_RS05335	355	461	355	456
VV1_RS05340	537	496	465	382
VV1_RS05370	1664	2675	1659	2674
VV1_RS05380	387	275	328	229
VV1_RS05390	238	119	188	93
VV1_RS05400	296	199	295	192
VV1_RS05415	909	861	909	862
VV1_RS05420	880	930	879	928
VV1_RS05430	910	819	909	816
VV1_RS05440	181	211	181	209
VV1_RS05450	233	242	226	228
VV1_RS05470	253	304	250	303
VV1_RS05495	1074	971	1100	1000
VV1_RS05500	81	115	81	115
VV1_RS05505	825	571	820	563
VV1_RS05510	1567	1161	1552	1141
VV1_RS05520	781	982	777	976
VV1_RS05540	235	224	231	220
VV1_RS05545	12634	14183	12629	14174
VV1_RS05550	586	766	583	760
VV1_RS05555	7681	6987	7436	6688
VV1_RS05560	1156	1060	1153	1057
VV1_RS05570	2907	2227	2838	2166
VV1_RS05580	34	31	61	54
VV1_RS05585	104	92	105	91
VV1_RS05655	958	1093	958	1091
VV1_RS05660	527	595	524	590
VV1_RS05725	11330	6996	11241	6921
VV1_RS05745	127	101	127	101
VV1_RS05760	819	822	790	785
VV1_RS05770	353	550	353	550
VV1_RS05780	1993	3628	1994	3619
VV1_RS05785	348	345	343	334
VV1_RS05800	1719	2109	1707	2071
VV1_RS05810	674	588	674	588
VV1_RS05820	540	350	539	345
VV1_RS05835	4582	2901	4500	2829
VV1_RS05840	498	239	522	242
VV1_RS05845	1754	1089	1731	1058
VV1_RS05850	159	115	153	114
VV1_RS05855	2402	2414	2396	2402
VV1_RS05875	31641	9005	31501	8950
VV1_RS05885	276	250	273	247
VV1_RS05890	4722	4174	4670	4077
VV1_RS05900	460	291	415	259
VV1_RS05930	6718	3819	6717	3817
VV1_RS05950	52	56	45	40
VV1_RS05975	198	333	198	328
VV1_RS05985	1583	1731	1269	1293
VV1_RS06000	2025	891	2076	890
VV1_RS06005	20621	11150	19604	10682
VV1_RS06010	403	447	351	334
VV1_RS06020	3056	3591	3054	3582
VV1_RS06025	382	269	369	252
VV1_RS06030	3794	2929	3725	2847
VV1_RS06035	877	901	771	793
VV1_RS06060	4772	4751	4376	4536
VV1_RS06065	285	208	278	210
VV1_RS06070	1135	828	1119	813
VV1_RS06080	5349	4654	5351	4655
VV1_RS06135	364	335	352	331
VV1_RS06145	1064	1355	1063	1352
VV1_RS06165	4654	4698	4622	4667
VV1_RS06170	11252	8166	11218	8140
VV1_RS06175	8810	5587	8804	5580
VV1_RS06185	1800	1315	1796	1302
VV1_RS06190	15255	9088	15295	9076
VV1_RS06195	528	629	517	611
VV1_RS06205	198	238	200	235
VV1_RS06210	40984	26971	40796	26643
VV1_RS06215	3531	2995	3503	2959
VV1_RS06220	281	196	274	195
VV1_RS06225	693	504	690	503
VV1_RS06230	338	113	345	119
VV1_RS06250	38057	25622	38074	25563
VV1_RS06260	62893	21798	64283	22334
VV1_RS06265	2376	2882	2375	2880
VV1_RS06270	1727	1799	1688	1756
VV1_RS06280	4433	2434	4353	2344
VV1_RS06290	5747	4016	5744	4015
VV1_RS06300	3064	4397	3036	4222
VV1_RS06315	251	395	251	394
VV1_RS06325	937	665	923	663
VV1_RS06330	5989	5558	5989	5540
VV1_RS06335	1748	1829	1743	1820
VV1_RS06385	675	519	654	508
VV1_RS06410	1301	1459	1282	1453
VV1_RS06430	857	1032	777	954
VV1_RS06450	4667	2792	4660	2782
VV1_RS06465	912	1185	903	1179
VV1_RS06475	609	917	487	703
VV1_RS06490	9205	5034	9189	5029
VV1_RS06495	769	937	766	936
VV1_RS06500	1020	1189	1017	1170
VV1_RS06510	211	216	204	168
VV1_RS06515	646	607	650	607
VV1_RS06520	1162	870	1144	845
VV1_RS06530	4354	4257	4563	4490
VV1_RS06535	6792	8480	6775	8424
VV1_RS06540	537	589	528	587
VV1_RS06560	459	419	457	396
VV1_RS06575	7166	6229	7161	6222
VV1_RS06580	1031	821	1029	815
VV1_RS06585	111	131	102	131
VV1_RS06610	441	749	425	714
VV1_RS06615	2691	3298	2702	3296
VV1_RS06625	524	937	523	937
VV1_RS06650	405	298	404	298
VV1_RS06660	636	517	629	510
CYSJ	3027	2029	3054	2037
VV1_RS06675	3373	2318	3097	2144
VV1_RS06680	7011	5531	7835	5671
VV1_RS06715	73545	100163	73198	99532
VV1_RS06720	20263	15528	19774	15117
VV1_RS06725	7030	6163	7102	6283
VV1_RS06735	424	182	419	181
VV1_RS06740	1808	4704	1803	4698
VV1_RS06745	2343	3648	2336	3643
VV1_RS06755	6515	5377	6511	5368
VV1_RS06760	2250	1242	2249	1239
VV1_RS06770	14095	11464	11417	9742
VV1_RS06780	4665	2766	4650	2763
VV1_RS06790	16999	11654	16547	11273
VV1_RS06795	20894	13149	20410	12969
VV1_RS06800	10003	7268	9992	7176
VV1_RS06805	8348	5950	8234	5836
VV1_RS06810	6283	5135	6241	5107
VV1_RS06855	1668	2130	1668	2124
VV1_RS06860	101	104	101	104
VV1_RS06875	2073	1535	2096	1559
VV1_RS06880	5043	3862	4847	3712
VV1_RS06885	3115	2501	3134	2536
TLDD	22760	10451	22701	10336
VV1_RS06895	392110	189585	391168	188648
VV1_RS06905	278	269	277	268
VV1_RS06930	182	119	182	119
VV1_RS06935	8170	6169	8151	6145
VV1_RS06945	347	347	347	347
VV1_RS06960	358	271	358	270
VV1_RS06965	333	393	329	386
VV1_RS06980	1949	1865	1935	1864
VV1_RS06985	979	1298	973	1280
VV1_RS06990	763	642	760	638
VV1_RS07005	328	362	329	364
VV1_RS07015	80	93	79	93
VV1_RS07025	462	662	462	661
VV1_RS07030	431	396	434	395
VV1_RS07035	1230	2259	1209	2074
VV1_RS07045	8960	5612	8960	5604
VV1_RS07090	12259	8703	12238	8663
VV1_RS07095	17927	9976	17894	9954
VV1_RS07150	310	363	303	355
VV1_RS07160	1339	1582	1230	1451
VV1_RS07170	376	352	376	352
VV1_RS07175	212	206	212	206
VV1_RS07180	954	1107	954	1105
VV1_RS07185	906	855	906	852
VV1_RS07205	178	239	176	232
VV1_RS07210	696	536	502	510
VV1_RS07215	23909	12881	23530	12477
VV1_RS07220	5635	3729	5640	3736
VV1_RS07235	64632	17348	64538	17238
VV1_RS07240	332	386	331	385
VV1_RS07250	736	1224	766	1238
VV1_RS07260	29697	29364	29481	29109
VV1_RS07265	2579	2070	2572	2056
GAPA	466	637	410	565
VV1_RS07290	2405	2195	2406	2193
VV1_RS07295	1687	1548	1701	1544
VV1_RS07300	224	144	212	129
VV1_RS07305	258	198	262	196
VV1_RS07310	2822	2809	2798	2785
VV1_RS07320	390	307	379	283
VV1_RS07340	158	143	158	141
VV1_RS07345	330	319	330	320
VV1_RS07375	1569	1112	1946	1235
VV1_RS07385	2937	3007	2928	2991
VV1_RS07400	802	659	795	657
VV1_RS07405	564	297	381	142
VV1_RS07425	2911	1932	2908	1926
VV1_RS07435	36240	41360	36037	40958
VV1_RS07445	8844	10233	8840	10204
RELA	3907	3339	3857	3284
VV1_RS07510	106470	188566	89766	167800
VV1_RS07515	184849	298489	154289	280399
VV1_RS07520	1112	1536	1123	1539
VV1_RS07600	722	613	705	598
VV1_RS07605	735	612	735	613
VV1_RS07610	12016	11677	11842	11525
VV1_RS07620	22396	18898	22392	18883
VV1_RS07630	2753	2586	2736	2540
VV1_RS07640	342	288	328	279
VV1_RS07645	4203	3825	4235	3892
VV1_RS07650	880	1041	870	1028
VV1_RS07680	2564	2589	2554	2580
VV1_RS07690	112	136	159	183
VV1_RS07695	110	54	108	53
VV1_RS07735	2192	2154	2185	2147
VV1_RS07740	3669	3368	3908	3470
VV1_RS07750	447	800	319	411
VV1_RS07755	229	263	203	227
VV1_RS07760	264	206	259	203
VV1_RS07765	96	153	93	143
VV1_RS07785	720	526	745	528
VV1_RS07790	234	152	238	159
VV1_RS07800	8377	3904	8377	3902
VV1_RS07810	289	363	286	354
VV1_RS07820	6523	5461	6222	5192
VV1_RS07830	111	92	111	92
VV1_RS07835	156	214	164	212
VV1_RS07850	1821	2078	1149	1258
VV1_RS07855	4180	12512	3987	11831
VV1_RS07860	321	537	321	523
VV1_RS07865	290	448	290	439
VV1_RS07870	536	332	544	368
VV1_RS07875	933	587	909	569
VV1_RS07880	399	289	388	279
VV1_RS07885	110	74	110	74
VV1_RS07895	804	352	801	351
VV1_RS07900	174	116	173	115
VV1_RS07905	484	208	484	201
VV1_RS07910	238	149	239	148
VV1_RS07915	1836	1418	1835	1415
VV1_RS07920	1129	1499	1105	1485
VV1_RS07930	987	1251	981	1226
VV1_RS07935	799	878	561	522
VV1_RS07945	2848	1633	2820	1615
VV1_RS07950	8806	7260	8640	7156
VV1_RS07955	701	484	689	471
VV1_RS07960	720	564	716	563
VV1_RS07970	758	1433	756	1429
HFLB	25030	25273	24999	25258
FOLP	612	561	607	548
VV1_RS08070	352	441	306	374
VV1_RS08090	4554	3953	4540	3925
VV1_RS08095	1405	3493	1359	3380
VV1_RS08110	2170	1331	2162	1328
VV1_RS08115	37	22	34	22
VV1_RS08120	1749	1619	1748	1617
VV1_RS08145	43168	30104	42991	29818
VV1_RS08150	2103	1754	2103	1753
VV1_RS08160	4302	1795	2528	1270
VV1_RS08165	4479	3688	3868	3142
VV1_RS08170	12727	8898	12726	8888
VV1_RS08180	4245	3310	4228	3265
VV1_RS08190	395	439	391	438
VV1_RS08200	11114	8525	11010	8486
VV1_RS08205	1086	911	1054	890
VV1_RS08210	4099	3431	4024	3353
VV1_RS08215	1837	2039	1831	2036
VV1_RS08220	1384	1084	1379	1078
VV1_RS08240	56518	66777	56454	66486
VV1_RS08245	12506	10171	12408	10008
VV1_RS08270	1427	1495	1321	1370
VV1_RS08275	4127	4441	4126	4436
VV1_RS08285	2479	2458	2168	2054
VV1_RS08300	9207	8660	9148	8556
VV1_RS08305	4554	3490	4506	3440
VV1_RS08310	3407	2541	3346	2478
VV1_RS08315	2153	1666	1947	1685
VV1_RS08320	19949	11091	15667	8066
VV1_RS08325	420	273	298	222
VV1_RS08330	725	567	724	559
VV1_RS08335	1678	1626	1674	1618
VV1_RS08345	54	33	54	34
VV1_RS08350	292	118	297	151
VV1_RS08375	224	182	219	175
VV1_RS08380	709	471	665	447
VV1_RS08385	201	187	183	176
VV1_RS08395	15329	16406	15251	16252
VV1_RS08400	1202	844	1150	817
VV1_RS08425	547	869	542	863
VV1_RS08430	4265	5199	4259	5197
VV1_RS08435	573	922	571	913
VV1_RS08445	1472	1777	1462	1757
VV1_RS08455	2051	638	2027	626
VV1_RS08460	319	223	288	209
VV1_RS08470	119	59	117	60
VV1_RS08475	83	91	83	91
VV1_RS08480	502	413	501	412
VV1_RS08505	924	918	891	888
VV1_RS08520	365	218	359	201
VV1_RS08575	78314	63661	73707	59023
VV1_RS08580	4270	3755	2489	2956
VV1_RS08595	1310	1165	1055	1009
VV1_RS08605	1965	1311	1975	1310
VV1_RS08610	814	595	798	585
VV1_RS08615	402	162	402	164
VV1_RS08620	866	338	865	337
VV1_RS08630	1697	1033	1696	1031
VV1_RS08635	239	195	238	190
VV1_RS08645	5217	8369	5183	8268
VV1_RS08650	3442	2132	3437	2121
VV1_RS08655	865	871	899	962
VV1_RS08660	747	561	715	527
VV1_RS08665	1082	593	1435	709
VV1_RS08670	13717	15693	13509	15258
VV1_RS08685	482	527	473	523
VV1_RS08690	734	354	712	343
VV1_RS08695	163	158	161	153
VV1_RS08705	111	75	97	71
VV1_RS08760	153	166	182	183
VV1_RS08770	309	183	256	176
VV1_RS08780	1760	2641	1744	2623
VV1_RS08785	452	293	450	292
VV1_RS08810	745	585	736	582
VV1_RS08815	210	195	210	196
VV1_RS08820	206	123	204	119
VV1_RS08825	3531	5027	3519	4987
VV1_RS08830	2944	3148	2834	2739
VV1_RS08850	555	552	553	552
VV1_RS08870	1090	761	1084	755
VV1_RS08875	328	319	291	293
VV1_RS08890	624	628	623	626
VV1_RS08895	710	385	709	382
VV1_RS08900	248	167	250	180
VV1_RS08905	1175	1058	1163	1035
VV1_RS08910	1660	1509	1635	1486
VV1_RS08920	1100	623	1100	604
VV1_RS08925	3122	4134	3117	4120
VV1_RS08930	1051	1371	1050	1368
VV1_RS08935	3530	4331	3520	4305
VV1_RS08940	1071	823	1021	804
VV1_RS08970	899	588	982	628
VV1_RS08980	452	412	450	411
VV1_RS08990	279	316	277	315
VV1_RS08995	1191	464	1188	464
VV1_RS09015	4472	2970	4488	2615
VV1_RS09025	900	833	931	838
VV1_RS09045	1860	2305	1859	2289
VV1_RS09055	218	203	204	190
VV1_RS09060	1109	1238	1108	1235
VV1_RS09095	1940	1480	1931	1476
VV1_RS09100	15557	11617	15491	11485
VV1_RS09105	333818	307418	333533	307209
VV1_RS09110	61508	49805	61451	49664
VV1_RS09135	2625	1929	2605	1917
VV1_RS09140	7875	2243	7859	2240
VV1_RS09145	1914	1023	1869	978
VV1_RS09235	10239	9254	10545	9297
VV1_RS09250	22800	11960	28686	14669
VV1_RS09255	58576	38472	57704	37639
VV1_RS09260	7021	5098	6762	4913
VV1_RS09265	9984	7948	9960	7912
VV1_RS09270	27595	25152	27568	25117
VV1_RS09285	833	659	824	658
VV1_RS09290	908	631	911	629
VV1_RS09295	469	354	467	359
VV1_RS09310	1103	706	1100	697
VV1_RS09325	894	478	889	470
VV1_RS09330	576	1055	562	1030
VV1_RS09335	258	349	257	284
VV1_RS09340	21719	13989	21610	13820
VV1_RS09345	1724	1217	1720	1212
VV1_RS09365	70342	49116	69495	48412
VV1_RS09380	1647	1944	1643	1942
VV1_RS09385	1879	3421	1878	3415
VV1_RS09390	91	79	91	68
VV1_RS09410	2153	1991	2143	1988
VV1_RS09420	1598	1367	1586	1359
VV1_RS09435	1028	692	771	626
VV1_RS09440	252	282	253	282
VV1_RS09455	404	497	401	490
VV1_RS09460	1409	2139	1371	2184
VV1_RS09465	129733	104109	128349	102936
VV1_RS09500	148	206	173	208
VV1_RS09505	2788	3386	2783	3373
VV1_RS09510	916	716	879	699
VV1_RS09515	320	220	311	216
VV1_RS09545	47	53	46	53
VV1_RS09565	73	102	75	101
VV1_RS09695	915	313	914	311
VV1_RS09705	2903	5998	2852	5924
VV1_RS09720	559	189	551	185
VV1_RS09725	9598	6120	9484	6044
VV1_RS09740	12251	6279	11869	5805
VV1_RS09745	208	205	206	203
VV1_RS09750	10644	7918	10519	7669
VV1_RS09760	833	709	765	643
VV1_RS09775	2578	2044	2564	2027
VV1_RS09785	235	236	224	223
VV1_RS09795	1060	737	1048	711
VV1_RS09800	3910	3024	3858	2989
VV1_RS09810	539	389	486	313
VV1_RS09815	255	219	266	219
VV1_RS09820	276	342	274	341
VV1_RS09830	858	508	843	490
VV1_RS09835	392	355	390	355
VV1_RS09850	138	94	138	94
VV1_RS09855	2238	2150	2208	2124
VV1_RS09860	384978	284955	376934	273197
VV1_RS09865	442541	421875	441503	419885
VV1_RS09870	983728	842500	983861	842120
VV1_RS09880	687	927	693	927
VV1_RS09890	16171	14397	16094	14214
VV1_RS09895	809	663	782	640
VV1_RS09900	10252	4145	10250	4140
VV1_RS09905	3166	1994	3098	1931
VV1_RS09915	25473	21121	23647	19798
VV1_RS09920	33466	20130	36016	22110
VV1_RS09925	4014	2521	4007	2514
VV1_RS09930	2215	1308	2223	1320
VV1_RS09940	529	502	536	504
VV1_RS09945	4449	8547	4444	8526
VV1_RS09960	89	69	88	69
VV1_RS09975	1273	881	1276	884
VV1_RS09980	2885	1060	2885	1058
VV1_RS09985	4053	3380	4040	3367
VV1_RS10010	7560	4223	10498	5242
VV1_RS10025	4394	3978	4287	3836
VV1_RS10050	963	719	872	704
VV1_RS10060	379	292	329	267
VV1_RS10070	865	551	862	551
VV1_RS10080	973	749	974	749
VV1_RS10085	949	771	944	767
VV1_RS10090	1562	851	1577	854
VV1_RS10095	674	1057	669	1054
VV1_RS10100	415	878	413	873
VV1_RS10110	484	522	503	522
VV1_RS10125	918	965	840	846
VV1_RS10130	831	924	832	903
VV1_RS10135	986	822	983	819
VV1_RS10140	243	206	226	178
VV1_RS10145	464	375	353	338
VV1_RS10150	610	653	598	641
VV1_RS10165	1988	3031	1980	3004
VV1_RS10180	1941	879	1921	861
VV1_RS10185	551	242	548	241
VV1_RS10205	626	657	623	655
VV1_RS10215	540	430	540	430
VV1_RS10230	1659	1538	1558	1445
VV1_RS10235	1095	1468	1107	1463
VV1_RS10240	310	245	302	244
VV1_RS10255	155	112	163	133
VV1_RS10265	32939	30879	32698	30547
VV1_RS10360	311	292	378	294
VV1_RS10365	315	178	320	179
VV1_RS10370	1042	2905	1321	3083
VV1_RS10375	87	130	74	118
VV1_RS10380	235	121	204	120
VV1_RS10390	316	297	304	298
VV1_RS10395	5247	4423	5081	4279
VV1_RS10400	375	234	218	200
VV1_RS10405	1837	2257	1917	2284
VV1_RS10410	881	408	813	385
VV1_RS10415	38493	34001	37943	33559
VV1_RS10420	5313	8033	4553	6967
VV1_RS10425	20	25	19	30
VV1_RS10435	277	228	273	216
VV1_RS10445	938	452	934	426
VV1_RS10450	1002	670	1002	668
VV1_RS10460	2650	3292	2584	3163
VV1_RS10465	1127	1272	1080	1212
VV1_RS10470	229	339	228	337
VV1_RS10480	440	423	444	419
VV1_RS10485	99	52	99	52
VV1_RS10490	57	118	55	118
VV1_RS10505	1210	1014	1239	1025
VV1_RS10520	393	533	389	531
VV1_RS10530	168	157	171	139
VV1_RS10535	991	1265	990	1263
VV1_RS10540	680	875	680	872
VV1_RS10550	230	258	233	257
VV1_RS10555	298	272	294	257
VV1_RS10560	138	66	130	50
VV1_RS10570	50438	40289	42237	32375
VV1_RS10575	1188	884	1177	862
VV1_RS10580	1549	1193	1535	1181
VV1_RS10610	3280	1839	3266	1834
VV1_RS10625	14771	8627	14760	8604
VV1_RS10630	3852	2093	3833	2076
VV1_RS10635	1713	1340	1694	1318
VV1_RS10640	7984	4208	7973	4167
VV1_RS10650	48692	56361	50150	57968
VV1_RS10665	5697	4014	5671	3963
VV1_RS10680	357	556	357	556
VV1_RS10685	554	478	554	477
VV1_RS10705	82	36	82	33
VV1_RS10710	88	102	59	68
VV1_RS10720	139	148	140	146
VV1_RS10725	2949	3358	2880	3263
VV1_RS10730	1393	1366	1388	1364
VV1_RS10735	17660	15097	17057	14370
VV1_RS10745	10920	11319	10815	11207
VV1_RS10750	7324	5940	7321	5934
VV1_RS10755	1080	1156	1081	1153
VV1_RS10760	4346	3929	4317	3870
VV1_RS10765	76	34	77	34
VV1_RS10770	5559	4223	5022	3815
VV1_RS10775	63	62	57	40
VV1_RS10780	1218	1299	1219	1296
VV1_RS10785	237	522	235	522
VV1_RS10790	280	315	280	313
VV1_RS10800	2455	2098	2463	2121
VV1_RS10825	311	355	311	355
VV1_RS10830	112	165	111	163
VV1_RS10835	311	249	312	251
VV1_RS10850	332	324	332	323
VV1_RS10870	177	228	176	224
VV1_RS10875	177	145	177	145
VV1_RS10885	499	643	499	641
VV1_RS10895	11585	15215	11375	14823
VV1_RS10900	64368	59080	63837	58129
VV1_RS10910	843	768	840	762
VV1_RS10920	298	170	290	158
VV1_RS10925	175	106	173	102
VV1_RS10930	71	38	71	38
VV1_RS10935	203	161	148	128
VV1_RS10955	714	792	565	585
VV1_RS10980	31	71	31	67
VV1_RS10985	100	157	99	124
VV1_RS10995	75	146	76	146
VV1_RS11000	51	136	51	136
VV1_RS11005	47	42	47	42
VV1_RS11010	24	20	22	20
VV1_RS11015	14	27	14	27
VV1_RS11030	94	102	94	102
VV1_RS11040	54	49	52	49
VV1_RS11045	7444	2666	7440	2657
VV1_RS11070	1842	2128	1841	2126
VV1_RS11100	229	167	226	167
VV1_RS11105	420	316	421	314
VV1_RS11115	1477	839	1471	832
VV1_RS11130	498	517	474	500
VV1_RS11140	17	22	17	22
VV1_RS11145	439	407	424	393
VV1_RS11155	222	70	218	69
VV1_RS11160	2765	564	2765	556
VV1_RS11165	14687	14869	14659	14825
VV1_RS11180	180	155	180	154
VV1_RS11185	123	88	126	88
VV1_RS11190	72	76	72	76
VV1_RS11200	2384	3817	2392	3815
VV1_RS11205	624	602	624	596
VV1_RS11215	753	594	699	552
VV1_RS11225	1040	613	1044	617
VV1_RS11230	136	93	136	87
VV1_RS11235	60	65	60	65
VV1_RS11240	10418	7904	10414	7895
VV1_RS11245	2368	3187	2357	3161
VV1_RS11255	1169	1554	1168	1553
VV1_RS11260	446	258	443	251
VV1_RS11270	48720	26816	43180	24815
VV1_RS11275	29584	13368	29735	13290
VV1_RS11285	889	570	881	552
VV1_RS11290	155	126	154	126
VV1_RS11295	1120	974	1112	966
THRS	2620	2346	2613	2342
VV1_RS11320	2290	2369	2295	2367
VV1_RS11675	665	327	623	282
VV1_RS11900	1843	1439	2098	1651
VV1_RS12160	3167	3456	3255	3445
VV1_RS12210	135	183	121	177
VV1_RS12215	10508	5589	10467	5556
VV1_RS12225	26796	21454	26776	21377
VV1_RS12230	371	213	350	197
VV1_RS12235	540	427	540	426
VV1_RS12255	59	69	58	68
VV1_RS12265	1639	2496	1607	2407
VV1_RS12275	484	277	480	275
VV1_RS12285	860	870	820	772
VV1_RS12290	503	147	396	131
VV1_RS12295	2026	1971	2019	1967
VV1_RS12300	508	682	482	613
VV1_RS12305	410	382	387	349
VV1_RS12310	230	83	230	83
VV1_RS12320	371	286	356	273
VV1_RS12330	528	528	526	518
VV1_RS12345	715	1605	631	1371
VV1_RS12350	398	395	397	390
VV1_RS12360	1084	870	1072	856
VV1_RS12365	80	53	80	50
VV1_RS12370	275	286	268	279
VV1_RS12395	378	417	362	399
VV1_RS12400	2195	2466	2177	2425
POTD	700	675	226	237
VV1_RS12430	3984	2413	3986	2414
VV1_RS12435	5905	4406	5896	4386
VV1_RS12440	3208	1689	3207	1683
VV1_RS12445	2877	1520	2849	1438
VV1_RS12450	57544	31801	52336	28857
VV1_RS12455	15247	19351	15244	19329
VV1_RS12460	225	175	222	173
VV1_RS12480	1038	756	1038	764
VV1_RS12490	3213	2812	3210	2803
VV1_RS12495	2305	3029	2301	3015
VV1_RS12505	1576	2193	1567	2183
VV1_RS12510	2324	1868	2313	1858
VV1_RS12515	31391	15675	31361	15625
VV1_RS12535	313	281	313	280
VV1_RS12555	3778	4721	3803	4733
VV1_RS12575	495	391	471	391
VV1_RS12590	32142	23833	30599	22715
VV1_RS12595	10711	8214	10323	7745
VV1_RS12600	8953	6869	8995	6896
VV1_RS12610	10975	7418	10950	7370
VV1_RS12615	747	443	739	443
VV1_RS12620	1313	1070	1309	1057
VV1_RS12630	1313	1181	1263	1152
VV1_RS12635	607	999	604	994
VV1_RS12645	144	81	137	73
VV1_RS12660	126	79	125	79
VV1_RS12670	26	20	26	20
VV1_RS12675	136	69	136	68
VV1_RS12680	26	28	24	28
VV1_RS12685	2841	1441	2831	1434
VV1_RS12690	20611	12733	20535	12569
VV1_RS12695	30764	23316	30716	23224
VV1_RS12710	1866	1192	1759	1143
VV1_RS12720	737	576	716	568
VV1_RS12725	162	199	158	196
VV1_RS12730	492	587	486	576
VV1_RS12735	60	53	53	52
VV1_RS12750	57	122	56	121
VV1_RS12780	1077	665	859	550
VV1_RS12785	629	454	629	448
VV1_RS12790	1035	640	1004	641
VV1_RS12795	1505	1721	1485	1716
VV1_RS12800	1303	1623	1298	1619
VV1_RS12815	145	62	131	58
VV1_RS12820	87	55	86	53
VV1_RS12825	96	61	96	60
VV1_RS12830	864	1399	861	1387
VV1_RS12835	7587	8857	5465	6777
VV1_RS12845	223	147	223	147
VV1_RS12855	282	255	280	248
VV1_RS12865	57	66	54	63
VV1_RS12880	1002	733	999	734
VV1_RS12885	108400	88363	115013	106684
VV1_RS12890	3156	2686	2953	2459
VV1_RS12895	4119	5174	4146	5210
VV1_RS12900	22633	10710	22590	10639
VV1_RS12925	6511	7434	6418	7333
VV1_RS12945	10544	6380	10098	6049
VV1_RS12950	9569	6131	9544	6081
VV1_RS12960	195	157	195	157
VV1_RS12965	94	64	93	63
VV1_RS12970	204	181	205	181
VV1_RS12975	102	55	102	55
VV1_RS12980	116	81	115	80
VV1_RS12985	120	193	115	185
VV1_RS12990	145	115	143	114
VV1_RS13025	15396	5023	15263	4934
VV1_RS13035	7060	2588	7046	2559
VV1_RS13045	423	469	392	442
VV1_RS13055	186	118	180	117
VV1_RS13070	24	49	24	49
VV1_RS13080	1372	1258	1368	1255
VV1_RS13095	1437	2648	1434	2627
VV1_RS13100	1551	1814	1544	1782
VV1_RS13105	104	62	103	61
VV1_RS13110	68	68	68	63
VV1_RS13115	64	91	50	79
VV1_RS13125	73	40	75	40
VV1_RS13130	2884	2155	2877	2138
VV1_RS13150	657	502	661	500
VV1_RS13165	14547	11023	14521	10968
VV1_RS13170	2245	2198	2237	2178
VV1_RS13180	2095	1317	2126	1311
VV1_RS13190	5033	2928	5088	2932
VV1_RS13195	21608	16071	18541	14882
VV1_RS13200	14824	7967	14790	7917
VV1_RS13205	141	51	164	58
VV1_RS13215	175	270	143	212
VV1_RS13220	546	291	436	256
VV1_RS13245	2137	1769	2134	1763
VV1_RS13250	222	405	220	395
VV1_RS13265	44	43	43	43
VV1_RS13270	269	170	254	171
VV1_RS13275	874	760	827	710
VV1_RS13280	2342	3294	2332	3278
VV1_RS13285	1194	613	1194	614
VV1_RS13305	6177	3789	6006	3653
VV1_RS13320	144	37	144	37
VV1_RS13340	877	684	876	684
VV1_RS13350	2808	1197	2769	1170
VV1_RS13355	562	565	557	557
VV1_RS13360	1585	391	880	239
VV1_RS13365	2398	3911	2392	3897
VV1_RS13370	295	247	294	244
VV1_RS13380	3210	1293	3208	1285
VV1_RS13385	2337	2048	2311	2021
VV1_RS13390	69	62	69	62
VV1_RS13395	101	41	101	41
VV1_RS13400	511	727	503	708
VV1_RS13405	5113	4270	5103	4237
VV1_RS13430	1719	1294	1717	1288
VV1_RS13435	652	455	652	454
VV1_RS13445	549	317	559	317
VV1_RS13450	6719	4582	6718	4589
VV1_RS13455	10347	6928	10344	6927
VV1_RS13465	239	192	241	188
VV1_RS13470	842	701	842	700
VV1_RS13475	13670	9146	12856	8502
VV1_RS13480	1312	808	1317	811
VV1_RS13490	71	105	71	105
VV1_RS13495	472	375	471	372
VV1_RS13500	45	45	46	45
VV1_RS13505	1543	2337	1533	2278
VV1_RS13510	411	275	406	268
VV1_RS13515	29	53	30	54
VV1_RS13520	157	143	151	127
VV1_RS13525	143	125	143	125
VV1_RS13530	69	58	55	51
VV1_RS13540	495	542	402	439
VV1_RS13545	278	194	280	194
VV1_RS13555	126	100	126	100
VV1_RS13560	419	287	418	285
VV1_RS13565	2449	2152	2429	2131
VV1_RS13585	22499	18708	20211	16952
VV1_RS13590	1078	750	959	704
VV1_RS13595	1705	1037	1339	758
VV1_RS13600	1265	963	1291	969
VV1_RS13605	173	216	172	216
VV1_RS13610	101	119	95	104
VV1_RS13615	65	129	65	129
VV1_RS13620	62	35	56	34
VV1_RS13625	137	246	137	243
VV1_RS13630	2887	3054	2871	3036
VV1_RS13635	25771	27412	26455	27260
VV1_RS13645	427	604	455	641
VV1_RS13655	6262	4470	6236	4427
VV1_RS13665	8516	21695	8248	21553
VV1_RS13680	4098	2703	4095	2690
VV1_RS13685	543	620	540	613
VV1_RS13690	3806	3194	3819	3237
VV1_RS13695	6390	3917	6346	3856
VV1_RS13700	681	451	293	246
VV1_RS13705	1236	613	1230	551
VV1_RS13710	476	188	513	209
VV1_RS13725	565	219	537	204
VV1_RS13745	3615	2797	3559	2766
VV1_RS13755	4338	3137	4322	3124
VV1_RS13760	3207	2665	3426	2853
VV1_RS13770	724	1383	1268	2060
VV1_RS13775	80	289	75	289
VV1_RS13780	397	425	395	421
VV1_RS13795	2191	974	2042	737
VV1_RS13825	81	83	80	83
VV1_RS13830	635	581	632	569
VV1_RS13840	389	229	354	214
VV1_RS13845	378	322	314	283
VV1_RS13850	808	1162	803	1150
VV1_RS13860	660	661	656	655
VV1_RS13865	1069	979	1059	950
VV1_RS13880	403	367	365	338
VV1_RS13890	1118	1353	1100	1316
VV1_RS13905	911	1390	922	1394
VV1_RS13910	3582	5011	3578	4987
VV1_RS13930	158231	163698	154884	159758
VV1_RS13935	61267	52516	61147	51924
VV1_RS13955	884	715	884	707
VV1_RS13965	79	163	79	162
VV1_RS13975	399	273	384	261
VV1_RS13985	1610	1129	1605	1125
VV1_RS13990	428	224	426	223
VV1_RS14010	5961	5353	5956	5346
VV1_RS14025	43132	18905	41326	16500
VV1_RS14030	352	401	334	366
VV1_RS14045	13551	9859	12931	9270
VV1_RS14050	947	715	816	615
VV1_RS14060	25846	24727	23600	20777
VV1_RS14065	92	106	91	102
VV1_RS14070	356	508	357	513
VV1_RS14075	213	254	210	246
VV1_RS14085	1116	734	1310	805
VV1_RS14110	4860	3354	4691	3251
VV1_RS14115	1164	1057	997	1003
VV1_RS14120	1121	852	1129	851
VV1_RS14125	366	699	362	688
VV1_RS14130	3467	5178	3446	5119
VV1_RS14155	1252	2370	1238	2352
VV1_RS14160	222	276	222	274
VV1_RS14165	1217	825	1184	802
VV1_RS14170	2040	1265	2022	1234
VV1_RS14180	8773	6472	8748	6405
VV1_RS14185	3658	4137	3688	4154
VV1_RS14190	25530	27765	25521	27766
VV1_RS14195	24474	29614	22439	28171
VV1_RS14205	1228	1582	1227	1580
VV1_RS14215	16412	13170	16463	13153
VV1_RS14220	98	54	98	54
VV1_RS14235	265	265	265	261
VV1_RS14240	363	465	353	458
VV1_RS14245	372	329	372	329
VV1_RS14260	415	464	415	463
VV1_RS14265	377	329	379	326
VV1_RS14270	380	499	380	498
VV1_RS14290	164	160	160	151
VV1_RS14295	1473	635	1466	625
VV1_RS14300	226	233	225	231
VV1_RS14310	205	125	205	125
VV1_RS14320	5375	2757	5371	2756
VV1_RS14325	714	949	703	942
VV1_RS14335	288	275	288	275
VV1_RS14355	380	407	378	404
VV1_RS14360	1614	1588	1611	1582
VV1_RS14365	709	366	991	431
VV1_RS14385	92	59	90	57
VV1_RS14390	1900	1154	1896	1157
VV1_RS14400	203	156	231	173
VV1_RS14405	1547	1150	1566	1156
VV1_RS14420	2243	1866	2232	1852
VV1_RS14425	1150	1010	1149	1010
VV1_RS14435	4651	1733	2363	969
VV1_RS14440	706	521	704	519
VV1_RS14445	3017	1973	3075	1985
VV1_RS14495	256	290	255	289
VV1_RS14510	1120	850	1120	850
VV1_RS14515	159	314	155	298
VV1_RS14520	2916	3035	2893	3011
VV1_RS14525	2276	3701	2228	3672
VV1_RS14535	2799	3496	2800	3472
VV1_RS14555	4201	3685	4131	3623
VV1_RS14565	299	171	297	169
VV1_RS14595	3272	2242	2966	2126
VV1_RS14600	341	223	343	222
VV1_RS14610	728	445	728	444
VV1_RS14620	9984	6680	10530	6987
VV1_RS14650	2718	3551	2474	3120
VV1_RS14660	4082	5559	3987	5310
VV1_RS14665	2301	2163	2390	2320
VV1_RS14700	367	195	366	194
VV1_RS14705	277	190	277	190
VV1_RS14710	392	372	392	372
VV1_RS14725	6653	5301	6363	5016
VV1_RS14730	53	83	53	82
VV1_RS14735	1456	886	1453	884
VV1_RS14740	730	717	721	705
VV1_RS14760	59296	22980	59424	23198
VV1_RS14765	5221	3395	5211	3392
VV1_RS14770	230	165	241	171
VV1_RS14775	90	144	90	144
VV1_RS14785	1217	1363	1211	1355
VV1_RS14790	235	235	235	234
VV1_RS14795	3755	2403	3753	2398
VV1_RS14800	8413	4782	8371	4737
VV1_RS14805	846	741	822	701
VV1_RS14815	1691	1176	1509	1054
VV1_RS14825	19	10	19	9
VV1_RS14845	3946	5327	3938	5287
VV1_RS14850	11464	13190	11449	13153
VV1_RS14855	61	25	60	24
FADH	6513	4469	5953	4086
VV1_RS14875	2595	2169	2608	2165
VV1_RS14890	1761	1376	1761	1378
VV1_RS14900	2650	2553	2643	2538
VV1_RS14905	274	231	273	242
VV1_RS14910	226	156	226	155
VV1_RS14925	549	826	548	822
VV1_RS14935	19887	12801	18570	12255
VV1_RS14950	2263	1791	2262	1782
VV1_RS14965	513	500	497	456
VV1_RS14980	588	467	585	466
VV1_RS14985	1048	607	1049	601
VV1_RS15005	1575	1475	1566	1461
VV1_RS15015	607	497	604	497
VV1_RS15020	27	31	26	30
VV1_RS15035	1184	831	1184	822
VV1_RS15040	522	354	487	322
VV1_RS15055	365	346	365	346
VV1_RS15060	954	1083	953	1074
