	IAI1_starvation1	IAI1_starvation2	IAI1_K12ref_starvation1	IAI1_K12ref_starvation2
thrA	516	392	485	369
thrB	291	226	279	218
thrC	418	342	384	329
yaaA	132	141	132	141
yaaJ	56	37	55	36
talB	2119	2186	2074	2133
htpY	36	44	28	39
dnaK	38708	31936	38127	31379
dnaJ	3575	2924	3706	3031
nhaA	1313	1120	1278	1096
nhaR	83	56	83	56
ribF	424	345	411	333
ileS	1813	1351	1695	1266
ispH	170	96	145	85
rihC	80	83	68	69
dapB	199	177	176	157
carA	30	22	29	22
carB	105	81	96	69
caiD	15	15	9	10
caiB	20	22	19	21
caiA	32	38	32	38
caiT	12	6	12	6
fixA	5	8	5	8
fixB	6	8	6	8
fixC	7	3	7	3
yaaU	10	7	10	7
kefC	106	89	106	89
apaH	48	33	44	32
ksgA	151	116	146	115
surA	1267	971	1259	961
imp	1877	1379	1877	1379
djlA	153	84	150	82
rluA	51	33	51	33
hepA	126	100	126	98
polB	128	121	115	115
araD	25	20	25	20
araA	185	115	170	103
araC	915	795	879	777
yabI	345	240	311	211
thiQ	11	12	11	10
tbpA	30	26	28	21
setA	264	176	264	176
leuD	257	183	257	183
leuC	202	183	182	171
leuB	249	210	224	186
leuA	353	284	321	265
leuO	254	149	240	143
ilvI	499	420	481	402
fruR	2007	1479	1948	1434
mraW	1073	916	1064	908
ftsI	620	515	609	505
murE	533	329	509	311
murF	333	256	332	256
mraY	447	289	428	281
murD	540	380	378	263
ftsW	460	334	450	327
murG	310	217	294	206
murC	374	276	357	263
ddlB	727	505	714	495
ftsQ	768	507	741	494
ftsA	1343	952	1307	930
ftsZ	2924	2249	2924	2249
lpxC	20011	17616	19995	17602
secA	3531	2597	3434	2533
yacF	228	147	215	137
coaE	316	213	314	212
guaC	176	163	169	154
hofC	10	16	9	15
hofB	29	26	29	26
nadC	98	93	98	93
ampE	294	196	294	196
aroP	854	668	854	667
pdhR	431	362	454	400
aceE	6025	4554	6144	4678
aceF	5038	3665	4843	3515
lpd	18556	14522	18370	14370
acnB	20053	17003	19096	16125
speD	241	199	241	199
speE	419	325	419	325
cueO	117	69	116	66
gcd	96	75	88	70
can	633	515	632	512
yadG	137	102	123	94
yadH	306	253	290	231
yadD	175	188	166	176
panC	584	551	525	499
yadL	59	54	26	31
ecpD	6	3	6	2
pcnB	108	104	105	101
yadB	57	48	57	48
sfsA	5147	4692	5147	4692
mrcB	459	361	411	327
fhuA	5334	4166	5264	4116
fhuC	160	114	148	111
fhuD	24	19	23	15
hemL	706	583	614	510
clcA	345	244	338	239
yadS	54	66	52	64
btuF	31	20	31	20
pfs	1527	1175	1527	1175
dgt	237	195	236	195
degP	1649	1232	1495	1093
cdaR	820	730	782	696
dapD	1063	829	1006	786
glnD	286	250	265	234
map	1095	882	1011	812
rpsB	1747	1617	1747	1616
tsf	828	706	828	706
pyrH	322	264	303	253
dxr	284	236	284	236
ispU	383	296	383	295
cdsA	269	216	326	249
yaeL	881	616	879	613
yaeT	1754	1354	1752	1352
lpxD	1128	765	1128	764
lpxA	626	501	626	501
lpxB	163	104	161	103
dnaE	303	247	298	239
accA	673	537	628	508
ldcC	191	135	177	126
nlpE	164	106	139	89
proS	487	403	487	400
yaeB	20	18	20	18
metQ	1978	1296	1705	1087
metI	716	383	672	365
metN	801	494	789	483
dkgB	154	129	154	129
yafC	309	219	309	219
yafD	1021	812	1006	799
mltD	647	489	627	472
gloB	160	143	150	139
yafS	180	173	177	169
dnaQ	420	355	377	305
yafT	6	1	6	1
yafV	103	98	100	86
fadE	947	708	871	656
yafJ	385	286	365	272
yafK	244	209	237	202
dinB	116	81	110	83
pepD	958	755	898	732
frsA	423	322	403	312
phoE	135	108	92	79
proB	309	242	301	235
proA	511	394	506	390
yagR	25	16	24	16
yagS	4	4	4	4
yagT	5	10	5	10
yagU	185	138	185	138
yagV	31	9	29	9
yagW	67	38	67	37
yagX	141	46	138	45
yagY	90	29	90	29
insF	26	20	135	105
ykgC	41	15	41	15
ykgD	48	38	47	38
ykgE	637	615	635	613
ykgF	1122	890	1117	887
ykgG	726	545	631	480
betA	66	62	54	52
betT	206	169	193	157
yahB	103	69	96	65
yahD	20	13	20	13
yahG	5	7	3	5
yahI	11	1	8	0
yahJ	38	18	31	16
yahK	340	198	337	194
yahN	338	371	330	354
prpR	110	70	98	67
prpB	130	130	113	117
prpC	108	128	95	114
prpD	150	113	140	105
prpE	213	215	199	205
codB	33	17	30	17
codA	87	69	86	67
cynT	7	14	7	14
cynX	9	9	7	8
lacY	63	74	60	72
lacI	642	426	626	417
mhpR	2249	1796	1961	1567
mhpB	7	4	7	4
mhpC	5	12	5	12
mhpD	5	5	5	5
mhpF	12	12	12	11
mhpE	16	16	16	16
mhpT	28	32	25	29
frmA	37	32	34	29
yaiO	200	124	184	116
yaiP	14	9	15	9
tauA	10	5	9	5
tauB	7	6	7	6
tauD	14	8	14	7
hemB	275	237	260	229
yaiV	35	48	34	47
ampH	57	45	55	44
sbmA	62	62	58	56
yaiW	140	104	133	97
ddlA	935	657	888	623
phoA	118	92	118	91
yaiC	22	21	21	21
proC	91	82	91	82
aroM	41	28	40	28
rdgC	134	90	117	77
mak	382	289	359	274
araJ	81	61	62	47
sbcD	80	39	76	37
phoB	83	64	83	64
phoR	72	65	69	64
brnQ	1098	922	1081	904
proY	226	200	218	195
malZ	98	73	91	72
queA	15	11	15	11
tgt	393	304	393	304
secD	803	590	763	562
secF	986	735	962	712
tsx	2529	2090	2507	2078
ribD	404	343	383	330
thiL	53	48	48	47
yajO	771	591	681	524
dxs	184	125	172	115
ispA	118	71	113	68
thiI	88	66	83	62
panE	160	126	147	115
yajR	111	88	104	84
cyoE	4497	3191	4329	3068
cyoC	2000	1489	1945	1455
cyoB	7169	5204	7058	5128
cyoA	5595	4113	5422	3982
ampG	20	14	19	14
tig	619	470	619	469
clpP	915	686	915	685
clpX	5600	4565	5343	4358
lon	3583	2628	3611	2659
ppiD	2736	2008	2670	1965
queC	166	133	155	123
ybaE	459	394	453	380
cof	463	411	540	465
mdlA	81	54	80	54
mdlB	38	30	38	29
amtB	77	56	68	47
tesB	125	93	122	90
ylaB	130	106	129	105
acrB	1861	1318	1825	1298
acrA	710	513	710	513
acrR	191	154	190	154
kefA	376	271	357	259
dnaX	134	96	132	89
recR	53	35	49	32
htpG	8461	6993	8350	6896
adk	328	266	327	266
hemH	84	69	82	67
aes	265	221	260	215
gsk	53	40	53	40
ybaL	235	216	214	205
fsr	60	67	59	63
ushA	472	365	517	398
ybaP	77	46	72	44
copA	563	416	497	365
ybaS	19	17	18	14
ybaT	28	18	28	18
ybbK	863	655	835	634
ybbL	141	116	134	111
ybbM	107	77	106	76
ybbN	584	470	577	457
ybbO	75	61	72	56
tesA	208	185	208	185
ybbA	148	127	143	123
ybbP	219	163	204	151
ybbB	28	19	26	16
ybbS	14	19	14	18
allR	1329	1199	1322	1185
gcl	15	22	14	18
hyi	13	12	13	12
glxR	10	4	10	4
ybbW	68	45	67	42
allB	458	279	412	242
ybbY	16	17	15	16
glxK	109	77	107	73
ylbA	172	156	165	150
allC	99	66	95	61
allD	25	22	25	22
ylbE	20	23	20	23
ylbF	15	12	13	12
ybcF	8	6	7	5
purK	22	19	16	15
lpxH	35	15	33	13
cysS	154	118	153	117
folD	329	293	301	281
sfmC	70	46	65	43
sfmH	11	6	10	6
fimZ	13	10	13	10
envY	31	22	32	22
ybcH	51	41	47	40
nfrB	69	49	65	44
cusR	13	9	13	9
cusC	2	3	21	22
cusB	12	2	12	2
cusA	36	20	35	20
pheP	152	113	139	109
ybdG	295	241	295	239
nfnB	270	195	264	191
ybdK	75	73	68	66
fepA	402	279	338	234
fepC	54	28	45	24
fepG	69	40	64	34
fepD	85	56	84	50
ybdA	78	47	77	46
fepB	96	73	85	63
entC	77	59	69	57
entE	105	78	98	76
entB	100	68	100	68
entA	103	65	91	62
cstA	35384	26587	31354	23479
ybdH	1377	885	1024	628
ybdL	260	121	257	120
ibrB	39	38	39	38
ibrA	21	10	21	10
ybdO	18	10	15	10
dsbG	94	78	94	78
ahpF	726	554	712	542
ybdR	70	56	68	56
rna	339	288	334	283
citT	21	31	21	31
citG	0	1	0	1
citF	2	4	2	4
citE	5	5	5	5
citC	12	14	11	14
citA	72	49	72	47
citB	37	24	35	22
dcuC	23	17	21	17
lipA	2910	2398	2908	2396
ybeF	89	75	89	75
lipB	57	61	57	61
dacA	268	239	266	239
rlpA	150	120	135	108
mrdB	61	36	58	34
mrdA	72	50	72	49
phpB	16	12	16	12
nadD	52	45	52	45
holA	73	60	73	60
leuS	2695	1959	2662	1931
ybeQ	157	148	157	146
ybeU	6	7	6	7
hscC	59	58	54	52
rihA	580	409	550	381
gltL	446	288	391	257
gltK	358	318	329	296
gltJ	437	295	397	276
gltI	8270	6517	8571	6698
ybeX	1069	823	1068	822
ybeZ	1110	874	1058	836
miaB	101	71	95	65
asnB	370	274	306	220
nagD	150	97	115	76
nagC	349	281	343	277
nagA	433	358	432	358
nagB	387	346	355	317
nagE	3071	2483	2950	2388
glnS	1210	995	1076	887
ybfM	202	193	195	181
ybfF	95	93	91	87
pgm	3601	2561	3259	2317
potE	238	211	221	192
kdpE	54	45	46	40
kdpD	161	120	144	111
kdpB	17	11	14	8
ybgH	53	39	49	39
ybgI	472	324	463	317
ybgJ	282	218	282	215
ybgK	369	251	316	218
nei	53	37	50	33
abrB	21	18	19	15
gltA	8364	6295	8031	6031
sdhA	11232	8348	10256	7600
sdhB	4643	3540	4591	3495
sucA	20312	14620	19916	14335
sucB	9053	6169	8983	6136
sucC	11887	8454	11851	8420
sucD	12092	9334	11281	8803
mngR	101	95	104	92
mngA	7	13	7	13
cydA	4759	3368	4758	3368
cydB	3898	2924	3586	2671
tolQ	164	89	155	83
tolA	352	257	352	257
tolB	2035	1455	2033	1455
ybgF	657	528	657	528
nadA	162	94	162	90
pnuC	173	124	173	124
zitB	207	169	207	169
aroG	1075	873	1038	840
gpmA	3442	2385	3270	2270
galM	1011	859	886	752
galK	293	220	283	213
galT	138	122	127	114
galE	228	182	222	178
modF	334	251	328	246
modE	180	172	179	172
modA	137	131	96	88
modB	102	44	101	44
modC	101	72	93	64
ybhA	69	44	67	44
pgl	184	113	172	109
ybhD	49	42	40	38
ybhH	22	19	22	15
ybhI	223	199	58	37
ybhJ	22	34	21	33
ybhC	90	66	85	65
bioB	1001	641	965	621
bioC	47	33	37	27
bioD	34	22	32	22
uvrB	1150	977	1095	934
ybhK	208	137	208	137
moaA	679	514	673	508
ybhL	1974	1791	1948	1778
ybhN	16	18	14	16
ybhO	31	16	31	15
ybhP	34	26	34	26
ybhR	78	64	77	62
ybhS	55	57	55	57
ybhF	143	87	119	70
ybhG	117	66	110	65
ybiH	58	37	49	28
rhlE	21	29	16	23
dinG	240	186	222	166
ybiB	259	183	259	182
ybiC	867	634	860	627
ybiX	71	53	71	52
fiu	77	42	73	41
ybiN	50	35	44	31
ybiO	56	51	48	42
glnQ	934	808	898	781
glnP	1233	1058	1231	1058
glnH	9485	7812	9478	7805
rhtA	28	21	28	21
ybiR	209	149	208	148
ybiS	402	344	393	339
ybiT	399	306	379	292
ybiU	31	25	31	25
ybiV	72	41	70	41
ybiW	69	48	64	41
ybiY	5	3	5	3
fsaA	41	35	37	32
moeB	134	96	107	76
moeA	310	234	295	224
iaaA	404	283	390	272
yliA	224	162	224	161
yliB	255	195	242	180
yliC	57	47	56	45
yliD	28	25	28	25
yliE	20	20	20	20
yliF	47	25	44	25
yliG	50	83	50	83
yliI	70	61	69	61
yliJ	210	154	210	154
dacC	1038	775	1013	755
deoR	240	226	239	226
cmr	126	133	126	133
ybjI	71	51	68	50
ybjJ	53	53	53	53
ybjL	545	464	537	456
nfsA	146	114	146	114
rimK	91	92	83	86
potF	417	330	371	306
potG	122	103	89	80
potH	70	39	68	37
potI	118	97	96	78
rumB	27	14	24	9
artJ	116	93	104	80
artM	83	57	81	57
artQ	85	66	85	66
artI	435	314	432	313
artP	192	153	192	153
ybjR	306	235	302	233
ybjS	94	73	94	73
ybjT	106	84	102	74
ltaE	134	112	105	92
poxB	112	93	91	74
hcr	35	31	35	31
hcp	17	16	17	16
ybjE	25	28	25	28
aqpZ	184	141	178	132
ybjD	1166	876	1043	768
ybjX	2049	1800	2044	1798
macA	347	250	347	249
macB	537	414	514	391
clpA	28012	23031	27649	22768
aat	28	32	28	32
cydC	114	70	107	66
cydD	119	124	119	121
trxB	482	362	442	341
lolA	656	481	654	481
ycaJ	151	116	146	112
serS	4176	3306	3918	3105
dmsA	64	40	61	37
dmsB	39	24	34	20
dmsC	101	67	95	62
ycaC	97	81	95	81
ycaD	152	109	146	107
ycaM	30	27	29	26
ycaN	128	120	128	119
pflA	614	599	613	598
pflB	13985	10433	13894	10372
focA	1918	1312	1848	1240
ycaO	58	57	57	56
ycaP	546	476	533	469
serC	1316	1004	1270	985
aroA	191	115	191	115
ycaL	39	38	22	18
cmk	311	273	304	267
rpsA	9151	7940	9146	7932
msbA	319	212	309	205
lpxK	62	40	61	40
kdsB	401	292	388	274
ycbJ	311	234	311	234
smtA	247	168	234	161
mukF	281	208	277	200
mukE	166	106	163	105
mukB	737	572	692	533
ycbB	876	650	873	648
ycbL	1197	871	1197	869
aspC	1928	1612	1900	1596
ompF	16544	12561	16540	12556
asnS	1349	1197	1313	1160
pncB	156	132	151	125
pepN	4762	3546	4191	3147
ssuC	11	7	11	7
ssuA	9	11	9	11
ycbR	15	14	15	14
ycbT	36	28	29	20
ycbF	22	12	22	11
pyrD	30	20	30	20
ycbX	230	135	230	135
ycbY	136	116	129	111
uup	140	133	140	132
pqiA	123	80	123	80
pqiB	254	213	248	208
ycbZ	303	252	301	252
yccR	250	245	250	245
yccS	215	150	215	150
helD	523	367	522	367
yccT	20	25	20	25
yccW	192	146	221	168
yccA	5348	4274	5174	4146
hyaA	7	5	6	5
hyaB	7	7	6	7
hyaC	10	5	10	5
hyaF	12	9	12	9
appC	89	45	89	46
appB	25	16	23	12
appA	55	40	55	40
yccC	220	198	220	198
yccZ	31	32	31	32
ymcA	17	23	16	22
ymcB	8	7	8	7
ymcC	85	78	82	78
yccM	39	33	39	32
torR	103	76	96	70
torC	12	11	12	11
torA	60	45	58	41
cbpA	309	206	304	205
agp	4509	3380	4420	3310
rutG	44	38	37	31
rutD	7	3	7	3
rutB	2	2	1	0
rutA	7	4	7	4
rutR	221	169	209	161
putP	4302	3745	3967	3458
efeO	97	67	95	66
efeB	90	65	88	63
phoH	8730	7438	8730	7435
ycdW	446	289	446	288
ycdX	558	358	555	357
csgG	95	67	86	57
csgD	97	60	96	59
ymdC	125	107	125	106
mdoC	68	42	60	37
mdoG	794	708	756	683
mdoH	502	403	501	401
mdtG	25	24	22	23
lpxL	117	97	115	97
yceA	61	65	59	58
solA	451	320	430	305
pyrC	49	44	54	50
grxB	109	104	109	104
mdtH	61	59	59	53
yceH	647	437	634	423
mviM	725	572	704	559
mviN	43	43	43	43
flgA	19	14	19	14
flgD	7	4	7	4
flgF	2	4	1	3
flgG	2	1	2	1
flgH	3	4	3	4
flgI	2	1	2	1
flgJ	6	2	6	2
flgK	61	44	61	44
flgL	96	89	86	77
rluC	148	118	148	118
plsX	257	186	257	185
fabH	562	453	562	453
fabD	632	425	631	423
fabG	3574	2488	3573	2487
fabF	3348	2749	3172	2591
pabC	138	102	138	102
yceG	99	64	94	55
tmk	72	53	72	52
holB	74	64	68	64
ycfH	83	88	83	88
ptsG	433	380	433	380
fhuE	194	186	190	182
ycfM	252	178	248	175
ycfN	141	106	141	106
nagZ	545	446	536	434
ndh	119	90	119	89
ycfQ	472	410	471	409
ycfS	136	120	136	120
mfd	555	420	526	405
lolC	58	35	58	35
lolD	19	22	18	17
lolE	458	346	451	341
ycfX	364	256	373	266
cobB	232	200	175	148
potD	202	149	167	125
potC	33	43	33	42
potB	27	22	27	21
potA	64	52	58	45
pepT	684	535	646	521
ycfD	523	452	510	443
phoQ	435	318	434	318
phoP	971	727	898	675
purB	88	63	85	62
hflD	61	60	61	60
trmU	102	78	102	78
ymfC	59	43	52	39
icd	38871	30130	35209	27191
ycgE	334	253	330	251
ycgF	107	89	107	89
ycgG	25	20	25	20
minD	1499	1120	1499	1120
minC	699	503	687	501
ycgM	537	405	495	362
umuC	95	74	95	74
nhaB	130	114	130	114
fadR	1486	1158	1484	1154
ycgB	809	682	791	669
dadA	2981	2130	2751	1938
dadX	1038	804	1005	776
cvrA	119	111	104	94
emtA	121	99	116	93
ycgR	22	11	22	11
treA	190	121	190	121
dhaH	238	190	237	188
dhaL	85	83	85	83
dhaK	192	140	190	140
dhaR	134	106	125	105
ychF	712	507	712	507
ychM	526	432	526	431
prsA	298	273	298	273
ispE	131	124	130	124
lolB	100	80	100	80
hemA	307	220	295	210
prfA	122	81	121	74
prmC	25	37	25	36
ychA	502	407	501	407
kdsA	786	565	785	564
chaA	384	300	372	293
chaC	301	202	246	178
ychP	57	34	102	54
narL	93	62	93	61
narX	130	100	133	103
narK	40	25	40	25
narG	68	45	67	45
narH	50	51	50	49
narJ	22	23	19	22
narI	22	24	22	23
purU	369	244	351	239
rssA	312	242	287	216
rssB	256	174	250	164
galU	1042	739	1040	739
tdk	146	114	146	114
adhE	8605	7106	8589	7087
ychE	68	72	66	71
oppA	943	658	942	657
oppB	70	68	70	67
oppC	79	66	79	65
oppD	141	93	128	87
oppF	263	205	243	181
cls	1088	773	1048	743
kch	176	113	172	113
tonB	605	514	580	498
yciC	699	553	683	540
ompW	2550	1605	2474	1543
trpA	146	143	144	141
trpB	208	171	206	171
trpD	81	85	74	77
trpE	29	34	26	30
yciV	374	385	374	385
yciO	258	221	223	205
rluB	149	94	130	79
yciK	483	361	468	352
sohB	952	777	942	760
topA	1336	1042	1335	1040
cysB	597	457	568	434
acnA	2457	1709	2359	1625
pgpB	225	167	225	167
yciM	826	576	819	573
pyrF	49	32	48	32
deoT	210	204	192	183
gmr	404	331	402	330
rnb	208	155	206	155
fabI	2958	2432	2929	2402
sapF	44	33	44	33
sapD	85	76	85	75
sapC	45	32	45	31
sapB	85	46	83	43
sapA	170	140	170	140
puuP	68	44	68	43
puuA	161	136	143	120
puuD	300	293	300	293
puuB	4	6	3	5
puuE	25	16	23	16
pspF	141	99	141	99
pspA	1449	1098	1390	1063
ycjM	36	28	36	28
ycjN	9	3	9	3
ycjO	8	5	8	5
ycjP	6	3	6	3
ycjQ	8	6	7	5
ycjR	4	8	4	7
ycjS	15	11	15	11
ycjU	3	2	3	2
ompG	14	7	14	6
ycjW	55	54	42	42
ycjX	341	261	228	176
ycjF	237	177	218	167
tyrR	867	645	861	644
ycjG	672	477	647	452
mpaA	141	114	136	109
ycjZ	111	69	111	69
mppA	1411	1074	1391	1063
ynaI	209	174	205	173
uspE	8920	6788	8899	6764
fnr	4029	3419	4029	3419
abgT	9	19	8	19
abgB	25	15	26	18
abgA	14	14	14	13
abgR	120	120	117	114
ydaM	163	107	158	104
ydaN	321	254	319	250
dbpA	47	27	45	27
ydaO	128	108	122	103
ompN	171	134	198	164
ldhA	503	355	478	337
feaR	1247	1054	1246	1053
feaB	407	367	400	362
maoC	23	18	23	17
paaA	14	14	14	14
paaC	20	10	20	10
paaJ	23	13	21	12
paaF	1	2	1	1
paaG	5	4	5	4
paaH	17	9	17	9
paaE	1322	968	1310	957
paaK	806	602	766	572
paaX	226	169	202	146
ydbC	1458	1164	1306	1043
azoR	181	208	170	192
hrpA	227	183	202	167
ydcF	134	80	130	75
aldA	6358	5000	6295	4965
trg	149	115	144	109
ydcI	2213	1769	2202	1756
ydcJ	319	191	319	191
mdoD	623	430	636	448
ydcK	90	70	85	68
tehA	116	95	115	95
ydcL	429	332	420	318
ydcO	59	50	58	50
ydcP	201	157	201	157
ydcR	57	80	55	79
ydcS	354	230	349	227
ydcT	58	67	58	67
ydcU	49	26	49	26
ydcV	37	24	36	23
ydcW	127	93	126	89
yncB	662	443	653	444
yncC	249	169	249	168
yncD	67	58	66	58
yncE	4186	3140	4020	3015
ansP	55	61	54	60
yncG	30	19	28	16
nhoA	96	61	92	59
narV	60	47	52	40
narW	18	20	17	20
narY	52	30	44	29
narZ	75	58	75	58
narU	43	44	43	44
yddG	25	26	22	24
fdnG	388	335	449	401
fdnH	97	85	99	85
fdnI	56	57	55	57
adhP	127	88	110	77
sfcA	615	476	584	444
ddpD	20	21	20	18
ddpC	23	16	22	15
ddpB	12	13	12	13
ddpA	44	39	44	39
dos	142	129	134	120
yddV	501	350	462	325
yddW	250	206	243	201
gadC	151	99	149	95
gadB	102	87	102	87
ydeM	87	72	86	71
ydeN	449	451	447	450
ydeO	13	5	13	5
ydeP	319	207	289	192
ydeQ	26	15	26	15
lsrK	689	568	666	554
lsrR	587	481	553	450
lsrC	92	53	88	51
lsrD	44	34	44	34
lsrB	96	54	95	52
lsrF	112	73	110	71
tam	87	69	80	65
yneE	29	19	29	19
uxaB	181	134	166	125
yneF	187	187	142	144
yneH	18	15	18	15
yneI	53	41	50	40
ydeA	43	31	43	31
marC	93	60	92	57
eamA	336	265	326	260
ydeE	88	58	86	56
ydeH	1059	669	1053	668
dcp	434	252	423	245
ydfG	644	470	636	463
ydfH	247	215	243	214
ydfT	55	38	55	38
ydfU	15	11	15	11
rspB	120	108	117	104
rspA	161	141	56	54
ynfC	359	250	359	250
ynfF	50	39	49	39
ynfG	8	10	8	8
ynfH	71	73	70	73
dmsD	85	76	85	76
clcB	16	14	16	14
ynfK	592	425	592	425
dgsA	668	471	652	463
ynfL	54	43	51	41
ynfM	53	40	47	39
ydgD	522	394	458	345
ydgG	174	109	172	108
pntB	2367	1663	2308	1607
pntA	2064	1433	1984	1385
ydgH	1749	1474	1748	1472
ydgI	61	49	58	46
folM	134	111	134	107
rstA	195	153	195	153
rstB	169	126	169	125
tus	233	153	232	153
fumC	4745	3693	4403	3434
fumA	20474	17513	19681	16929
manA	344	300	331	279
ydgA	1166	885	1039	786
uidC	91	54	90	54
uidB	99	73	90	70
uidA	393	251	376	240
hdhA	284	219	263	209
malI	166	118	152	112
malX	140	91	139	91
malY	214	189	192	167
add	515	390	515	390
ydgJ	948	741	948	740
rsxD	18	15	18	14
rsxG	9	16	9	16
rsxE	19	17	19	17
nth	29	7	29	7
ydgR	66	51	60	49
gst	1829	1560	1827	1558
pdxY	128	91	128	91
tyrS	1055	796	1053	796
pdxH	249	226	238	214
anmK	491	362	449	334
ydhJ	14	8	13	8
ydhF	459	300	459	300
nemA	68	56	68	54
rnt	20	19	20	19
ydhO	135	109	135	109
ydhP	18	15	18	15
purR	250	209	242	205
ydhB	37	44	37	43
ydhC	16	20	16	20
cfa	954	856	899	800
ribC	623	468	598	448
mdtK	631	496	626	494
ydhQ	645	504	605	465
ydhS	122	90	120	89
ydhT	44	29	44	29
ydhU	78	59	78	59
ydhX	26	15	25	15
ydhV	58	37	54	35
ydhY	10	13	10	13
pykF	483	331	483	331
ynhG	852	657	843	649
sufS	212	175	186	148
sufC	185	125	179	120
sufB	462	339	446	332
ydiK	278	234	277	232
ydiM	65	59	65	59
ydiN	58	45	52	42
ydiB	46	35	45	34
aroD	127	129	120	124
ydiF	24	26	23	23
ydiO	12	19	12	19
ydiP	216	195	216	195
ydiQ	8	10	9	10
ydiR	16	13	16	13
ydiS	15	11	14	10
ydiD	76	56	74	56
pps	13037	10050	12474	9653
ydiA	196	199	195	198
aroH	35	29	32	27
ydiV	148	88	134	80
btuD	53	34	52	34
btuC	128	103	125	99
pheT	3366	2625	3328	2600
pheS	246	172	243	168
thrS	12880	10951	11950	10102
ydiY	35	32	32	30
pfkB	194	128	191	126
yniA	8811	6715	8513	6513
yniC	169	200	153	190
ydjN	366	290	359	282
katE	69	38	57	32
chbF	252	178	243	175
chbR	285	205	283	203
chbC	458	396	457	396
nadE	536	376	502	359
ydjQ	55	34	54	33
astE	120	107	120	107
astB	177	130	168	126
astA	223	167	220	160
astC	418	328	418	328
xthA	190	154	190	154
ydjX	84	60	80	55
ydjZ	17	17	17	17
ynjE	66	48	60	45
ynjF	42	33	42	33
gdhA	686	579	590	516
topB	314	211	299	204
selD	1536	1147	1216	918
sppA	538	416	534	406
ansA	66	62	64	60
pncA	258	227	245	221
ydjE	138	86	135	84
ydjF	364	293	364	293
ydjG	68	45	68	45
ydjH	36	18	36	18
ydjI	54	30	54	30
ydjJ	34	18	34	16
ydjK	25	18	24	18
ydjL	27	15	27	15
gapA	5452	4418	5443	4409
yeaD	71	59	70	57
yeaE	141	129	135	127
mipA	247	201	247	201
yeaG	3311	2441	3160	2311
yeaH	1074	828	1056	820
yeaI	30	25	30	25
yeaJ	133	101	130	100
yeaM	62	51	56	47
yeaN	27	24	27	24
yeaP	381	310	370	301
yeaS	85	77	84	75
yeaT	103	81	103	79
yeaU	90	108	86	104
yeaV	359	315	341	300
yeaW	609	477	605	476
yeaX	379	258	372	250
rnd	94	49	94	48
fadD	6909	5383	6636	5113
yeaZ	36	33	28	29
yoaA	114	57	103	51
sdaA	627	505	627	505
adrB	55	44	54	44
yoaE	142	102	142	102
manX	1142	891	1142	891
manY	848	646	859	648
rrmA	41	37	41	36
kdgR	1433	1121	1431	1120
yebQ	27	19	27	19
htpX	19217	15586	19130	15535
prc	952	736	919	703
yebS	136	125	125	116
yebT	97	102	86	95
yebU	62	54	60	53
pphA	61	49	61	49
yebZ	74	69	73	69
yobB	307	271	307	271
exoX	202	115	202	115
ptrB	140	116	137	113
yebE	936	744	933	744
purT	28	26	26	23
eda	218	156	217	156
edd	95	86	95	86
zwf	791	640	780	631
yebK	554	503	548	499
pykA	738	584	731	579
lpxM	214	210	212	207
yebA	1455	1002	1446	1000
znuA	631	497	629	497
znuC	182	141	175	137
znuB	53	47	50	46
ruvB	369	264	324	236
ruvA	339	276	338	275
yebB	38	24	38	24
yebC	472	305	451	295
aspS	887	766	846	735
yecE	30	31	30	31
yecO	96	63	89	61
yecP	121	94	81	75
torY	44	28	42	25
cutC	242	227	242	227
argS	402	308	380	300
flhA	78	65	78	65
flhB	6	5	6	5
cheZ	22	25	22	25
cheB	14	7	14	7
cheR	9	6	9	6
tap	16	7	16	7
tar	41	21	41	21
cheA	14	7	14	7
motB	9	3	9	3
motA	2	8	2	8
otsA	240	173	240	173
otsB	77	76	77	76
araH	895	738	876	727
araG	854	610	797	577
araF	1564	1205	1564	1205
tyrP	109	79	109	79
yecA	1696	1323	1696	1323
uvrC	205	135	205	135
uvrY	581	441	581	441
sdiA	307	220	260	196
yecC	53	56	52	53
yecS	49	51	46	45
yedO	154	126	151	123
fliY	1294	912	1218	861
fliA	6	3	6	3
fliD	19	14	19	13
amyA	319	297	304	279
yedE	312	198	303	191
fliF	6	2	6	2
fliG	8	7	8	7
fliH	5	2	5	2
fliI	4	4	4	4
fliM	6	5	6	5
fliP	5	4	4	4
fliR	110	108	106	106
rcsA	28	21	28	21
yedP	106	64	94	54
yedQ	206	147	170	131
yedI	210	141	205	138
yedA	19	10	19	9
dcm	152	119	148	118
yedJ	33	22	30	22
hchA	991	983	787	796
yedW	274	231	271	228
yedZ	70	59	61	53
yodA	77	65	77	65
yeeI	4862	4101	4850	4093
shiA	250	212	239	205
amn	263	225	260	221
yeeN	279	197	279	197
yeeO	191	159	174	144
cbl	73	60	72	58
nac	72	51	69	47
erfK	273	207	266	202
cobS	223	149	208	139
yeeA	105	86	100	79
dacD	26	32	26	29
yeeE	84	56	84	55
yeeF	51	39	47	35
yeeY	332	265	324	259
yeeZ	884	787	881	787
hisG	203	171	178	154
hisD	178	152	128	112
hisC	142	130	123	115
hisB	292	241	241	184
hisA	172	110	172	110
hisF	143	108	126	92
ugd	329	218	251	172
gnd	1359	922	951	632
galF	1003	713	472	345
wcaL	14	11	10	5
wcaK	11	15	10	13
wzxC	1	4	1	4
wcaJ	5	5	5	5
cpsG	123	76	5	2
cpsB	115	80	12	11
fcl	8	4	4	4
gmd	8	7	7	7
wcaE	2	4	2	4
wcaD	6	3	4	2
wcaC	9	8	9	6
wcaA	5	6	5	5
wzc	22	23	20	22
wza	3	3	3	2
yegH	209	178	198	169
asmA	659	482	636	467
udk	38	37	38	37
yegL	3	2	1	1
mdtA	17	19	16	19
mdtB	19	20	18	17
mdtC	20	9	20	9
baeS	15	8	15	7
baeR	125	91	120	90
yegQ	68	55	68	55
yegS	71	48	61	41
gatD	63	31	57	29
gatZ	30	19	31	19
gatY	35	18	35	18
fbaB	576	401	560	385
yegT	41	34	40	34
yegU	23	24	21	21
yegV	34	22	34	22
yegW	98	58	98	58
yegX	12	18	12	17
thiD	118	80	117	76
thiM	92	85	89	83
rncA	74	45	70	44
yehA	27	25	27	24
yehC	1	0	0	0
mrp	1027	850	855	697
metG	514	451	397	358
yehL	7	9	3	8
yehP	8	3	9	4
yehT	268	170	268	170
yehU	992	774	934	735
mlrA	58	46	55	45
yehW	6	4	7	4
yehX	15	6	14	6
yehY	10	8	9	8
yehZ	48	40	47	40
bglX	415	289	407	281
dld	1631	1271	1579	1234
pbpG	183	151	182	151
yohF	52	42	39	37
dusC	37	35	34	34
yohK	42	22	42	22
cdd	367	300	345	285
sanA	82	59	82	58
yeiT	1590	1169	1543	1127
yeiA	1211	842	1193	824
mglC	700	489	692	483
mglA	1773	1119	1673	1064
mglB	6956	5254	6728	5069
galS	649	418	648	415
yeiB	36	19	34	20
folE	182	147	182	147
frmC	259	240	300	288
cirA	492	341	444	311
lysP	121	125	121	125
yeiE	159	128	159	126
yeiH	333	270	332	270
nfo	99	80	96	78
yeiJ	105	102	66	63
rihB	35	34	33	32
yeiL	112	79	107	74
yeiC	33	13	31	11
fruA	575	437	536	407
fruK	190	162	190	161
fruB	140	100	141	102
setB	29	18	19	12
yeiQ	165	156	162	153
yeiR	10	14	10	14
yeiU	16	10	16	10
rtn	182	154	175	146
yejB	46	26	44	24
yejE	31	22	31	22
yejF	89	48	89	48
bcr	96	96	91	92
rsuA	97	50	89	44
yejH	28	22	25	21
yejK	384	338	356	321
yejM	126	111	122	108
narP	325	258	323	254
ccmH	123	95	108	72
ccmF	73	39	70	31
ccmC	33	29	32	29
ccmB	29	17	29	17
ccmA	111	111	103	104
napC	148	141	148	141
napH	51	29	49	26
napG	35	18	35	18
napA	198	170	184	159
mqo	20	24	19	21
yojI	64	44	58	37
alkB	34	20	33	19
ada	128	80	121	76
yojL	21	15	17	13
rcsB	1385	1056	1381	1054
rcsC	261	214	296	237
yfaP	8	13	7	12
yfaQ	26	15	26	15
yfaT	2	3	2	3
gyrA	964	715	951	704
ubiG	49	48	42	41
nrdA	99	92	87	82
nrdB	165	120	146	103
inaA	232	171	232	170
glpQ	1322	1021	1233	926
glpT	496	376	483	362
glpA	20	14	20	14
glpB	11	11	11	10
glpC	31	35	30	35
yfaY	193	152	183	147
ais	47	18	42	16
yfbE	162	132	157	120
yfbF	38	26	38	26
yfbG	82	52	79	52
yfbH	26	20	26	19
arnT	60	60	59	60
menE	25	16	22	12
menC	55	37	47	28
menB	88	64	83	62
yfbB	21	17	21	16
menD	52	51	49	49
menF	70	58	70	57
elaC	65	53	64	52
nuoN	695	650	628	586
nuoM	439	351	436	348
nuoL	1091	852	1065	842
nuoH	623	514	623	514
nuoG	2243	1628	2174	1576
nuoF	870	645	771	570
nuoC	2136	1564	2002	1456
nuoB	1959	1357	1932	1332
lrhA	6392	5384	6370	5372
yfbQ	905	759	904	756
yfbS	365	303	362	303
yfbT	762	593	753	578
ackA	1404	1249	1496	1336
pta	815	543	815	543
yfcF	39	23	39	23
yfcG	42	42	42	41
yfcH	945	771	820	666
hisP	160	109	160	108
hisM	171	133	170	130
hisQ	430	287	425	285
hisJ	1233	942	1231	941
purF	209	179	205	178
dedD	318	233	317	231
folC	395	309	395	309
accD	1880	1601	1878	1599
truA	122	87	114	82
usg	140	100	131	95
pdxB	253	197	229	185
flk	42	25	40	25
yfcJ	8	11	8	11
fabB	12369	10057	12141	9860
trmC	103	101	103	101
yfcA	179	138	164	130
mepA	109	79	109	79
aroC	245	196	206	159
prmB	201	125	167	106
yfcY	734	510	679	473
fadL	707	523	671	496
vacJ	350	284	349	290
yfdC	67	51	62	50
dsdA	69	63	64	61
emrY	27	19	27	17
emrK	33	21	26	19
evgA	32	25	32	23
yfdE	65	52	64	52
yfdV	45	29	45	29
oxc	46	34	46	34
frc	27	31	27	31
yfdX	39	17	39	17
ddg	28	20	44	29
yfdZ	895	730	764	633
ypdA	131	74	129	73
ypdB	240	164	240	164
ypdC	80	44	71	40
ypdD	24	28	23	28
ypdE	11	6	9	4
ypdF	16	12	14	11
ypdG	23	14	22	8
glk	653	522	617	490
yfeO	126	117	124	114
mntH	1309	923	1219	865
nupC	651	596	611	560
yfeA	187	167	187	167
gltX	418	332	413	326
yfeR	97	76	98	77
yfeH	286	317	236	281
ligA	304	246	315	257
zipA	2792	2195	2786	2191
cysZ	500	447	493	440
cysK	1806	1373	1778	1337
ptsI	3926	3391	3924	3389
pdxK	158	129	140	118
cysM	69	43	62	40
cysA	74	54	57	43
cysW	42	33	38	29
cysU	25	30	24	30
cysP	116	64	116	64
ucpA	7663	6724	7276	6437
yfeT	49	42	49	41
yfeU	397	330	334	279
murP	464	343	433	323
murQ	586	509	539	466
yfeX	502	372	502	371
amiA	119	111	113	108
hemF	47	22	43	22
yfeG	22	26	19	21
eutL	23	19	17	15
eutC	26	15	25	14
eutB	32	22	32	22
eutA	12	14	11	13
eutH	19	13	19	12
eutG	8	11	5	10
eutJ	1	2	1	2
eutE	11	7	9	6
eutI	102	84	102	83
eutT	50	41	50	41
eutQ	75	46	75	46
maeB	10374	7812	9360	7028
talA	512	367	486	350
tktB	481	326	481	326
ypfG	64	60	62	56
aegA	80	45	76	44
narQ	237	194	226	182
acrD	79	62	78	61
dapE	744	496	677	464
ypfH	120	130	120	130
ypfJ	570	385	551	375
purC	416	323	371	300
nlpB	1500	1208	1500	1208
dapA	1949	1664	1949	1664
hyfA	1	0	1	0
hyfC	15	6	14	6
hyfD	8	6	8	6
hyfE	8	5	8	5
hyfG	13	8	13	8
hyfI	5	3	4	3
perM	278	213	277	211
yfgC	795	555	786	549
hda	158	106	158	106
uraA	23	21	23	21
upp	50	19	48	18
purM	124	98	123	98
purN	46	37	46	36
ppk	924	787	882	751
ppx	308	249	302	244
yfgF	74	48	74	48
guaA	397	340	389	333
guaB	123	109	117	98
xseA	66	52	63	50
der	374	284	373	281
yfgL	650	501	650	501
yfgM	343	266	343	266
hisS	709	515	724	521
ispG	944	687	962	703
yfgA	997	803	953	752
yfgB	182	136	179	129
pbpC	39	42	36	41
sseA	1263	1045	1260	1045
sseB	487	356	485	354
pepB	695	482	668	467
hscA	722	567	707	554
iscS	9176	6872	9161	6867
yfhQ	423	330	393	311
suhB	58	43	58	42
yfhR	13	10	13	10
hcaT	239	186	235	181
hcaR	2051	1540	1872	1437
hcaE	29	20	29	20
hcaB	9	3	9	3
yphB	171	113	171	113
yphC	209	127	192	111
yphD	193	111	163	95
yphE	433	316	363	260
yphF	501	367	454	319
yphH	109	94	107	94
glyA	2159	1693	2009	1581
hmp	1194	1072	1190	1069
yfhA	47	36	42	31
yfhG	74	41	58	30
yfhK	144	102	137	96
yfhD	44	16	46	19
yfhB	268	174	282	177
yfhH	73	70	73	70
pdxJ	281	208	243	165
recO	50	45	47	45
era	137	95	112	72
rnc	85	71	90	74
lepB	256	229	242	210
lepA	379	267	364	264
rseB	675	507	675	507
rseA	6885	5368	6881	5367
yfiC	38	19	36	17
srmB	160	125	153	116
yfiE	246	208	210	171
ung	142	113	127	104
yfiF	124	105	112	97
yfiP	22	19	21	18
yfiQ	4586	3735	4393	3565
pssA	2643	2081	2622	2061
kgtP	3270	2418	3028	2260
clpB	23547	19803	22700	19108
yfiH	55	63	51	59
rluD	305	282	285	260
yfiO	956	650	951	649
pheA	486	384	446	354
tyrA	305	216	281	198
aroF	249	186	249	186
yfiN	96	68	95	65
trmD	2183	1826	2182	1823
ffh	992	897	1073	979
ypjD	89	55	84	53
yfjD	212	178	202	174
yfjB	232	178	232	178
recN	581	468	581	468
gabT	421	259	351	226
gabP	154	108	124	87
csiR	279	234	274	231
nrdF	33	22	33	22
proV	77	69	77	68
proW	27	27	25	26
proX	63	37	54	36
ygaZ	218	156	218	156
emrA	19	8	18	8
emrB	45	37	40	34
gshA	908	678	885	656
alaS	1874	1398	1856	1378
recA	1693	1439	1640	1383
mltB	6	11	6	11
srlE	109	88	109	88
srlD	186	116	186	116
srlR	606	519	587	490
gutQ	377	277	347	253
norV	33	26	30	22
norW	14	7	14	7
ascG	98	85	98	84
ascF	89	73	85	68
hycG	19	8	14	8
hycE	5	2	4	1
hycD	2	1	2	0
hycC	7	8	5	6
hycB	0	0	0	0
hypB	73	52	73	51
hypD	55	57	40	48
hypE	46	52	44	42
fhlA	77	78	73	72
mutS	136	82	125	76
ygbI	545	398	542	396
ygbJ	152	136	152	136
ygbK	144	123	131	113
ygbL	92	50	99	55
ygbM	103	73	102	70
ygbN	63	61	63	61
nlpD	63600	55788	64583	56790
pcm	240	156	240	156
surE	242	151	153	94
truD	263	210	263	209
ispD	44	35	40	34
cysC	43	33	43	33
cysN	216	158	203	148
cysD	84	50	84	50
iap	138	133	134	128
cysH	50	41	40	34
cysI	74	31	69	31
cysJ	36	17	36	17
ygcQ	15	12	15	12
ygcR	3	5	3	5
ygcS	7	4	7	4
ygcU	29	21	28	20
ygcW	15	13	15	13
yqcE	30	22	27	22
ygcF	456	350	456	349
eno	1838	1349	1828	1343
pyrG	919	689	895	674
mazG	301	259	281	242
relA	2045	1440	1792	1283
barA	179	142	177	141
gudD	366	263	357	253
gudX	303	217	258	182
gudP	483	428	465	410
truC	9	8	9	8
queF	239	192	235	186
ygdH	879	833	879	832
sdaC	57	46	55	46
sdaB	69	66	66	61
exo	98	83	97	83
fucO	1479	940	1479	940
fucA	358	248	361	249
fucP	252	225	235	203
fucI	373	257	368	248
fucK	256	211	256	211
fucR	575	460	575	460
ygdE	235	182	235	182
gcvA	242	214	233	207
csdA	109	89	98	73
ygdL	92	68	88	65
mltA	1064	833	997	781
amiC	85	64	80	57
argA	213	172	192	161
recD	106	71	103	69
ptr	302	234	291	224
recC	316	280	300	270
thyA	301	227	256	184
lgt	105	77	102	75
ptsP	459	324	458	324
mutH	189	169	188	169
ygdQ	76	77	73	76
tas	397	370	397	370
ygeD	106	69	106	69
aas	143	92	141	91
galR	189	165	187	165
lysA	30	24	30	23
lysR	72	58	71	56
ygeA	132	93	132	93
araE	244	235	226	225
kduD	113	83	113	80
kduI	81	50	76	45
yqeF	2903	2083	2861	2054
yqeG	81	69	78	65
yqeH	23	11	23	11
yqeI	11	10	11	10
ygeH	19	12	19	12
ygeR	392	310	331	267
xdhA	213	155	213	155
xdhB	72	39	72	39
ygeV	4886	4008	4814	3962
ygeW	37	24	36	24
ygeX	12	12	12	12
ygeY	32	14	32	14
hyuA	25	17	25	17
yqeA	122	111	120	108
yqeB	879	623	869	622
yqeC	610	373	609	369
ssnA	72	61	57	56
ygfM	46	27	46	27
xdhD	299	200	298	198
ygfO	36	35	33	32
guaD	75	51	74	51
ygfT	123	95	117	92
ygfU	53	32	50	30
lysS	582	474	540	446
prfB	537	478	511	462
recJ	160	132	153	125
dsbC	178	152	178	152
xerD	236	194	221	185
ygfZ	617	499	614	497
yqfA	852	616	828	594
bglA	399	314	367	285
ygfF	12	6	11	5
gcvP	228	173	213	169
gcvT	160	127	158	127
visC	196	159	187	153
serA	1456	1200	1402	1148
rpiA	594	440	594	440
argP	507	371	507	371
yliK	32	19	32	19
argK	12	5	12	5
ygfG	5	3	5	3
ygfH	24	19	24	19
ygfI	78	86	77	86
yggE	388	253	387	253
argO	64	52	40	38
mscS	224	172	224	172
fbaA	2404	1957	2355	1908
pgk	2284	1941	2284	1940
epd	691	564	690	564
yggF	13	14	12	13
cmtA	14	5	12	3
tktA	2293	1883	2202	1829
yggG	1453	1233	1366	1174
speB	115	82	98	74
speA	643	505	593	459
metK	2074	1361	1997	1311
galP	25	15	24	15
endA	11	8	11	7
yggJ	95	95	95	95
gshB	330	264	329	264
yggS	132	111	125	100
yggW	40	35	39	34
yggM	66	46	66	45
ansB	113	88	113	88
yggN	232	172	229	172
yggH	139	114	139	114
mutY	50	40	47	39
mltC	45	51	42	51
nupG	3627	3276	3627	3275
yqgA	39	35	39	35
yghK	425	349	410	336
glcF	926	752	890	722
glcD	1765	1480	1758	1472
glcC	2650	1999	2642	1991
ECIAI1_3132	5	3	4	1
yghR	4	4	4	3
yghS	17	11	17	11
yghT	11	9	11	9
pitB	26	17	22	17
gss	490	428	480	421
yghU	518	392	504	385
hybC	301	255	284	245
hybB	129	73	116	70
hybA	118	92	113	89
hybO	260	161	254	158
yghZ	1027	869	978	842
yghA	33	31	33	30
exbB	975	678	963	660
metC	261	166	246	150
yghB	306	277	306	277
yqhC	145	93	142	92
yqhD	570	557	570	557
dkgA	680	542	680	542
yqhG	45	32	45	32
ygiQ	43	28	42	26
sufI	217	176	217	175
plsC	111	95	106	93
parC	320	246	323	245
qseB	73	59	73	59
parE	264	214	235	185
cpdA	1961	1665	1925	1630
nudF	220	189	212	179
tolC	1111	952	985	843
ygiC	1310	937	1151	820
ygiE	1013	720	1009	716
ribB	1990	1529	1877	1440
yqiJ	56	45	53	45
yqiK	53	38	44	30
rfaE	277	258	209	202
htrG	135	84	123	87
cca	240	193	231	179
bacA	244	194	218	178
plsY	61	57	61	57
ygiP	30	30	30	30
ttdA	4	1	4	1
ttdB	4	5	4	4
ygjE	16	10	16	10
gcp	195	148	179	135
dnaG	530	505	530	505
rpoD	5108	4094	5060	4054
yqjH	51	69	50	67
yqjI	46	40	46	40
aer	47	30	47	30
ygjG	225	160	223	158
ebgR	43	45	42	44
ygjI	19	16	19	16
ygjJ	5	4	4	4
ygjK	22	18	21	14
ygjO	20	20	20	16
ygjQ	9	3	4	2
ygjR	873	738	794	674
alx	17	20	17	20
sstT	5080	4151	4600	3799
uxaA	423	339	402	324
uxaC	372	318	357	306
exuT	255	194	233	182
exuR	683	573	580	511
yqjA	840	766	838	764
yqjG	100	90	94	79
yhaJ	116	85	110	79
yhaK	101	87	100	86
yhaM	72	38	70	38
yhaO	64	57	69	60
tdcG	64	40	65	39
tdcE	271	190	270	190
tdcD	64	46	64	46
tdcC	278	201	274	198
tdcB	150	98	150	98
tdcA	336	257	320	244
garK	1531	1106	1412	1012
garR	2095	1466	2041	1432
garL	1034	875	997	833
garP	1336	1151	1275	1107
garD	983	711	922	663
agaR	287	231	283	229
kbaZ	48	46	46	43
agaS	18	19	16	18
kbaY	11	17	11	17
agaC	15	10	15	10
agaD	22	23	21	23
agaI	3	6	2	5
yraI	38	45	33	42
yraL	120	79	113	76
yraQ	48	36	48	36
yraR	77	52	75	49
yhbU	15	3	15	2
yhbV	24	20	21	16
yhbW	36	36	34	36
mtr	270	261	211	193
deaD	436	341	400	309
nlpI	1924	1911	1924	1911
pnp	1242	1033	1121	932
truB	205	144	167	114
infB	956	763	940	747
nusA	629	445	626	441
argG	233	185	209	168
yhbX	39	33	39	33
glmM	692	504	692	504
folP	102	91	102	91
ftsH	14581	12435	14252	12126
rrmJ	4422	3998	4420	3998
dacB	68	51	64	51
obgE	900	732	810	652
yhbE	170	131	169	131
ispB	405	252	404	252
murA	192	149	187	145
yrbC	478	377	477	377
yrbE	175	147	175	147
yrbF	331	258	321	253
yrbG	164	118	163	117
kdsD	213	171	207	166
lptB	272	183	272	183
rpoN	1954	1451	1904	1408
yhbJ	244	167	244	165
yrbL	3764	3178	3760	3176
mtgA	475	347	465	338
elbB	734	566	734	565
arcB	1839	1426	1831	1424
yhcC	4	6	4	6
gltB	182	141	155	124
gltD	149	85	130	80
nanE	96	64	99	68
nanT	195	170	159	130
nanA	50	55	50	55
nanR	238	190	217	173
dcuD	34	35	28	29
sspA	1727	1386	1727	1386
degQ	437	328	437	328
degS	142	110	135	107
mdh	9981	7526	9237	6900
aaeB	39	25	39	23
aaeA	41	46	40	46
aaeR	91	67	90	62
tldD	514	363	482	351
rng	201	166	184	152
mreC	26	13	28	13
mreB	213	172	209	169
csrD	346	288	348	294
yhdH	366	327	356	314
accC	903	714	856	670
panF	21	24	18	21
prmA	49	36	49	36
dusB	359	317	359	317
yhdJ	22	13	22	13
envR	3	6	3	6
acrE	8	5	8	5
acrF	196	169	191	157
aapQ	120	86	115	85
aapP	117	83	102	77
aroE	185	113	179	110
smf	842	714	837	710
fmt	855	634	847	628
rsmB	124	88	119	86
trkA	243	165	240	164
rpoA	3632	3080	3632	3080
rpsD	2248	1944	2248	1944
secY	6711	5577	6381	5213
rpsC	1152	942	1152	942
rplB	755	611	755	611
rplD	510	447	510	447
rplC	646	552	646	552
tufA	7086	5480	7086	5480
fusA	3094	2363	3064	2338
yheO	222	180	222	180
fkpA	1874	1501	1868	1496
kefB	290	277	270	270
yheS	94	71	92	68
yheT	30	18	28	17
prkB	336	293	332	290
crp	2296	2074	2510	2249
yhfK	96	106	93	105
argD	97	69	96	67
fic	93	70	93	67
tsgA	34	26	34	26
nirB	44	49	42	49
nirC	12	3	12	3
cysG	353	256	326	237
frlA	4	10	4	10
frlB	11	6	11	6
frlC	9	6	9	6
frlD	14	12	14	12
frlR	102	91	102	91
yhfS	29	31	29	31
yhfT	13	22	12	18
php	12	8	12	8
yhfZ	608	515	509	431
trpS	541	447	492	414
gph	121	73	120	72
rpe	148	114	146	110
dam	137	84	137	83
aroB	600	446	600	444
hofQ	15	14	15	14
yrfD	23	20	22	20
mrcA	82	64	78	64
igaA	595	497	567	474
yrfG	108	83	108	83
hslO	272	186	271	186
pck	23151	19574	19738	16517
envZ	294	224	270	208
ompR	1311	1053	1308	1047
yhgF	69	44	68	43
feoB	1146	894	1135	890
yhgA	33	30	29	25
bioH	63	49	62	47
gntX	97	83	95	82
gntT	77	70	75	69
malQ	74	58	72	54
malP	94	71	92	69
malT	2358	1818	2162	1703
rtcB	66	58	66	55
glpG	60	41	60	41
glpD	151	124	143	120
glgP	4591	3586	4486	3502
glgA	2083	1535	2083	1534
glgC	2755	1988	2749	1979
glgX	2106	1788	2104	1788
glgB	1228	963	1214	957
asd	1288	1005	1288	1004
gntU	27	19	24	14
gntR	76	87	66	82
yhhW	168	142	154	132
yhhX	337	309	334	306
yhhZ	4	3	4	3
ggt	14	15	13	15
ugpC	38	15	34	14
ugpE	12	9	12	9
ugpA	15	4	15	4
ugpB	880	642	828	610
livF	235	173	169	126
livG	246	165	208	143
livM	460	319	413	280
livH	610	398	559	360
livK	1570	1066	1423	983
livJ	4227	3140	4006	2992
rpoH	2292	1830	2206	1746
ftsX	722	519	642	464
ftsE	231	175	223	165
ftsY	862	650	806	616
yhhN	102	78	96	70
yhhQ	36	58	28	51
yhhS	101	68	99	68
yhhT	55	58	51	54
nikA	3	11	3	10
nikB	7	5	7	5
nikC	2	2	2	2
nikD	2	7	2	6
nikE	5	2	4	2
yhhI	626	453	124	82
yhhJ	592	470	515	401
rbbA	807	623	756	575
yhiI	1208	911	1129	846
yhiM	86	66	85	66
yhiN	212	149	202	142
pitA	452	337	451	334
yhiP	50	34	49	33
yhiQ	19	14	17	13
prlC	810	689	752	633
yhiR	32	28	28	22
gor	229	174	229	174
arsB	25	29	25	29
yhiD	17	11	17	11
mdtE	5	3	5	3
mdtF	54	51	54	50
gadW	24	13	23	11
gadX	62	38	58	36
gadA	98	85	98	86
yhjA	68	56	68	56
treF	113	107	107	105
yhjB	41	31	41	31
yhjC	32	33	30	31
yhjD	69	48	68	42
yhjE	632	490	575	468
yhjG	79	65	74	64
yhjH	8	6	4	2
kdgK	141	129	134	125
yhjJ	198	135	183	123
dctA	9575	9075	9568	9062
yhjK	123	98	129	101
bcsC	166	122	164	120
bcsZ	62	50	60	50
bcsB	131	98	130	94
bcsA	255	193	158	120
bcsE	395	282	395	282
bcsG	76	61	75	58
yhjV	58	72	58	71
dppF	45	30	32	27
dppD	49	31	48	28
dppC	36	18	36	18
dppB	40	29	45	31
dppA	1905	1560	1788	1478
eptB	571	438	571	438
yhjX	94	66	75	49
yhjY	132	94	132	93
yiaD	10	10	10	10
tiaE	100	50	99	49
yiaF	1019	804	930	735
glyS	756	689	708	633
glyQ	407	285	406	283
yiaH	80	71	80	71
xylB	171	153	152	144
xylA	267	185	256	176
xylF	481	366	471	353
xylG	158	153	157	153
xylH	180	104	174	100
xylR	208	180	221	190
bax	2356	1805	2237	1721
avtA	361	305	354	296
yiaJ	99	82	96	81
yiaK	154	124	144	114
yiaN	49	36	49	36
yiaO	64	51	61	42
sgbH	23	16	19	8
sgbU	28	31	20	28
sgbE	30	23	22	18
yiaT	36	9	34	9
yiaU	131	90	131	90
yiaV	29	20	28	19
aldB	409	263	405	260
yiaY	21	23	21	23
selB	194	151	176	137
selA	78	78	77	75
yibF	54	36	54	36
yibH	61	40	61	40
mtlA	1490	1174	1459	1157
mtlD	758	521	645	455
lldP	225	180	199	159
lldR	76	46	74	45
lldD	99	77	92	73
cysE	922	655	895	634
gpsA	613	464	542	405
gpmI	156	156	138	145
envC	68	42	65	37
yibQ	46	47	45	46
yibD	19	13	19	13
tdh	455	372	292	252
kbl	594	471	568	453
waaD	673	541	617	494
waaF	172	121	172	121
kdtA	169	121	167	118
mutM	159	139	156	135
yicR	388	292	508	376
dfp	64	58	64	57
pyrE	13	8	10	7
yicC	243	211	209	193
yicG	9	9	9	9
ligB	45	33	43	32
gmk	457	387	457	387
spoT	127	112	125	110
trmH	23	16	23	16
gltS	386	289	363	267
yicE	23	18	23	18
yicH	819	630	808	621
yicI	88	77	82	74
yicJ	29	29	29	29
setC	21	16	21	16
yicL	129	79	129	79
nlpA	195	113	195	113
yicM	10	10	6	10
uhpT	38	40	38	40
uhpC	10	3	10	3
uhpB	10	5	9	5
ilvB	263	243	238	218
emrD	26	35	26	35
yidJ	113	95	89	74
yidK	23	12	23	12
yidL	128	117	109	101
yidP	11	9	11	8
yidE	958	662	958	660
yidR	194	159	161	129
cbrA	21	17	21	14
dgoT	42	55	42	54
dgoD	132	96	117	87
dgoA	60	48	60	46
dgoR	307	225	296	215
yidX	82	87	82	87
yidA	60	56	55	55
gyrB	1461	1256	1376	1182
recF	14	21	13	21
dnaN	168	141	163	136
dnaA	629	523	625	518
yidC	318	231	317	231
trmE	178	120	164	111
tnaA	211	143	207	137
tnaB	71	65	67	60
mdtL	9	6	8	6
yidZ	49	26	46	25
yieE	69	58	69	58
yieH	76	53	69	48
yieK	21	25	18	23
yieL	15	21	15	21
bglH	42	27	40	25
bglB	10	9	10	9
bglG	17	18	17	18
phoU	287	251	273	228
pstB	212	145	211	145
pstA	24	11	22	11
pstC	59	43	59	43
pstS	60	50	60	50
glmS	679	538	554	447
glmU	493	368	426	336
atpD	1997	1563	1983	1550
atpG	854	734	854	734
atpA	2373	1768	2373	1768
atpB	1876	1342	1876	1341
gidB	81	77	81	77
gidA	148	146	148	145
asnA	106	97	95	91
yieM	49	38	49	38
ravA	93	85	84	78
trkD	67	61	67	61
rbsA	253	140	250	135
rbsC	384	280	384	279
rbsB	3889	3157	3779	3080
rbsK	433	315	432	314
rbsR	56	45	56	45
hsrA	45	42	45	41
yieP	140	121	135	116
hdfR	228	206	228	206
yifB	34	28	32	26
ilvE	301	200	285	183
ilvD	356	291	310	247
ilvA	211	163	160	121
ilvY	93	74	66	52
ilvC	152	112	120	94
rep	131	103	111	94
gpp	167	115	167	115
rhlB	589	505	584	501
rho	2477	2199	2387	2124
rfe	332	236	342	239
wzzE	140	116	140	115
rffE	24	20	24	20
rffD	29	17	29	15
rffG	39	12	39	12
rffH	19	16	18	15
rffC	18	13	17	13
rffA	76	53	76	53
wzxE	67	35	64	32
rffT	45	27	41	24
wzyE	35	28	35	28
rffM	55	44	52	43
yifK	118	87	117	86
hemY	781	584	723	557
hemX	651	508	578	455
hemD	218	177	213	174
hemC	559	429	529	392
cyaA	827	666	806	638
dapF	133	103	133	103
yigA	40	25	39	25
xerC	20	17	18	17
yigB	15	14	15	14
uvrD	280	207	246	180
yigE	7	4	7	4
corA	485	461	483	453
rarD	68	29	66	24
pldA	163	126	160	118
recQ	39	25	34	21
rhtC	332	268	295	244
rhtB	174	113	153	95
pldB	186	115	240	166
yigL	60	58	59	57
yigM	56	57	53	54
metR	348	196	312	170
ysgA	360	264	341	242
udp	2242	1861	2219	1844
rmuC	512	399	501	397
ubiE	634	514	634	514
yigP	265	200	160	122
ubiB	449	351	448	350
tatC	115	123	115	123
tatD	24	32	24	32
ubiD	1555	1257	1485	1206
fre	974	696	944	683
fadA	1295	1070	1265	1035
fadB	3211	2435	3097	2338
pepQ	1411	1043	1273	961
yigZ	159	126	159	124
trkH	222	143	216	136
yihE	459	353	450	351
dsbA	695	519	695	518
yihG	20	21	16	21
polA	1485	1213	1484	1213
hemN	420	299	420	299
glnG	147	109	147	109
glnL	87	74	86	74
glnA	863	679	842	660
bipA	1436	1180	1427	1175
yihL	51	47	43	42
yihM	90	70	90	70
yihN	14	18	13	15
ompL	17	14	17	14
yihO	60	56	58	55
yihP	54	46	45	39
yihQ	87	67	85	66
yihS	60	40	60	40
yihT	20	24	20	24
yihU	25	7	25	7
yihV	74	59	74	59
yihW	370	303	370	303
rbn	227	197	221	190
yiiD	182	150	170	135
fdhE	298	239	272	207
fdoI	603	449	603	449
fdoH	1165	974	1147	953
fdoG	7827	7077	7609	6899
fdhD	283	240	272	232
frvB	3	3	3	2
rhaD	10	8	9	7
rhaA	6	5	7	5
rhaS	84	59	87	60
rhaR	259	239	259	239
sodA	5107	4120	5107	4119
kdgT	88	65	88	65
yiiM	148	134	147	133
cpxA	433	395	426	387
cpxR	618	455	618	455
fieF	408	347	407	346
pfkA	936	773	935	770
sbp	38	33	37	32
cdh	24	18	17	15
tpiA	790	586	724	526
fpr	497	345	443	311
glpX	199	168	198	168
glpK	1016	816	969	786
glpF	348	320	348	320
menA	72	59	72	58
hslU	1940	1424	1928	1412
ftsN	294	235	283	228
cytR	170	150	168	149
yiiX	48	28	31	12
metB	1053	476	1046	471
metL	1313	679	1226	649
metF	1432	740	1296	679
katG	3760	2688	3362	2415
yijE	62	65	57	60
yijF	6	5	6	5
gldA	281	163	254	154
fsaB	31	16	24	13
ptsA	60	57	53	51
frwC	30	26	30	26
pflD	79	57	72	52
pflC	20	12	19	11
yijO	18	18	16	18
yijP	106	91	94	85
ppc	662	576	655	567
argE	174	137	172	135
argC	81	41	81	41
argB	62	31	62	31
argH	119	65	118	65
oxyR	620	472	609	465
sthA	2914	2510	2800	2438
fabR	1262	1098	1258	1094
trmA	196	140	185	136
btuB	396	301	395	301
murI	152	122	139	107
murB	450	323	424	312
birA	239	202	227	183
coaA	232	201	232	200
tufB	7049	5451	7048	5450
rplA	1759	1333	1759	1333
rpoB	5908	4430	5908	4429
rpoC	6843	5345	6773	5281
thiH	355	230	319	206
thiG	235	134	232	132
thiF	204	171	204	171
thiE	219	149	219	149
thiC	1146	779	1144	778
nudC	79	67	79	67
hemE	180	124	180	123
nfi	40	29	40	29
yjaH	81	79	73	70
zraR	247	170	238	165
purD	77	55	77	55
purH	43	39	40	35
metA	2644	1424	2570	1376
aceA	3358	2602	3204	2481
aceK	1048	936	968	854
iclR	258	232	243	217
metH	2551	1862	2390	1745
yjbB	125	102	117	100
pepE	280	306	280	306
yjbC	306	246	244	208
lysC	494	510	476	493
pgi	1813	1467	1706	1365
yjbF	1	3	1	1
yjbG	1	1	0	0
yjbH	14	12	14	14
xylE	93	58	89	58
malG	135	119	135	117
malF	33	33	33	33
malE	86	90	85	87
malK	23	19	23	19
malM	57	76	57	76
ubiA	1187	882	1127	842
plsB	1296	951	1246	918
lexA	1357	1037	1352	1037
dinF	73	59	70	54
yjbM	7	11	7	11
yjbN	138	101	146	108
qor	311	286	295	269
dnaB	102	92	101	87
alr	122	89	118	87
tyrB	193	157	193	157
aphA	363	320	356	312
uvrA	353	290	297	247
yjcC	147	107	147	107
yjcE	189	177	183	173
actP	970	740	869	666
acs	6193	4326	6090	4266
nrfA	33	29	33	29
nrfC	5	1	5	1
nrfD	8	7	8	7
gltP	60	33	56	33
yjcO	467	498	440	471
fdhF	141	94	139	92
yjcQ	7	10	5	10
yjcR	5	5	5	5
phnL	0	1	0	1
phnK	12	11	12	11
phnJ	2	1	1	1
phnI	1	1	1	1
phnF	0	0	0	0
phnD	3	2	3	2
phnC	1	1	1	1
yjcZ	17	10	17	10
proP	267	209	264	206
basS	56	43	50	39
basR	102	66	91	65
eptA	55	58	54	56
adiC	32	20	31	19
adiY	53	34	53	34
adiA	46	37	46	37
melR	517	377	517	377
melA	129	109	127	104
melB	96	62	95	62
yjdF	57	36	57	36
fumB	453	353	453	353
dcuB	66	47	66	47
dcuR	273	208	247	196
dcuS	375	262	360	250
lysU	170	152	163	149
yjdL	29	26	28	26
cadA	83	72	83	72
cadB	12	8	11	8
cadC	121	110	120	109
dipZ	89	73	88	73
dcuA	4978	4483	4969	4475
aspA	24403	19910	24367	19894
yjeH	136	103	134	102
groL	23628	16825	22769	16149
yjeJ	98	86	95	83
yjeK	78	55	71	45
frdB	1334	1072	1330	1071
frdA	3498	2661	3468	2643
poxA	100	68	100	68
yjeP	112	77	103	73
psd	265	188	263	188
rsgA	269	204	267	204
yjeS	101	87	98	87
yjeF	149	113	142	110
amiB	256	165	239	150
mutL	570	431	561	423
miaA	3228	2601	3227	2601
hflX	1483	1136	1480	1136
hflK	1140	800	1139	800
hflC	1069	796	1069	793
purA	2047	1548	2032	1539
rnr	3009	2226	2955	2177
rlmB	280	200	266	191
yjfJ	18	17	18	17
yjfK	5	5	4	5
yjfC	37	38	36	33
aidB	125	79	121	70
yjfP	133	88	132	86
ulaR	332	287	326	280
ulaG	54	43	46	35
ulaA	35	22	29	15
ulaD	32	22	32	22
ulaE	33	22	29	14
ulaF	30	21	22	15
ytfB	569	443	515	408
fklB	58	69	58	69
cycA	3096	2424	2913	2311
ytfE	129	90	128	86
ytfF	37	29	34	28
ytfG	47	25	45	24
cpdB	1135	881	944	753
cysQ	978	712	977	715
ytfL	227	183	227	183
msrA	209	167	209	167
ytfM	194	146	186	143
ytfQ	583	417	454	309
ytfT	107	82	92	69
yjfF	129	115	106	95
fbp	2090	1959	2075	1942
mpl	461	317	411	292
pmbA	392	297	380	288
nrdD	126	139	119	127
treC	26	14	26	14
treB	62	39	58	38
treR	99	78	93	76
mgtA	335	264	324	254
pyrB	12	7	12	7
yjgI	27	14	27	14
argI	51	38	41	31
valS	996	725	926	676
pepA	776	610	707	557
yjgP	389	323	387	322
yjgQ	415	347	381	320
yjgB	33	20	32	20
yjhT	209	174	192	162
yjhA	43	21	43	21
fimB	27	16	27	16
fimC	316	224	310	220
fimH	103	70	100	69
gntP	174	145	174	144
uxuA	728	562	706	548
uxuB	354	244	345	235
uxuR	419	341	399	326
yjiE	49	26	47	26
iadA	46	45	43	44
yjiH	24	12	24	12
yjiK	73	64	49	44
hgdC	26	26	23	25
yjiM	124	73	114	69
yjiN	35	30	30	22
yjiY	584	430	506	372
tsr	81	63	68	58
mdoB	425	321	415	302
dnaC	38	45	38	45
yjjP	55	56	54	52
yjjQ	9	12	8	12
bglJ	44	28	44	28
rsmC	50	52	50	51
yjjG	36	16	31	15
prfC	35	33	31	30
osmY	168	147	167	146
yjjU	59	54	59	54
yjjW	8	6	6	4
yjjI	31	26	31	26
deoC	388	279	376	272
deoA	438	346	412	332
deoB	1951	1526	1725	1383
deoD	1973	1809	1686	1532
ytjB	146	127	142	125
serB	62	46	61	45
radA	123	75	108	64
nadR	200	151	139	97
slt	746	547	715	532
ytjC	263	214	257	208
rob	1069	1044	1000	981
creB	130	95	106	74
creC	51	60	49	56
arcA	13489	10931	13066	10504
yjtD	128	102	126	94
