	K12_IAI1ref_batch1	K12_IAI1ref_batch2	K12_batch1	K12_batch2
thrA	23888	36739	25950	39824
thrB	7296	11378	7781	12128
thrC	12906	19668	13577	20772
yaaA	620	907	619	904
yaaJ	73	119	74	122
talB	7174	8351	7324	8561
htpY	24	40	29	48
dnaK	26198	43222	27578	45536
dnaJ	3588	5684	3830	6044
nhaA	521	723	531	738
nhaR	292	371	300	374
ribF	2342	3364	2406	3446
ileS	7737	12463	8183	13273
ispH	1122	1661	1291	1935
rihC	63	68	79	82
dapB	5364	7431	5836	8153
carA	6188	9296	6490	9733
carB	13288	21786	15231	24948
caiD	18	18	12	16
caiB	74	89	77	95
caiA	126	190	126	192
caiT	6	12	6	12
fixA	12	19	12	20
fixB	13	30	13	30
fixC	29	38	34	42
yaaU	11	27	11	28
kefC	231	385	231	387
apaH	250	448	290	497
ksgA	1060	1549	1092	1595
surA	4142	6313	4183	6376
imp	6567	8574	6577	8590
djlA	570	821	623	891
rluA	194	270	217	285
hepA	1009	1314	1015	1318
polB	142	244	151	261
araD	6	10	6	11
araA	31	43	36	46
araC	346	499	362	530
yabI	175	301	200	341
thiQ	135	236	237	350
tbpA	389	547	542	784
setA	375	527	376	528
leuD	3989	5395	4013	5416
leuC	5273	7501	5860	8271
leuB	3871	5572	4498	6431
leuA	6361	8387	6919	9120
leuO	65	114	68	117
ilvI	5253	7608	5505	8023
fruR	1291	1884	1318	1944
mraW	1521	2319	1538	2350
ftsI	1458	2017	1499	2070
murE	1634	2655	1677	2747
murF	1500	2169	1504	2176
mraY	861	1272	893	1317
murD	1049	1629	1555	2427
ftsW	1338	1946	1385	2004
murG	1115	1567	1141	1610
murC	1620	2362	1692	2468
ddlB	1594	2287	1666	2380
ftsQ	1709	2340	1752	2438
ftsA	4693	6407	4768	6535
ftsZ	10342	15339	10342	15339
lpxC	11024	16851	11045	16883
secA	6647	9318	6836	9599
yacF	604	853	561	798
coaE	488	624	490	629
guaC	1684	2230	1748	2307
hofC	63	95	67	101
hofB	89	81	89	81
nadC	357	426	357	426
ampE	334	544	334	544
aroP	6075	8716	6091	8732
pdhR	601	887	640	970
aceE	25260	37653	26955	40157
aceF	13236	21612	13847	22670
lpd	24100	34286	24384	34750
acnB	12049	17121	12501	17826
speD	3430	4384	3438	4389
speE	3764	4937	3764	4937
cueO	498	800	568	899
gcd	925	1254	982	1327
can	7850	10466	7860	10483
yadG	775	1088	854	1201
yadH	450	708	483	761
yadD	368	482	396	529
panC	2395	3785	2649	4100
yadL	10	24	19	40
ecpD	7	9	9	9
pcnB	1829	2508	1859	2560
yadB	234	321	236	323
sfsA	1660	2021	1660	2021
mrcB	1408	2102	1539	2297
fhuA	5448	8223	5491	8279
fhuC	400	687	420	725
fhuD	248	438	282	507
hemL	1817	2809	2194	3327
clcA	804	1045	821	1082
yadS	175	266	183	282
btuF	212	320	213	322
pfs	1858	2568	1858	2568
dgt	898	1250	899	1253
degP	3616	5883	3942	6474
cdaR	142	221	156	232
dapD	12589	18876	13366	19986
glnD	851	1108	922	1215
map	3842	5040	4040	5359
rpsB	35160	51786	35188	51824
tsf	22824	34954	22872	35019
pyrH	4097	5841	4249	6133
dxr	732	980	736	981
ispU	3155	4146	3156	4146
cdsA	1171	1668	1343	1995
yaeL	5180	6835	5186	6847
yaeT	14187	19860	14267	19987
lpxD	7131	10439	7145	10452
lpxA	2998	4840	2998	4840
lpxB	1348	2032	1385	2085
dnaE	3074	4185	3167	4313
accA	3017	4542	3240	4865
ldcC	382	569	399	587
nlpE	298	394	391	515
proS	6598	10064	6693	10197
yaeB	107	141	107	141
metQ	7857	11688	9594	13983
metI	2006	2951	2289	3293
metN	2262	3605	2318	3706
dkgB	418	554	418	554
yafC	340	496	340	498
yafD	797	1152	799	1166
mltD	11560	15731	11825	16086
gloB	616	757	638	798
yafS	373	495	380	508
dnaQ	908	1220	1056	1407
yafT	11	15	11	16
yafV	210	272	227	291
fadE	314	449	341	498
yafJ	594	827	639	891
yafK	1390	1916	1468	2013
dinB	126	209	138	224
pepD	4854	6600	5011	6867
frsA	378	550	425	608
phoE	43	33	49	40
proB	1510	2415	1535	2451
proA	2255	3508	2284	3574
yagR	22	37	22	38
yagS	3	8	3	8
yagT	7	8	7	8
yagU	633	938	633	938
yagV	45	38	47	44
yagW	78	112	79	112
yagX	72	99	74	101
yagY	13	16	14	16
insF	232	304	1303	1798
ykgC	92	148	93	150
ykgD	62	87	64	88
ykgE	62	59	62	59
ykgF	124	202	125	202
ykgG	96	150	115	169
betA	294	448	327	509
betT	410	633	430	668
yahB	153	199	168	221
yahD	71	83	71	83
yahG	18	26	31	38
yahI	11	19	12	27
yahJ	164	252	194	306
yahK	667	919	677	939
yahN	10	15	10	15
prpR	36	35	39	38
prpB	1	1	2	2
prpC	7	13	8	14
prpD	15	14	15	14
prpE	32	37	32	38
codB	3072	4907	3317	5340
codA	5187	8081	5522	8641
cynT	15	33	15	33
cynX	21	24	21	26
lacY	32	46	32	49
lacI	282	383	299	412
mhpR	264	337	274	347
mhpB	9	25	9	26
mhpC	32	49	34	50
mhpD	28	46	29	51
mhpF	45	51	49	53
mhpE	41	62	41	62
mhpT	46	85	48	91
frmA	505	763	548	831
yaiO	27	30	28	31
yaiP	33	31	34	33
tauA	21	39	25	45
tauB	19	37	20	37
tauD	31	40	37	48
hemB	1565	2054	1667	2225
yaiV	12	22	12	22
ampH	338	450	347	465
sbmA	311	396	340	434
yaiW	434	621	453	647
ddlA	974	1473	1017	1537
phoA	277	332	279	335
yaiC	35	41	35	43
proC	258	321	258	322
aroM	219	337	219	340
rdgC	1460	1808	1598	1972
mak	337	491	351	519
araJ	101	165	114	187
sbcD	201	311	211	329
phoB	191	251	194	254
phoR	172	208	177	215
brnQ	472	784	479	788
proY	390	564	402	570
malZ	366	530	394	561
queA	423	563	445	599
tgt	4179	5237	4179	5237
secD	7020	10354	7401	10960
secF	3264	4880	3362	5028
tsx	3729	5372	3753	5406
ribD	749	1110	785	1175
thiL	411	585	430	629
yajO	658	949	782	1100
dxs	1623	2310	1757	2499
ispA	732	959	789	1030
thiI	1055	1578	1128	1691
panE	481	729	549	828
yajR	298	457	330	492
cyoE	6642	10506	6888	10920
cyoC	5135	7496	5256	7663
cyoB	24025	35165	24764	36234
cyoA	15667	23525	16037	24158
ampG	417	517	436	533
tig	28633	44739	28748	44907
clpP	3430	4690	3436	4697
clpX	6302	10075	6742	10769
lon	8863	14122	9078	14444
ppiD	6786	9613	7020	9927
queC	988	1416	1058	1534
ybaE	88	139	94	142
cof	168	229	180	248
mdlA	263	337	268	347
mdlB	170	251	179	256
amtB	261	364	282	422
tesB	264	486	269	493
ylaB	264	320	268	325
acrB	7570	11312	7739	11652
acrA	5857	7718	5865	7728
acrR	578	706	578	706
kefA	1680	2473	1775	2629
dnaX	1551	2020	1618	2125
recR	1139	1694	1179	1771
htpG	6811	11022	6943	11246
adk	7239	9543	7421	9786
hemH	237	344	249	358
aes	53	83	55	84
gsk	1012	1303	1048	1342
ybaL	801	1199	877	1311
fsr	172	222	176	228
ushA	1523	2131	1642	2344
ybaP	205	278	217	302
copA	705	1030	778	1136
ybaS	64	93	73	97
ybaT	55	98	55	99
ybbK	347	519	354	540
ybbL	359	464	374	490
ybbM	270	372	272	373
ybbN	1670	2601	1815	2776
ybbO	280	368	298	394
tesA	324	397	324	397
ybbA	127	219	129	227
ybbP	276	458	289	484
ybbB	154	240	169	254
ybbS	12	17	12	18
allR	1355	2000	1371	2024
gcl	40	49	52	66
hyi	10	27	10	27
glxR	20	29	20	29
ybbW	4	8	4	8
allB	46	60	51	65
ybbY	24	26	27	28
glxK	62	95	63	96
ylbA	278	368	289	377
allC	110	163	124	177
allD	13	16	14	16
ylbE	20	30	21	33
ylbF	13	20	13	22
ybcF	30	45	49	75
purK	1771	2617	2096	3142
lpxH	635	961	718	1101
cysS	2236	3197	2250	3237
folD	803	971	844	1037
sfmC	5	10	5	10
sfmH	8	10	8	10
fimZ	8	13	8	13
envY	35	63	38	64
ybcH	37	59	44	69
nfrB	130	127	135	131
cusR	102	171	107	184
cusC	20	37	1334	1128
cusB	18	37	18	37
cusA	51	92	53	95
pheP	381	686	392	720
ybdG	684	1024	692	1035
nfnB	1099	1517	1125	1555
ybdK	51	69	57	74
fepA	1663	2409	2018	2915
fepC	165	194	205	252
fepG	90	131	96	149
fepD	56	86	60	91
ybdA	239	383	242	395
fepB	223	300	242	319
entC	577	835	621	906
entE	744	1203	782	1270
entB	670	1039	676	1051
entA	400	558	443	633
cstA	1590	2356	1814	2653
ybdH	488	755	631	956
ybdL	419	629	427	641
ibrB	70	86	70	89
ibrA	30	32	35	32
ybdO	18	32	20	32
dsbG	308	346	308	347
ahpF	3591	5251	3667	5373
ybdR	99	150	105	155
rna	484	582	484	585
citT	35	49	35	50
citG	15	16	15	16
citF	5	6	5	6
citE	8	12	9	12
citC	27	29	27	31
citA	204	304	211	312
citB	86	150	109	165
dcuC	44	59	45	60
lipA	1570	2399	1572	2400
ybeF	96	105	96	105
lipB	682	735	685	743
dacA	2020	2819	2046	2855
rlpA	1591	2158	1707	2318
mrdB	876	1115	890	1142
mrdA	1300	1637	1360	1717
phpB	64	119	64	120
nadD	227	290	227	292
holA	825	983	827	989
leuS	9835	13866	9928	14017
ybeQ	101	148	102	151
ybeU	17	14	18	15
hscC	73	105	77	113
rihA	509	602	541	654
gltL	513	746	577	832
gltK	278	379	313	431
gltJ	190	320	251	418
gltI	2659	3683	3044	4216
ybeX	2831	3894	2843	3910
ybeZ	2702	3930	2700	3928
miaB	1839	2763	1941	2938
asnB	2754	3812	3214	4530
nagD	685	871	781	1019
nagC	814	1024	850	1055
nagA	790	1137	794	1142
nagB	421	540	451	594
nagE	1125	1662	1190	1765
glnS	4561	6708	4965	7319
ybfM	23	32	25	36
ybfF	229	327	234	337
pgm	4323	6251	4722	6912
potE	93	112	104	125
kdpE	46	71	51	80
kdpD	240	359	273	406
kdpB	37	75	46	84
ybgH	373	521	405	567
ybgI	2156	3004	2212	3079
ybgJ	1099	1550	1102	1558
ybgK	1115	1524	1209	1674
nei	221	330	241	361
abrB	60	87	67	100
gltA	10167	12766	10494	13211
sdhA	6090	8582	6657	9406
sdhB	3553	4736	3629	4830
sucA	12165	17865	12401	18181
sucB	6961	10958	7042	11045
sucC	10267	14982	10310	15054
sucD	7065	10766	8095	12225
mngR	284	361	305	393
mngA	15	21	16	21
cydA	3557	6413	3558	6420
cydB	2689	4246	2452	3882
tolQ	1415	2064	1447	2111
tolA	2473	3469	2473	3469
tolB	9298	13606	9312	13620
ybgF	5936	8346	5962	8379
nadA	3469	4762	3538	4871
pnuC	1392	2080	1392	2080
zitB	338	509	338	509
aroG	10241	12897	10537	13290
gpmA	14324	21372	15188	22630
galM	1787	2773	1971	3051
galK	1320	1853	1411	1996
galT	343	435	363	468
galE	566	728	571	750
modF	1622	2163	1660	2219
modE	467	577	468	579
modA	1027	1289	1200	1577
modB	491	701	504	710
modC	777	1095	834	1182
ybhA	500	663	511	675
pgl	699	1002	741	1052
ybhD	24	43	32	51
ybhH	3	6	3	6
ybhI	2693	2990	999	1006
ybhJ	99	113	101	119
ybhC	2678	3923	2811	4127
bioB	1643	2265	1683	2312
bioC	335	511	390	608
bioD	414	629	457	679
uvrB	1003	1551	1044	1609
ybhK	491	726	491	726
moaA	1396	1919	1405	1933
ybhL	616	827	627	838
ybhN	30	47	36	56
ybhO	86	111	90	117
ybhP	95	145	95	145
ybhR	61	67	63	68
ybhS	73	92	73	93
ybhF	229	315	264	358
ybhG	238	310	252	326
ybiH	98	135	109	146
rhlE	222	320	262	376
dinG	217	327	235	362
ybiB	713	895	716	906
ybiC	5230	6999	5256	7057
ybiX	109	151	113	154
fiu	884	1064	931	1118
ybiN	279	421	328	473
ybiO	74	137	83	156
glnQ	964	1687	1059	1808
glnP	954	1462	960	1467
glnH	3931	4933	3935	4937
rhtA	77	104	78	104
ybiR	336	454	340	455
ybiS	1970	2541	2072	2669
ybiT	2423	3349	2545	3528
ybiU	286	424	289	427
ybiV	666	770	674	774
ybiW	71	89	82	102
ybiY	18	25	20	25
fsaA	95	133	106	143
moeB	345	483	412	585
moeA	529	841	590	929
iaaA	2554	3756	2493	3671
yliA	2059	2939	2086	2977
yliB	1512	2214	1645	2399
yliC	481	711	496	732
yliD	378	502	403	534
yliE	886	1216	936	1286
yliF	364	473	365	480
yliG	729	964	729	964
yliI	85	121	85	122
yliJ	1747	2450	1756	2456
dacC	1606	2446	1664	2521
deoR	574	786	575	788
cmr	260	339	266	340
ybjI	466	643	481	670
ybjJ	190	282	191	283
ybjL	564	828	568	840
nfsA	758	1041	758	1041
rimK	453	717	466	735
potF	1292	1950	1400	2120
potG	342	536	520	811
potH	226	365	238	384
potI	124	255	146	289
rumB	219	306	324	438
artJ	4849	6143	5870	7446
artM	606	952	665	1006
artQ	471	758	471	758
artI	1393	2142	1426	2203
artP	920	1154	920	1154
ybjR	321	541	326	547
ybjS	257	329	257	329
ybjT	472	700	521	750
ltaE	726	1105	821	1259
poxB	520	700	637	835
hcr	19	29	19	29
hcp	28	45	28	46
ybjE	83	94	83	94
aqpZ	66	86	66	86
ybjD	723	1037	787	1130
ybjX	2796	3609	2801	3614
macA	482	673	488	674
macB	403	626	419	685
clpA	14381	21583	14584	21891
aat	127	143	127	143
cydC	702	1060	766	1131
cydD	897	1204	928	1244
trxB	5289	7755	5607	8278
lolA	1262	1592	1260	1590
ycaJ	489	642	511	675
serS	3043	4674	3187	4917
dmsA	124	244	135	252
dmsB	28	58	33	64
dmsC	50	84	60	103
ycaC	213	249	216	254
ycaD	314	443	343	488
ycaM	37	45	38	45
ycaN	90	148	91	148
pflA	427	545	429	547
pflB	22183	33244	22310	33451
focA	1567	2231	1642	2326
ycaO	1611	2007	1635	2061
ycaP	183	202	206	225
serC	15175	22301	15605	22902
aroA	9303	12196	9402	12319
ycaL	85	123	79	103
cmk	7893	9163	7922	9224
rpsA	92850	131669	93139	132026
msbA	2180	2998	2258	3114
lpxK	321	521	324	526
kdsB	1454	2219	1508	2305
ycbJ	175	252	175	252
smtA	942	1254	1001	1344
mukF	1549	2181	1507	2123
mukE	998	1215	1027	1255
mukB	5220	7749	5609	8273
ycbB	787	1204	791	1209
ycbL	1918	2853	1920	2862
aspC	6074	7927	6162	8045
ompF	241382	312413	241435	312515
asnS	7257	10880	7553	11296
pncB	2225	3109	2300	3230
pepN	2753	3549	3094	4004
ssuC	14	18	14	19
ssuA	12	21	12	23
ycbR	17	17	17	17
ycbT	60	94	74	114
ycbF	72	100	73	107
pyrD	957	1291	957	1291
ycbX	618	807	619	808
ycbY	1395	2091	1448	2158
uup	2361	3320	2378	3333
pqiA	437	657	437	658
pqiB	1003	1371	944	1308
ycbZ	1586	2203	1591	2208
yccR	300	337	300	337
yccS	696	973	701	979
helD	1456	2149	1459	2155
yccT	25	24	25	24
yccW	668	939	884	1216
yccA	3760	5116	4108	5564
hyaA	15	17	15	17
hyaB	22	30	22	31
hyaC	15	30	15	30
hyaF	28	28	28	28
appC	82	130	82	131
appB	52	75	53	73
appA	77	114	77	114
yccC	326	495	326	495
yccZ	77	115	77	115
ymcA	66	91	69	100
ymcB	11	15	12	15
ymcC	17	29	17	29
yccM	35	60	33	62
torR	147	229	155	243
torC	28	37	28	39
torA	79	113	80	120
cbpA	632	977	649	994
agp	503	759	509	780
rutG	61	88	67	107
rutD	8	11	8	11
rutB	4	7	4	7
rutA	6	12	6	12
rutR	229	357	231	367
putP	1249	1889	1346	2074
efeO	1277	1863	1308	1919
efeB	636	978	652	1002
phoH	1256	1596	1257	1597
ycdW	1375	2067	1375	2071
ycdX	1557	2026	1562	2041
csgG	209	318	242	363
csgD	389	527	402	546
ymdC	396	552	396	554
mdoC	191	245	201	258
mdoG	2834	3624	3011	3822
mdoH	2287	3327	2299	3343
mdtG	39	63	40	64
lpxL	147	192	152	194
yceA	2694	3444	2811	3579
solA	1032	1337	1128	1459
pyrC	1122	1350	1297	1596
grxB	585	727	586	728
mdtH	17	31	18	32
yceH	755	1052	785	1113
mviM	576	938	588	973
mviN	332	423	334	426
flgA	4079	5309	4095	5330
flgD	8881	11933	8892	11956
flgF	4302	6224	5532	7855
flgG	6481	8925	6519	8987
flgH	2265	3066	2265	3066
flgI	2333	3293	2478	3432
flgJ	1875	2482	1914	2519
flgK	12702	16519	13374	17317
flgL	11333	15132	13802	18309
rluC	2057	2850	2057	2850
plsX	3736	5380	3753	5408
fabH	5473	7749	5493	7779
fabD	7894	11107	7955	11224
fabG	13466	18259	13468	18270
fabF	7740	12700	8084	13271
pabC	380	535	385	538
yceG	314	394	332	423
tmk	249	375	257	384
holB	294	432	308	452
ycfH	524	671	525	672
ptsG	18429	27324	18444	27338
fhuE	315	482	323	495
ycfM	845	1238	854	1256
ycfN	527	767	531	772
nagZ	1433	1919	1513	2002
ndh	1791	2657	1816	2707
ycfQ	423	562	423	563
ycfS	335	409	338	411
mfd	2404	3382	2551	3579
lolC	690	874	691	875
lolD	332	455	386	516
lolE	1063	1457	1077	1478
ycfX	674	957	731	1044
cobB	864	1218	932	1312
potD	4251	6115	5448	7821
potC	1092	1341	1097	1352
potB	486	631	513	663
potA	973	1201	882	1099
pepT	1195	1778	1275	1923
ycfD	1172	1737	1220	1799
phoQ	1382	1793	1389	1803
phoP	1633	2201	1757	2369
purB	1180	1483	1267	1599
hflD	297	372	302	376
trmU	1180	1554	1180	1555
ymfC	138	185	151	198
icd	62906	89591	69772	99814
ycgE	855	1084	845	1083
ycgF	306	295	306	295
ycgG	30	45	30	45
minD	4001	5877	4003	5884
minC	1499	1968	1551	2023
ycgM	747	1223	809	1317
umuC	103	129	104	130
nhaB	281	383	281	385
fadR	725	976	731	980
ycgB	396	496	404	506
dadA	326	603	380	652
dadX	242	383	257	405
cvrA	860	1091	928	1192
emtA	842	1269	873	1319
ycgR	3347	3823	3366	3842
treA	99	104	99	104
dhaH	1032	1540	1040	1551
dhaL	583	814	591	817
dhaK	885	1149	888	1161
dhaR	349	511	361	526
ychF	4550	6411	4559	6428
ychM	138	230	141	232
prsA	2951	3699	2953	3700
ispE	968	1326	972	1331
lolB	726	960	726	960
hemA	949	1284	973	1317
prfA	963	1210	999	1271
prmC	274	343	274	343
ychA	1345	1921	1348	1922
kdsA	3563	5165	3567	5170
chaA	1174	1535	1202	1586
chaC	385	581	363	536
ychP	256	360	322	437
narL	353	525	355	533
narX	351	524	353	533
narK	16	37	17	37
narG	124	187	124	187
narH	63	141	63	142
narJ	14	36	20	47
narI	17	54	18	54
purU	4480	5865	4670	6088
rssA	878	1099	783	1000
rssB	521	662	534	688
galU	3668	5654	3680	5678
tdk	956	1173	956	1173
adhE	8711	11904	8731	11950
ychE	137	157	138	159
oppA	41857	58053	42043	58259
oppB	5548	7740	5576	7788
oppC	5702	7723	5705	7731
oppD	5282	8015	5577	8451
oppF	5165	7653	5545	8179
cls	1298	1860	1383	1989
kch	346	532	362	554
tonB	1056	1501	1124	1552
yciC	613	842	626	869
ompW	423	791	443	825
trpA	1950	2915	2004	2985
trpB	3661	5418	3725	5483
trpD	1726	2442	1909	2682
trpE	611	825	833	1084
yciV	840	1045	842	1046
yciO	626	799	672	868
rluB	1160	1828	1425	2196
yciK	543	708	558	724
sohB	2705	3858	2838	4037
topA	8147	11663	8171	11701
cysB	1379	1838	1449	1925
acnA	2875	3926	3051	4144
pgpB	389	544	389	544
yciM	1068	1499	1076	1510
pyrF	1551	2419	1558	2431
deoT	341	370	372	402
gmr	485	583	486	588
rnb	6505	8918	6609	9053
fabI	9524	14117	9584	14235
sapF	146	180	148	182
sapD	313	389	313	389
sapC	122	164	129	173
sapB	143	204	147	208
sapA	289	412	289	412
puuP	98	140	99	142
puuA	630	830	683	924
puuD	473	652	477	662
puuB	50	87	55	99
puuE	77	102	82	106
pspF	200	261	200	261
pspA	1421	1884	1447	1929
ycjM	20	25	20	25
ycjN	10	11	10	11
ycjO	6	7	6	7
ycjP	12	9	12	9
ycjQ	13	29	15	35
ycjR	15	27	16	30
ycjS	48	57	49	58
ycjU	1	8	1	9
ompG	4	5	5	6
ycjW	137	158	178	205
ycjX	282	490	462	753
ycjF	368	537	397	574
tyrR	1333	2109	1341	2122
ycjG	371	448	381	471
mpaA	196	245	195	241
ycjZ	269	376	280	389
mppA	782	1116	798	1135
ynaI	366	453	403	499
uspE	3005	4170	3015	4183
fnr	3109	4444	3109	4444
abgT	39	48	46	65
abgB	43	52	50	59
abgA	33	56	34	57
abgR	93	143	96	153
ydaM	226	318	229	328
ydaN	480	745	487	752
dbpA	191	277	200	287
ydaO	1272	1901	1397	2058
ompN	1330	1987	1567	2481
ldhA	811	1241	836	1276
feaR	166	218	166	221
feaB	203	284	206	290
maoC	19	31	20	32
paaA	12	23	12	23
paaC	14	22	15	24
paaJ	17	34	17	36
paaF	8	29	9	33
paaG	17	19	19	20
paaH	37	54	39	56
paaE	147	180	147	185
paaK	117	168	122	170
paaX	338	473	398	554
ydbC	85	136	108	173
azoR	335	467	366	514
hrpA	1874	2736	2234	3219
ydcF	476	571	482	579
aldA	5903	7352	5976	7454
trg	1344	1778	1403	1839
ydcI	880	1024	893	1038
ydcJ	75	114	75	114
mdoD	1584	2219	1625	2291
ydcK	168	218	176	230
tehA	224	302	224	306
ydcL	1056	1425	1092	1470
ydcO	39	68	40	70
ydcP	1312	2022	1347	2079
ydcR	431	615	439	623
ydcS	55	96	56	96
ydcT	25	24	25	24
ydcU	23	42	23	42
ydcV	63	103	66	105
ydcW	273	451	291	477
yncB	284	436	351	517
yncC	111	160	111	160
yncD	517	660	519	665
yncE	6047	8269	6407	8709
ansP	244	336	248	340
yncG	44	73	50	76
nhoA	176	249	178	255
narV	30	36	31	37
narW	31	21	31	21
narY	33	60	41	65
narZ	73	131	73	131
narU	22	21	22	21
yddG	114	203	160	266
fdnG	124	176	124	173
fdnH	31	47	31	47
fdnI	39	62	40	63
adhP	341	509	382	560
sfcA	3218	4420	3401	4678
ddpD	20	38	24	40
ddpC	24	24	25	26
ddpB	7	15	7	15
ddpA	32	40	32	40
dos	173	207	179	217
yddV	250	332	270	346
yddW	255	339	257	348
gadC	259	394	263	399
gadB	376	618	375	618
ydeM	12	20	13	20
ydeN	78	96	78	96
ydeO	21	25	21	27
ydeP	125	201	139	219
ydeQ	16	26	16	28
lsrK	81	161	83	168
lsrR	215	302	229	314
lsrC	6	26	6	28
lsrD	27	18	28	18
lsrB	54	53	57	57
lsrF	76	118	81	125
tam	134	160	136	165
yneE	133	204	139	208
uxaB	84	98	88	104
yneF	94	114	96	116
yneH	411	586	420	602
yneI	507	676	587	774
ydeA	255	332	256	340
marC	201	255	208	266
eamA	826	1114	869	1172
ydeE	148	192	150	194
ydeH	253	401	253	403
dcp	3483	4751	3664	4978
ydfG	2373	3669	2413	3728
ydfH	566	785	568	786
ydfT	159	193	159	193
ydfU	10	22	10	22
rspB	80	105	84	109
rspA	65	76	65	76
ynfC	445	613	445	613
ynfF	183	266	184	267
ynfG	36	32	37	32
ynfH	196	301	196	301
dmsD	343	470	343	470
clcB	31	67	31	67
ynfK	209	315	209	315
dgsA	802	1097	828	1116
ynfL	73	101	77	107
ynfM	141	160	154	169
ydgD	297	474	315	511
ydgG	174	272	179	273
pntB	24858	37387	25474	38427
pntA	40727	58481	42379	61030
ydgH	3528	4692	3530	4700
ydgI	93	128	100	139
folM	234	298	238	309
rstA	892	1072	892	1075
rstB	839	1121	845	1136
tus	196	255	197	260
fumC	1792	2273	1974	2515
fumA	2288	3199	2396	3340
manA	1123	1603	1211	1759
ydgA	4149	5759	4754	6473
uidC	11	19	11	19
uidB	10	10	10	11
uidA	47	62	50	63
hdhA	1234	1880	1289	1955
malI	78	152	80	158
malX	173	258	176	258
malY	364	462	382	505
add	193	310	193	310
ydgJ	1476	2026	1478	2029
rsxD	227	327	230	331
rsxG	160	249	161	252
rsxE	105	147	105	149
nth	118	140	118	140
ydgR	184	294	200	319
gst	704	908	704	908
pdxY	668	1070	669	1075
tyrS	5457	8038	5469	8055
pdxH	1056	1448	1149	1566
anmK	432	629	472	704
ydhJ	66	100	73	114
ydhF	492	713	494	714
nemA	294	396	306	412
rnt	133	179	134	180
ydhO	297	311	297	312
ydhP	270	370	271	370
purR	2432	3383	2504	3496
ydhB	152	216	157	220
ydhC	99	124	101	131
cfa	1521	2058	1610	2166
ribC	2131	2970	2229	3092
mdtK	399	583	404	592
ydhQ	1451	2081	1548	2222
ydhS	200	280	207	288
ydhT	57	55	57	55
ydhU	57	88	58	89
ydhX	47	70	48	70
ydhV	30	46	35	48
ydhY	7	10	7	10
pykF	8904	12040	8919	12056
ynhG	774	1031	786	1046
sufS	412	504	511	630
sufC	284	389	304	423
sufB	901	1141	930	1190
ydiK	410	592	411	596
ydiM	10	14	11	14
ydiN	7	10	9	10
ydiB	83	109	84	110
aroD	405	613	430	641
ydiF	24	21	27	28
ydiO	27	42	27	42
ydiP	101	126	101	126
ydiQ	17	20	17	20
ydiR	26	37	27	38
ydiS	37	40	40	44
ydiD	73	102	78	103
pps	5960	9059	6263	9489
ydiA	239	276	241	276
aroH	644	856	689	899
ydiV	163	218	183	244
btuD	394	541	405	561
btuC	216	350	224	359
pheT	12181	17525	12702	18312
pheS	4865	6537	5056	6757
thrS	27724	36309	25147	32844
ydiY	323	345	330	354
pfkB	105	108	107	112
yniA	408	618	418	640
yniC	160	192	174	217
ydjN	8315	12924	8661	13446
katE	514	644	561	727
chbF	189	264	191	265
chbR	165	204	168	208
chbC	69	90	69	90
nadE	2849	4056	3006	4255
ydjQ	151	205	158	216
astE	22	33	22	33
astB	22	44	22	47
astA	33	41	33	43
astC	51	82	51	82
xthA	974	1415	977	1422
ydjX	76	107	86	112
ydjZ	51	93	54	98
ynjE	260	379	290	446
ynjF	57	96	57	96
gdhA	21606	32742	23864	36228
topB	1366	2082	1488	2269
selD	2173	3248	2405	3602
sppA	1310	1899	1482	2160
ansA	415	503	425	515
pncA	412	546	433	583
ydjE	40	41	41	43
ydjF	364	544	364	544
ydjG	85	131	85	131
ydjH	39	85	39	85
ydjI	52	63	52	63
ydjJ	45	49	45	49
ydjK	17	34	17	34
ydjL	46	51	48	56
gapA	72505	99243	72681	99485
yeaD	1084	1313	1135	1379
yeaE	348	485	351	495
mipA	3204	4209	3217	4223
yeaG	1069	1471	1109	1539
yeaH	247	292	251	298
yeaI	24	25	24	25
yeaJ	230	274	233	280
yeaM	148	176	159	190
yeaN	69	104	71	105
yeaP	1332	1579	1337	1574
yeaS	52	69	52	72
yeaT	199	289	204	298
yeaU	94	144	97	149
yeaV	14	21	14	24
yeaW	23	28	23	28
yeaX	64	95	65	97
rnd	472	592	473	595
fadD	467	656	486	693
yeaZ	733	963	811	1077
yoaA	474	636	503	683
sdaA	265	373	265	373
adrB	103	150	103	151
yoaE	441	678	441	679
manX	7480	10389	7484	10399
manY	5049	7622	5202	7860
rrmA	426	519	456	555
kdgR	2086	2982	2102	2993
yebQ	27	32	28	33
htpX	3464	5479	3495	5526
prc	6568	9691	6818	10036
yebS	230	290	236	295
yebT	560	808	620	906
yebU	235	323	245	332
pphA	75	117	75	118
yebZ	1191	1540	1208	1558
yobB	127	197	127	197
exoX	215	312	215	312
ptrB	415	615	420	627
yebE	254	337	254	340
purT	1677	2584	1725	2664
eda	1304	2147	1312	2152
edd	1348	1680	1358	1685
zwf	7128	9684	7329	9929
yebK	628	803	635	809
pykA	2926	4042	2993	4126
lpxM	724	962	733	980
yebA	4917	6855	4992	6944
znuA	27614	38786	27900	39283
znuC	792	1003	830	1048
znuB	592	839	621	866
ruvB	476	732	538	842
ruvA	416	605	419	609
yebB	13	23	13	25
yebC	3607	5094	3772	5296
aspS	4331	6408	4577	6751
yecE	157	220	160	225
yecO	427	560	441	590
yecP	354	522	552	784
torY	39	38	44	43
cutC	404	692	404	692
argS	3186	4542	3319	4773
flhA	1497	2231	1499	2235
flhB	909	1329	909	1329
cheZ	4530	7035	4530	7035
cheB	4147	5130	4259	5290
cheR	2196	3123	2204	3132
tap	10160	13985	10187	14033
tar	16601	22035	16618	22064
cheA	13513	19130	14148	20066
motB	3278	4265	3502	4511
motA	4247	5903	4248	5905
otsA	827	1089	828	1090
otsB	363	549	366	554
araH	149	166	152	169
araG	111	180	115	194
araF	84	87	84	87
tyrP	328	459	328	459
yecA	1441	1890	1441	1890
uvrC	1677	2425	1678	2427
uvrY	1943	2591	1943	2591
sdiA	311	431	346	478
yecC	550	820	577	854
yecS	351	533	381	573
yedO	1087	1556	1151	1627
fliY	13265	18961	14583	20634
fliA	9195	12202	9821	12939
fliD	4889	5351	5223	5758
amyA	1460	1867	1538	1992
yedE	669	869	691	905
fliF	3435	4583	3687	4903
fliG	2558	3657	2742	3950
fliH	1336	2084	1459	2275
fliI	1119	1559	1177	1644
fliM	2068	2769	2189	2928
fliP	323	449	348	506
fliR	192	225	215	264
rcsA	524	696	531	713
yedP	165	212	194	240
yedQ	293	385	291	370
yedI	529	709	541	737
yedA	32	32	36	40
dcm	889	1289	913	1324
yedJ	338	479	354	509
hchA	263	297	309	350
yedW	410	576	411	583
yedZ	71	78	78	84
yodA	25599	34399	25725	34581
yeeI	696	912	697	913
shiA	981	1446	1054	1539
amn	787	856	803	876
yeeN	3691	4978	3693	4980
yeeO	108	143	110	147
cbl	773	1041	804	1080
nac	104	119	108	121
erfK	410	537	418	552
cobS	491	654	513	692
yeeA	239	371	260	391
dacD	250	309	287	360
yeeE	3791	5152	3830	5203
yeeF	5459	7942	5410	8007
yeeY	126	233	128	241
yeeZ	928	1331	931	1338
hisG	1329	1653	1559	1987
hisD	804	1039	1119	1466
hisC	720	1077	861	1262
hisB	1411	1865	1741	2315
hisA	1259	1907	1259	1907
hisF	921	1334	1097	1593
ugd	243	328	323	409
gnd	20122	29557	30300	44212
galF	3923	5402	8064	11472
wcaL	11	31	17	45
wcaK	29	26	34	31
wzxC	19	22	24	31
wcaJ	20	23	26	27
cpsG	31	59	35	67
cpsB	57	62	58	64
fcl	52	49	70	58
gmd	84	119	87	126
wcaE	16	22	18	22
wcaD	32	35	37	42
wcaC	24	52	31	67
wcaA	16	25	16	26
wzc	42	53	47	64
wza	27	18	30	20
yegH	458	648	500	706
asmA	1369	1900	1413	1963
udk	434	537	434	539
yegL	12	27	24	34
mdtA	80	89	85	100
mdtB	132	190	144	211
mdtC	141	196	144	216
baeS	57	116	61	124
baeR	197	243	183	225
yegQ	658	830	659	830
yegS	146	184	154	189
gatD	945	1314	981	1399
gatZ	24777	33136	24870	33291
gatY	23410	32368	23621	32651
fbaB	1728	2369	1782	2482
yegT	66	98	66	99
yegU	84	123	88	124
yegV	72	104	74	105
yegW	155	201	155	201
yegX	232	319	253	337
thiD	759	1094	770	1122
thiM	1416	1891	1542	2049
rncA	53	57	58	63
yehA	18	26	18	27
yehC	4	2	5	3
mrp	3218	4533	3858	5419
metG	1913	2617	2238	3022
yehL	1	2	1	3
yehP	11	10	11	10
yehT	281	389	281	389
yehU	599	651	609	661
mlrA	91	138	95	150
yehW	46	48	48	54
yehX	54	109	56	112
yehY	58	97	59	98
yehZ	143	249	143	249
bglX	1713	2625	1742	2680
dld	2752	3892	2850	4061
pbpG	638	835	638	835
yohF	71	80	93	113
dusC	172	229	183	251
yohK	48	69	48	69
cdd	118	209	122	213
sanA	164	225	165	226
yeiT	47	68	50	69
yeiA	78	96	79	99
mglC	251	317	253	326
mglA	562	704	613	763
mglB	1209	1745	1277	1830
galS	74	124	66	116
yeiB	349	484	380	517
folE	2056	2350	2077	2358
frmC	878	1178	1242	1636
cirA	3073	4485	2852	4167
lysP	4683	6418	4691	6423
yeiE	343	420	344	422
yeiH	152	188	152	188
nfo	697	832	731	880
yeiJ	10	22	19	37
rihB	5	6	5	7
yeiL	15	19	18	21
yeiC	12	10	13	10
fruA	846	1473	908	1593
fruK	459	700	463	703
fruB	443	726	449	732
setB	50	82	36	57
yeiQ	202	259	232	278
yeiR	265	365	267	366
yeiU	313	408	316	411
rtn	355	411	364	426
yejB	70	102	77	125
yejE	110	146	112	147
yejF	449	622	449	622
bcr	355	476	389	515
rsuA	562	712	625	787
yejH	80	102	88	110
yejK	1718	2459	1814	2569
yejM	917	1152	934	1181
narP	758	1197	878	1383
ccmH	114	183	145	229
ccmF	153	236	182	289
ccmC	89	133	90	134
ccmB	54	73	56	75
ccmA	117	123	125	132
napC	149	254	149	254
napH	37	51	39	55
napG	24	42	24	42
napA	168	323	177	343
mqo	1238	1829	1291	1916
yojI	1224	1644	1350	1803
alkB	33	23	34	25
ada	90	117	95	129
yojL	115	145	130	174
rcsB	3921	5057	3931	5079
rcsC	1296	1732	1365	1834
yfaP	9	16	12	18
yfaQ	29	78	31	79
yfaT	5	11	5	11
gyrA	11819	18134	12108	18568
ubiG	450	599	529	690
nrdA	2236	2834	2492	3217
nrdB	1731	2675	1926	2959
inaA	596	688	596	690
glpQ	3357	4917	3567	5236
glpT	3398	4583	3546	4804
glpA	510	828	515	837
glpB	291	399	328	463
glpC	199	301	209	317
yfaY	501	763	525	798
ais	15	26	17	27
yfbE	104	119	104	117
yfbF	36	36	36	36
yfbG	106	159	113	168
yfbH	33	64	33	64
arnT	55	63	55	64
menE	322	540	345	585
menC	343	621	446	790
menB	889	1424	929	1513
yfbB	323	412	329	425
menD	282	411	286	426
menF	510	673	517	677
elaC	324	450	330	453
nuoN	1051	1900	1201	2153
nuoM	1410	2254	1414	2265
nuoL	2679	4320	2740	4413
nuoH	2528	3723	2528	3724
nuoG	7974	12403	8174	12737
nuoF	3172	5048	3729	5934
nuoC	4582	6514	4949	7006
nuoB	2248	3194	2357	3295
lrhA	1108	1779	1112	1785
yfbQ	774	1176	775	1179
yfbS	193	309	195	310
yfbT	1575	2298	1631	2375
ackA	1641	2202	1766	2341
pta	2409	3527	2411	3531
yfcF	166	181	167	182
yfcG	40	62	40	63
yfcH	763	1127	844	1249
hisP	921	1295	924	1298
hisM	713	899	717	908
hisQ	1295	1720	1325	1746
hisJ	7181	9629	7200	9659
purF	3808	5587	3840	5623
dedD	614	1001	623	1007
folC	1414	2115	1465	2166
accD	5914	8945	5926	8958
truA	793	1120	835	1161
usg	858	1338	935	1442
pdxB	1433	2343	1552	2525
flk	417	588	440	614
yfcJ	96	145	101	155
fabB	3573	5508	3667	5649
trmC	468	662	468	662
yfcA	485	610	525	654
mepA	469	825	483	845
aroC	2077	2977	2456	3529
prmB	1540	2203	1828	2611
yfcY	129	180	140	190
fadL	857	974	904	1022
vacJ	1631	2515	1738	2647
yfdC	59	89	62	95
dsdA	228	274	229	277
emrY	29	22	30	22
emrK	31	37	33	44
evgA	980	1410	1016	1464
yfdE	21	45	21	45
yfdV	12	18	12	18
oxc	34	45	34	45
frc	37	50	37	50
yfdX	21	36	21	36
ddg	87	73	117	102
yfdZ	572	921	633	1057
ypdA	313	403	323	420
ypdB	335	509	335	509
ypdC	67	85	76	96
ypdD	56	75	61	85
ypdE	18	30	21	32
ypdF	16	25	17	26
ypdG	8	14	11	15
glk	883	1278	930	1358
yfeO	114	151	115	157
mntH	741	938	789	1013
nupC	797	1176	870	1286
yfeA	668	857	674	868
gltX	6865	9729	7044	9991
yfeR	116	163	121	171
yfeH	549	805	430	627
ligA	1024	1541	1112	1669
zipA	3625	5232	3636	5251
cysZ	261	355	264	361
cysK	28616	41859	29380	42910
ptsI	36054	51630	36131	51724
pdxK	690	1080	732	1140
cysM	3273	4439	3830	5320
cysA	1707	2595	2449	3554
cysW	1177	1667	1307	1880
cysU	1188	1694	1241	1759
cysP	2583	4032	2583	4032
ucpA	784	1032	815	1085
yfeT	70	142	72	148
yfeU	42	69	47	85
murP	74	101	78	104
murQ	75	109	80	121
yfeX	1550	2240	1556	2243
amiA	750	1144	785	1195
hemF	200	321	231	373
yfeG	79	143	91	148
eutL	80	125	118	156
eutC	122	200	127	206
eutB	597	874	628	937
eutA	8	10	8	11
eutH	14	25	14	26
eutG	11	22	11	25
eutJ	6	8	7	8
eutE	17	21	21	22
eutI	23	25	23	28
eutT	7	17	7	17
eutQ	8	20	8	20
maeB	5177	7271	5605	7960
talA	893	1293	940	1345
tktB	1491	2270	1495	2276
ypfG	161	206	186	234
aegA	74	140	76	142
narQ	185	264	197	274
acrD	118	215	124	224
dapE	880	1185	1015	1382
ypfH	291	435	291	435
ypfJ	992	1365	1029	1399
purC	4426	6964	4750	7522
nlpB	4616	7212	4616	7212
dapA	7029	10050	7035	10061
hyfA	0	1	0	1
hyfC	11	13	11	13
hyfD	10	15	11	17
hyfE	9	15	10	15
hyfG	31	44	32	48
hyfI	14	18	14	19
perM	318	421	326	435
yfgC	1509	2023	1526	2035
hda	1016	1465	996	1422
uraA	3244	5031	3279	5099
upp	6549	8651	6661	8778
purM	2842	4708	2878	4784
purN	1098	1576	1100	1589
ppk	1275	1550	1347	1624
ppx	1068	1499	1097	1541
yfgF	73	101	73	102
guaA	8396	13758	8514	13991
guaB	5586	8397	6107	9202
xseA	771	945	813	1013
der	2550	3520	2589	3569
yfgL	3412	5229	3439	5264
yfgM	2204	3269	2204	3269
hisS	5062	7145	5345	7466
ispG	2295	3202	2395	3341
yfgA	1559	1984	1612	2076
yfgB	1376	1831	1398	1857
pbpC	82	143	83	143
sseA	578	766	578	766
sseB	741	1177	749	1197
pepB	1774	2594	1816	2678
hscA	2469	3836	2551	3988
iscS	5553	7749	5579	7794
yfhQ	919	1519	968	1575
suhB	2086	2758	2136	2840
yfhR	25	38	26	37
hcaT	104	138	106	141
hcaR	509	668	474	633
hcaE	123	186	123	186
hcaB	23	62	23	62
yphB	69	97	74	97
yphC	48	79	58	92
yphD	17	27	21	34
yphE	17	30	25	35
yphF	17	33	18	37
yphH	322	449	328	464
glyA	25527	37418	26485	39053
hmp	497	915	498	925
yfhA	495	706	544	787
yfhG	354	443	295	377
yfhK	471	625	491	659
yfhD	291	419	322	449
yfhB	316	503	328	526
yfhH	176	265	180	269
pdxJ	1097	1744	1428	2170
recO	605	890	617	917
era	1479	2018	1913	2607
rnc	1347	1832	1574	2080
lepB	1855	2624	1979	2825
lepA	4081	6237	4172	6390
rseB	1353	1877	1354	1878
rseA	3759	5638	3763	5640
yfiC	274	393	287	427
srmB	555	778	616	837
yfiE	120	211	147	257
ung	724	954	789	1042
yfiF	1417	1879	1446	1962
yfiP	141	146	143	150
yfiQ	598	832	619	859
pssA	2772	3603	2818	3655
kgtP	10497	13360	11109	14316
clpB	7036	11271	7236	11636
yfiH	486	673	503	712
rluD	1303	1665	1408	1768
yfiO	5892	7442	5919	7482
pheA	3095	3818	3375	4150
tyrA	3003	4177	3246	4547
aroF	5815	7511	5827	7532
yfiN	124	171	130	175
trmD	35902	48325	35920	48359
ffh	2153	3257	2626	3986
ypjD	372	480	349	455
yfjD	629	857	704	949
yfjB	328	431	331	432
recN	518	664	519	664
gabT	106	181	125	207
gabP	36	59	50	72
csiR	151	233	156	235
nrdF	111	123	114	124
proV	1393	1687	1399	1691
proW	340	491	366	519
proX	907	1115	1020	1279
ygaZ	714	1033	714	1035
emrA	563	792	617	861
emrB	323	505	365	557
gshA	3458	5002	3539	5098
alaS	17443	24665	17716	25082
recA	5014	7427	5053	7480
mltB	159	198	159	199
srlE	22	22	22	22
srlD	104	143	104	143
srlR	277	389	299	422
gutQ	191	313	203	334
norV	56	81	64	96
norW	30	26	31	27
ascG	638	893	646	907
ascF	61	88	63	92
hycG	32	48	36	56
hycE	14	19	19	21
hycD	8	8	8	9
hycC	4	13	5	15
hycB	1	4	1	4
hypB	57	102	58	104
hypD	249	358	280	408
hypE	85	143	101	172
fhlA	99	115	103	122
mutS	848	1358	981	1535
ygbI	403	483	397	476
ygbJ	35	46	35	46
ygbK	52	83	47	80
ygbL	26	45	28	49
ygbM	34	48	34	49
ygbN	65	87	66	94
nlpD	24709	33800	26066	35717
pcm	817	1115	819	1126
surE	588	748	807	1146
truD	1608	2238	1614	2252
ispD	549	856	582	909
cysC	2019	2932	2022	2938
cysN	6819	10238	7554	11395
cysD	5236	7384	5250	7397
iap	280	400	290	414
cysH	4249	6252	5027	7259
cysI	8437	12977	9208	14204
cysJ	7325	10794	7565	11203
ygcQ	24	56	24	56
ygcR	18	16	18	16
ygcS	16	18	16	18
ygcU	23	32	27	35
ygcW	2	4	2	4
yqcE	39	43	44	48
ygcF	679	923	688	928
eno	37226	59221	37245	59259
pyrG	8282	12308	8532	12711
mazG	857	1125	901	1204
relA	2649	3698	2947	4130
barA	746	1033	762	1052
gudD	126	227	130	235
gudX	53	83	65	98
gudP	11	24	12	24
truC	197	315	208	325
queF	863	1122	875	1144
ygdH	735	845	739	849
sdaC	633	846	641	856
sdaB	256	464	268	487
exo	146	213	145	211
fucO	117	142	117	142
fucA	29	50	32	51
fucP	24	30	26	30
fucI	45	77	46	82
fucK	144	181	144	181
fucR	386	469	386	469
ygdE	623	943	623	943
gcvA	384	503	399	528
csdA	311	432	384	508
ygdL	362	599	381	616
mltA	921	1256	972	1354
amiC	677	1181	756	1314
argA	4612	6688	4819	7010
recD	658	1072	687	1125
ptr	1245	1872	1333	1976
recC	1015	1318	1049	1368
thyA	1167	1515	1306	1721
lgt	783	1081	827	1133
ptsP	2436	3417	2443	3425
mutH	171	224	171	224
ygdQ	160	177	163	181
tas	841	1161	841	1161
ygeD	247	292	247	292
aas	875	1210	902	1255
galR	333	417	337	419
lysA	1436	2131	1444	2143
lysR	64	97	68	104
ygeA	450	599	453	602
araE	135	199	142	210
kduD	102	118	103	120
kduI	65	91	67	97
yqeF	733	980	740	992
yqeG	51	82	51	85
yqeH	34	51	34	51
yqeI	56	99	56	101
ygeH	13	32	13	32
ygeR	668	833	624	755
xdhA	49	80	49	80
xdhB	23	39	23	39
ygeV	112	155	113	157
ygeW	13	12	14	12
ygeX	25	27	25	28
ygeY	32	28	33	29
hyuA	44	44	44	44
yqeA	67	107	68	109
yqeB	83	138	83	140
yqeC	14	32	15	32
ssnA	15	15	16	18
ygfM	21	37	21	37
xdhD	99	152	101	154
ygfO	99	105	100	110
guaD	186	222	188	227
ygfT	41	61	44	61
ygfU	7	15	8	13
lysS	5923	8635	6442	9330
prfB	4818	6345	4958	6533
recJ	1155	1790	1245	1913
dsbC	1310	1757	1316	1769
xerD	953	1296	1001	1359
ygfZ	1488	2151	1495	2160
yqfA	350	420	380	440
bglA	2251	3267	2453	3565
ygfF	84	118	102	135
gcvP	2703	4464	2840	4698
gcvT	1865	2755	1878	2782
visC	877	1242	982	1366
serA	34874	50555	35610	51539
rpiA	3071	4464	3076	4474
argP	663	941	665	945
yliK	46	80	47	80
argK	21	25	21	25
ygfG	38	37	38	37
ygfH	56	75	56	76
ygfI	73	115	73	115
yggE	1216	1811	1221	1828
argO	182	206	254	308
mscS	2494	4012	2498	4019
fbaA	19089	28175	19427	28689
pgk	17599	25588	17603	25594
epd	3667	5141	3669	5143
yggF	40	40	42	41
cmtA	13	17	13	18
tktA	5494	7299	5810	7720
yggG	754	980	801	1069
speB	875	1275	1066	1598
speA	7509	10914	8480	12436
metK	8060	11410	8253	11750
galP	572	776	593	802
endA	36	47	36	47
yggJ	442	628	443	634
gshB	1239	1645	1245	1656
yggS	417	604	440	659
yggW	479	659	515	695
yggM	65	90	65	90
ansB	81	127	81	127
yggN	902	1264	920	1278
yggH	2458	3096	2462	3102
mutY	817	1169	848	1219
mltC	763	872	777	900
nupG	221	310	221	310
yqgA	51	88	51	89
yghK	62	100	65	102
glcF	149	218	157	231
glcD	54	62	54	62
glcC	203	288	203	291
ECIAI1_3132	16	24	120	139
yghR	5	12	5	14
yghS	10	18	10	18
yghT	7	10	7	10
pitB	51	74	36	58
gss	1967	2869	2006	2912
yghU	746	1044	773	1091
hybC	366	554	391	596
hybB	65	114	67	117
hybA	53	92	53	93
hybO	65	109	71	117
yghZ	242	356	251	360
yghA	98	123	99	124
exbB	4027	5720	4012	5685
metC	2770	3828	3015	4178
yghB	300	439	300	439
yqhC	245	280	249	287
yqhD	534	842	536	843
dkgA	279	360	279	360
yqhG	55	80	55	80
ygiQ	783	999	861	1106
sufI	594	833	595	838
plsC	521	665	540	692
parC	2319	3398	2360	3476
qseB	57	87	57	88
parE	1536	2413	1727	2748
cpdA	962	1394	986	1425
nudF	865	1033	910	1095
tolC	3638	4677	4052	5235
ygiC	1695	2344	2041	2735
ygiE	509	742	513	752
ribB	1927	2440	2055	2612
yqiJ	24	30	26	31
yqiK	24	49	33	60
rfaE	1756	2533	2119	3156
htrG	308	402	362	481
cca	440	729	481	801
bacA	757	1121	848	1234
plsY	265	361	268	363
ygiP	75	81	76	87
ttdA	12	12	12	12
ttdB	8	4	9	5
ygjE	61	93	63	98
gcp	576	791	638	855
dnaG	2427	3259	2434	3273
rpoD	6464	9715	6541	9813
yqjH	232	367	244	382
yqjI	187	320	188	322
aer	2202	2900	2287	3009
ygjG	517	797	517	805
ebgR	96	116	97	119
ygjI	14	8	14	8
ygjJ	6	9	6	9
ygjK	44	41	46	44
ygjO	214	317	242	348
ygjQ	10	15	22	22
ygjR	295	396	317	433
alx	62	94	65	104
sstT	834	1376	914	1538
uxaA	228	316	239	345
uxaC	237	308	247	322
exuT	53	70	55	74
exuR	811	1073	936	1219
yqjA	623	838	623	839
yqjG	280	364	304	398
yhaJ	783	1093	851	1177
yhaK	38	59	38	60
yhaM	95	138	95	140
yhaO	48	74	50	79
tdcG	52	82	56	84
tdcE	318	472	318	472
tdcD	33	35	33	35
tdcC	85	134	90	141
tdcB	13	12	13	12
tdcA	5	8	6	8
garK	155	170	150	166
garR	80	130	87	143
garL	18	13	21	16
garP	7	6	7	6
garD	70	98	74	109
agaR	1066	1426	1075	1437
kbaZ	26	36	28	40
agaS	19	20	21	22
kbaY	14	17	14	17
agaC	11	10	13	10
agaD	7	19	7	19
agaI	18	23	20	25
yraI	9	14	10	16
yraL	477	697	537	789
yraQ	747	1142	759	1153
yraR	80	143	83	148
yhbU	60	88	61	90
yhbV	29	72	28	71
yhbW	189	309	204	327
mtr	189	307	272	413
deaD	2359	3242	2393	3284
nlpI	7190	9228	7190	9228
pnp	12279	17715	13630	19469
truB	1266	1967	1656	2491
infB	19542	27948	19838	28430
nusA	6884	9682	6907	9729
argG	14889	22043	15789	23469
yhbX	118	178	118	181
glmM	3474	5330	3474	5330
folP	836	1263	836	1265
ftsH	11971	18457	12191	18771
rrmJ	3076	4169	3077	4170
dacB	253	309	254	315
obgE	1465	2071	1721	2480
yhbE	1244	1638	1246	1639
ispB	1705	2317	1713	2326
murA	3745	4981	3814	5074
yrbC	1821	2850	1824	2855
yrbE	1088	1589	1088	1589
yrbF	2119	2972	2145	3002
yrbG	414	551	415	552
kdsD	1710	2220	1748	2269
lptB	1554	2246	1554	2246
rpoN	5345	7025	5556	7343
yhbJ	1499	1894	1503	1901
yrbL	3315	4834	3322	4844
mtgA	621	864	650	900
elbB	720	1201	722	1205
arcB	1429	1825	1445	1841
yhcC	22	46	22	46
gltB	26196	39434	29527	44479
gltD	14589	22586	16077	24852
nanE	20	43	26	48
nanT	37	35	39	51
nanA	86	137	86	137
nanR	634	838	675	911
dcuD	32	37	36	41
sspA	2752	4417	2752	4417
degQ	1241	1781	1242	1782
degS	518	715	525	722
mdh	16969	23768	18029	25462
aaeB	76	90	76	91
aaeA	157	201	162	204
aaeR	154	214	161	220
tldD	1528	2443	1601	2572
rng	1800	2620	1977	2884
mreC	795	1245	868	1348
mreB	2787	4020	2843	4132
csrD	716	1023	746	1058
yhdH	631	990	658	1012
accC	7285	11184	7848	12026
panF	238	327	261	359
prmA	701	1019	703	1022
dusB	7192	10040	7192	10040
yhdJ	60	82	60	82
envR	15	42	16	42
acrE	8	25	9	29
acrF	203	272	211	277
aapQ	30	67	30	67
aapP	102	110	125	127
aroE	962	1264	1010	1338
smf	667	926	694	962
fmt	1959	2602	1999	2669
rsmB	996	1515	1032	1544
trkA	1006	1352	1023	1369
rpoA	63731	99071	63750	99111
rpsD	56084	79228	56084	79228
secY	63333	96334	62194	94262
rpsC	43710	65367	43710	65367
rplB	43190	65015	43190	65015
rplD	27394	44924	27394	44924
rplC	43073	66164	43073	66164
tufA	158827	235631	159018	235885
fusA	138345	200938	134798	196610
yheO	1300	1789	1315	1806
fkpA	6260	8371	6371	8509
kefB	456	675	487	707
yheS	870	1142	885	1163
yheT	208	320	221	347
prkB	499	606	520	636
crp	4120	5986	5196	7214
yhfK	922	1429	943	1463
argD	5885	9121	6085	9503
fic	179	205	185	219
tsgA	228	308	228	310
nirB	97	182	99	184
nirC	67	134	67	134
cysG	570	839	650	939
frlA	20	23	20	23
frlB	12	24	12	24
frlC	35	50	35	50
frlD	34	69	34	69
frlR	141	210	141	210
yhfS	38	53	38	53
yhfT	27	41	29	43
php	24	26	28	30
yhfZ	172	233	207	287
trpS	4109	6013	4400	6398
gph	1377	1929	1427	2014
rpe	1146	1590	1177	1640
dam	909	1200	913	1203
aroB	5139	7175	5148	7190
hofQ	53	90	53	90
yrfD	58	79	66	84
mrcA	1250	1798	1347	1906
igaA	657	965	695	1017
yrfG	526	839	526	839
hslO	965	1568	976	1573
pck	1311	1942	1424	2140
envZ	473	708	508	770
ompR	837	1081	840	1082
yhgF	2416	3819	2486	3912
feoB	1101	1899	1106	1915
yhgA	90	136	105	166
bioH	260	393	261	393
gntX	189	216	191	219
gntT	225	426	232	440
malQ	1313	1786	1363	1856
malP	2080	2605	2117	2646
malT	4354	6159	4672	6637
rtcB	129	188	133	195
glpG	1059	1371	1090	1398
glpD	15090	21810	17703	25954
glgP	4618	7279	4766	7505
glgA	2492	3900	2495	3903
glgC	3756	5394	3777	5434
glgX	3024	4552	3035	4569
glgB	5723	8791	5762	8874
asd	18386	27350	18393	27357
gntU	80	169	86	185
gntR	312	403	382	491
yhhW	209	302	212	314
yhhX	810	1185	818	1191
yhhZ	6	12	6	12
ggt	178	284	182	300
ugpC	156	216	162	226
ugpE	40	48	41	52
ugpA	21	24	21	24
ugpB	474	608	514	664
livF	2650	3619	3635	5092
livG	2424	3467	2942	4135
livM	3166	5134	3577	5841
livH	2803	4527	3000	4862
livK	10209	14215	10480	14682
livJ	28431	38952	30391	41741
rpoH	2369	3848	2459	3999
ftsX	860	1390	978	1568
ftsE	663	969	701	1027
ftsY	3258	4425	3505	4730
yhhN	106	178	112	195
yhhQ	93	127	101	136
yhhS	184	255	188	258
yhhT	96	130	103	139
nikA	21	35	22	35
nikB	13	28	13	28
nikC	12	18	12	18
nikD	23	28	23	29
nikE	12	25	13	31
yhhI	377	644	65	125
yhhJ	425	590	491	681
rbbA	1084	1813	1150	1933
yhiI	1252	2139	1397	2342
yhiM	53	60	54	60
yhiN	590	814	616	856
pitA	2504	3509	2525	3542
yhiP	115	141	117	146
yhiQ	201	304	224	366
prlC	1674	2749	1908	3084
yhiR	191	264	201	279
gor	1483	2257	1486	2257
arsB	59	71	59	71
yhiD	36	56	36	56
mdtE	17	25	17	25
mdtF	163	216	175	229
gadW	266	371	291	403
gadX	439	718	498	801
gadA	320	506	312	492
yhjA	79	99	79	99
treF	224	321	241	341
yhjB	75	111	77	118
yhjC	141	216	146	221
yhjD	145	226	153	238
yhjE	3409	5095	3702	5614
yhjG	1553	2147	1603	2188
yhjH	3875	5247	3962	5340
kdgK	636	975	683	1032
yhjJ	640	911	724	1023
dctA	317	414	317	415
yhjK	453	604	460	618
bcsC	346	470	352	481
bcsZ	52	65	53	66
bcsB	62	90	66	93
bcsA	194	294	73	109
bcsE	1035	1345	1039	1347
bcsG	254	332	261	341
yhjV	298	392	307	401
dppF	929	1480	1111	1765
dppD	968	1408	1028	1491
dppC	824	1346	825	1349
dppB	892	1366	944	1440
dppA	10869	14198	12379	16311
eptB	232	295	233	296
yhjX	17	24	25	27
yhjY	261	363	261	363
yiaD	261	374	264	375
tiaE	1594	2226	1607	2251
yiaF	2652	3894	2806	4111
glyS	7602	11939	8261	12842
glyQ	4235	6597	4284	6655
yiaH	107	126	108	126
xylB	212	273	227	298
xylA	154	185	162	201
xylF	23	28	23	29
xylG	101	151	101	153
xylH	72	76	71	73
xylR	178	283	211	307
bax	2775	3599	2949	3801
avtA	1390	1666	1581	1919
yiaJ	301	474	306	484
yiaK	9	11	9	13
yiaN	11	5	11	5
yiaO	4	5	4	8
sgbH	4	6	10	12
sgbU	19	14	25	17
sgbE	12	23	13	28
yiaT	53	45	54	47
yiaU	87	138	87	138
yiaV	31	37	32	40
aldB	45	69	47	69
yiaY	7	15	7	15
selB	1333	2037	1567	2378
selA	632	894	642	917
yibF	179	255	178	253
yibH	54	69	54	69
mtlA	1014	1735	1041	1786
mtlD	785	1113	921	1294
lldP	123	162	148	186
lldR	116	166	120	168
lldD	153	262	161	274
cysE	720	882	784	953
gpsA	1622	2410	1857	2752
gpmI	4177	5874	4611	6532
envC	927	1406	1075	1601
yibQ	297	417	316	455
yibD	34	34	37	35
tdh	269	361	404	540
kbl	353	611	369	646
waaD	2329	3114	2520	3405
waaF	1476	2098	1482	2109
kdtA	389	602	406	624
mutM	288	395	296	399
yicR	746	1034	940	1327
dfp	750	807	754	816
pyrE	96	136	132	185
yicC	1505	2105	1685	2311
yicG	30	31	32	32
ligB	70	121	71	124
gmk	2644	3413	2644	3414
spoT	2789	4086	2913	4275
trmH	484	631	484	631
gltS	162	250	182	288
yicE	947	1270	949	1271
yicH	1003	1399	1016	1426
yicI	98	173	101	177
yicJ	40	41	40	41
setC	11	15	11	15
yicL	500	605	500	605
nlpA	2997	4057	3002	4060
yicM	119	172	114	170
uhpT	888	1785	895	1796
uhpC	91	140	94	140
uhpB	151	297	166	311
ilvB	3161	4393	3058	4252
emrD	6	9	6	9
yidJ	28	33	33	39
yidK	12	17	13	18
yidL	54	69	49	62
yidP	14	29	14	30
yidE	541	759	543	759
yidR	274	357	326	431
cbrA	14	28	16	28
dgoT	24	33	25	35
dgoD	30	47	31	52
dgoA	18	25	18	25
dgoR	182	289	184	301
yidX	163	248	163	248
yidA	525	675	580	761
gyrB	4713	6790	4943	7133
recF	602	781	643	832
dnaN	1247	1736	1302	1826
dnaA	2017	2920	2022	2946
yidC	5670	7955	5730	8032
trmE	605	843	646	904
tnaA	74	85	82	91
tnaB	25	21	27	25
mdtL	24	41	27	44
yidZ	176	183	193	216
yieE	184	267	186	266
yieH	201	238	211	251
yieK	32	85	40	95
yieL	21	36	24	37
bglH	20	35	20	35
bglB	23	48	23	52
bglG	15	15	15	15
phoU	631	1014	696	1106
pstB	896	1036	898	1037
pstA	206	309	219	341
pstC	336	489	336	489
pstS	1027	1300	1027	1300
glmS	7916	12739	9530	15498
glmU	5684	8703	6436	9892
atpD	17579	27028	17790	27349
atpG	14162	18495	14162	18495
atpA	31168	47074	31168	47074
atpB	16642	21881	16653	21903
gidB	425	570	425	570
gidA	2013	2868	2031	2883
asnA	526	792	608	907
yieM	309	414	309	414
ravA	241	351	260	378
trkD	647	828	651	833
rbsA	583	888	593	904
rbsC	410	607	412	610
rbsB	2848	3864	2861	3898
rbsK	779	1025	784	1030
rbsR	197	245	199	247
hsrA	180	231	182	237
yieP	666	929	700	1002
hdfR	502	707	502	708
yifB	207	273	210	277
ilvE	2220	3249	2340	3412
ilvD	1915	2859	2200	3304
ilvA	784	1239	1039	1654
ilvY	97	125	156	217
ilvC	42041	62877	50213	75232
rep	746	983	856	1155
gpp	972	1146	979	1160
rhlB	2790	3466	2842	3538
rho	3235	3705	3366	3879
rfe	1507	2181	1540	2236
wzzE	944	1459	958	1465
rffE	1000	1517	1020	1543
rffD	961	1359	1004	1412
rffG	716	997	735	1026
rffH	383	531	414	574
rffC	278	387	295	406
rffA	562	783	566	790
wzxE	443	668	469	694
rffT	284	418	306	446
wzyE	262	345	265	347
rffM	301	422	397	527
yifK	1397	2036	1410	2055
hemY	1178	1768	1329	1975
hemX	1561	2193	1606	2255
hemD	612	689	626	708
hemC	533	768	577	826
cyaA	4330	5662	4550	5944
dapF	1111	1696	1111	1696
yigA	653	970	680	1012
xerC	1049	1411	1069	1450
yigB	590	787	593	794
uvrD	741	1103	838	1244
yigE	46	70	47	72
corA	904	1322	960	1391
rarD	151	192	158	201
pldA	961	1387	995	1425
recQ	621	905	666	977
rhtC	386	542	403	580
rhtB	383	527	287	397
pldB	598	832	779	1103
yigL	432	604	454	633
yigM	111	144	124	150
metR	325	473	344	510
ysgA	623	904	726	1071
udp	806	1278	806	1280
rmuC	317	416	328	429
ubiE	1497	2070	1497	2070
yigP	650	949	341	538
ubiB	1244	1772	1246	1776
tatC	853	1262	853	1264
tatD	278	416	278	417
ubiD	1851	2714	1945	2855
fre	1305	1966	1350	2032
fadA	107	151	108	157
fadB	208	262	220	275
pepQ	3272	4524	3657	5104
yigZ	399	603	405	628
trkH	682	958	706	982
yihE	1509	1977	1533	2007
dsbA	3596	5010	3608	5027
yihG	121	166	127	171
polA	3179	4305	3180	4311
hemN	976	1396	976	1399
glnG	631	967	635	968
glnL	538	737	538	737
glnA	6611	8393	6752	8620
bipA	13702	21180	13873	21448
yihL	97	133	108	156
yihM	152	193	152	194
yihN	46	67	47	68
ompL	13	9	13	9
yihO	31	31	32	32
yihP	23	36	28	43
yihQ	27	25	28	26
yihS	64	92	64	92
yihT	30	44	30	44
yihU	16	12	16	12
yihV	47	58	47	58
yihW	291	398	291	398
rbn	376	523	412	578
yiiD	1107	1565	1211	1762
fdhE	298	445	338	500
fdoI	135	154	135	154
fdoH	128	202	135	212
fdoG	1601	2203	1626	2231
fdhD	322	532	325	539
frvB	14	27	15	29
rhaD	11	23	13	27
rhaA	13	21	14	28
rhaS	29	39	29	41
rhaR	37	48	37	49
sodA	32199	37801	32206	37809
kdgT	95	121	95	121
yiiM	395	511	402	523
cpxA	1513	2216	1537	2257
cpxR	1681	2433	1681	2433
fieF	1321	1749	1321	1750
pfkA	4721	7056	4770	7143
sbp	1165	1523	1225	1595
cdh	198	287	232	327
tpiA	8186	12299	8947	13466
fpr	890	1222	1012	1357
glpX	603	867	604	868
glpK	9579	13349	10067	14086
glpF	2347	2677	2347	2677
menA	475	666	477	668
hslU	3055	4452	3096	4503
ftsN	742	1020	766	1072
cytR	688	839	693	859
yiiX	119	195	235	351
metB	1848	2117	1863	2135
metL	1701	2792	1833	2988
metF	5190	7645	5735	8489
katG	4415	6948	4861	7665
yijE	84	112	90	117
yijF	8	11	12	19
gldA	95	177	103	191
fsaB	32	29	33	44
ptsA	23	39	25	42
frwC	12	17	12	17
pflD	72	113	74	126
pflC	22	48	24	53
yijO	55	51	60	53
yijP	874	1080	1020	1237
ppc	9134	12955	9389	13235
argE	2324	3419	2380	3492
argC	3401	4796	3400	4794
argB	2756	4113	2756	4113
argH	4612	7606	4691	7738
oxyR	1262	1849	1280	1887
sthA	1048	1322	1071	1366
fabR	1630	2178	1629	2173
trmA	744	1018	813	1097
btuB	2286	3043	2290	3049
murI	199	322	230	362
murB	2036	2724	2073	2802
birA	725	969	766	1033
coaA	1126	1495	1132	1500
tufB	149286	226469	149249	226426
rplA	26843	40361	26843	40361
rpoB	36328	53344	36343	53371
rpoC	36143	58371	36523	59020
thiH	2694	3744	3028	4179
thiG	1419	2022	1439	2048
thiF	1546	2266	1557	2284
thiE	1326	2000	1332	2005
thiC	5560	7342	5570	7354
nudC	547	767	547	767
hemE	725	1049	726	1051
nfi	279	461	279	461
yjaH	396	518	438	581
zraR	230	348	240	364
purD	1631	2580	1663	2648
purH	1705	2557	1839	2800
metA	2987	4391	3174	4665
aceA	13650	20893	14563	22214
aceK	2013	2746	2420	3354
iclR	927	1154	973	1201
metH	7269	9861	7792	10602
yjbB	300	458	318	489
pepE	83	156	84	157
yjbC	439	637	644	854
lysC	5168	7625	5476	7951
pgi	9314	13296	10170	14411
yjbF	8	10	8	12
yjbG	8	10	8	11
yjbH	54	67	57	74
xylE	70	102	73	106
malG	39	57	41	58
malF	122	142	122	143
malE	1196	1505	1274	1617
malK	242	262	243	271
malM	159	184	159	186
ubiA	519	738	550	769
plsB	2350	3367	2437	3502
lexA	1181	1730	1183	1737
dinF	111	168	122	180
yjbM	7	18	7	18
yjbN	632	871	678	938
qor	717	1047	757	1110
dnaB	1359	1869	1450	2046
alr	532	784	544	811
tyrB	3215	4757	3219	4768
aphA	145	205	148	207
uvrA	707	1002	852	1169
yjcC	131	166	131	166
yjcE	557	836	573	866
actP	127	175	134	193
acs	890	1205	899	1224
nrfA	60	99	60	99
nrfC	5	5	7	6
nrfD	9	10	9	10
gltP	832	1284	854	1338
yjcO	348	424	357	440
fdhF	236	381	241	386
yjcQ	36	33	38	35
yjcR	12	20	13	20
phnL	19	18	20	22
phnK	5	18	6	19
phnJ	2	1	2	1
phnI	1	2	1	3
phnF	2	4	3	5
phnD	2	7	3	10
phnC	2	6	0	6
yjcZ	1461	2175	1487	2231
proP	2973	4315	3017	4384
basS	218	277	169	198
basR	96	152	99	165
eptA	63	101	63	103
adiC	13	22	13	23
adiY	12	17	12	17
adiA	50	52	50	51
melR	85	129	85	129
melA	53	91	55	92
melB	85	113	86	113
yjdF	166	223	174	235
fumB	80	110	80	110
dcuB	21	30	21	30
dcuR	296	430	308	443
dcuS	561	691	584	729
lysU	860	1189	879	1218
yjdL	94	132	95	136
cadA	94	92	95	95
cadB	3	11	3	11
cadC	49	88	50	89
dipZ	573	773	588	798
dcuA	1825	2523	1836	2532
aspA	976	1373	977	1374
yjeH	265	416	267	423
groL	39580	60618	40410	61987
yjeJ	348	458	351	466
yjeK	553	709	671	879
frdB	166	261	166	262
frdA	435	792	441	797
poxA	254	385	254	385
yjeP	507	788	575	868
psd	870	1215	874	1221
rsgA	1723	2278	1725	2285
yjeS	328	446	330	438
yjeF	386	532	413	561
amiB	662	1028	714	1096
mutL	907	1218	954	1293
miaA	5976	8575	5985	8590
hflX	5640	7959	5662	7978
hflK	5087	7357	5095	7364
hflC	4230	6131	4236	6143
purA	9025	13090	9093	13210
rnr	3468	5303	3533	5435
rlmB	397	661	425	706
yjfJ	13	16	14	17
yjfK	6	11	6	13
yjfC	19	32	23	42
aidB	162	230	177	262
yjfP	181	255	187	261
ulaR	359	479	369	488
ulaG	52	90	63	106
ulaA	15	15	20	20
ulaD	47	86	47	86
ulaE	40	73	51	84
ulaF	33	40	44	52
ytfB	832	1072	783	1017
fklB	611	711	613	715
cycA	1297	2101	1383	2226
ytfE	55	79	56	84
ytfF	39	70	42	72
ytfG	102	134	106	135
cpdB	825	1125	1021	1367
cysQ	674	1054	703	1101
ytfL	163	256	166	259
msrA	273	351	274	352
ytfM	818	1223	861	1295
ytfQ	84	97	113	142
ytfT	13	29	16	36
yjfF	35	45	41	55
fbp	830	1125	832	1130
mpl	1734	2512	1903	2772
pmbA	1271	1814	1357	1943
nrdD	215	337	247	376
treC	52	89	54	91
treB	52	91	56	98
treR	159	202	165	214
mgtA	5054	6582	5191	6762
pyrB	9658	13542	9665	13557
yjgI	40	38	40	39
argI	3166	4866	3997	6088
valS	8188	12502	8826	13520
pepA	3933	6164	4109	6436
yjgP	1327	1911	1340	1925
yjgQ	773	1173	817	1234
yjgB	115	183	135	203
yjhT	157	230	168	241
yjhA	26	45	26	45
fimB	676	861	676	861
fimC	359	466	366	472
fimH	119	162	135	176
gntP	56	89	56	90
uxuA	154	274	159	290
uxuB	182	300	186	310
uxuR	386	609	396	622
yjiE	217	283	217	287
iadA	595	866	629	910
yjiH	23	28	23	28
yjiK	82	109	67	81
hgdC	7	17	7	20
yjiM	36	41	40	43
yjiN	70	117	98	140
yjiY	70	68	70	71
tsr	14810	21353	16027	23175
mdoB	1447	1996	1527	2089
dnaC	204	307	207	309
yjjP	37	49	39	52
yjjQ	4	5	4	5
bglJ	196	251	196	252
rsmC	524	730	530	743
yjjG	176	297	189	326
prfC	2296	3291	2587	3758
osmY	1790	2458	1804	2477
yjjU	537	844	543	849
yjjW	20	50	27	62
yjjI	66	87	67	87
deoC	226	360	240	384
deoA	307	491	326	520
deoB	848	1289	1045	1561
deoD	1768	2490	2084	2904
ytjB	252	343	264	351
serB	843	1201	870	1260
radA	1025	1554	1140	1690
nadR	806	1110	1097	1553
slt	829	1264	868	1336
ytjC	557	844	575	863
rob	1025	1422	1125	1544
creB	451	660	569	837
creC	259	358	276	384
arcA	4067	5293	4094	5336
yjtD	227	272	240	290
