	IAI1_batch1	IAI1_batch2	IAI1_K12ref_batch1	IAI1_K12ref_batch2
thrA	18353	12023	17286	11327
thrB	5999	3822	5651	3624
thrC	10508	6982	9911	6572
yaaA	471	329	471	328
yaaJ	56	39	55	39
talB	4437	2099	4339	2030
htpY	20	14	19	13
dnaK	12813	8992	12521	8788
dnaJ	2247	1567	2305	1621
nhaA	722	584	696	568
nhaR	237	195	237	193
ribF	1870	1221	1816	1181
ileS	7749	5378	7253	5063
ispH	1065	728	901	610
rihC	87	49	74	41
dapB	4138	2461	3662	2173
carA	4552	3110	4367	2989
carB	10986	7394	9790	6566
caiD	38	28	33	25
caiB	29	27	26	27
caiA	63	77	63	77
caiT	11	4	11	4
fixA	14	10	13	9
fixB	12	10	12	10
fixC	18	10	17	10
yaaU	3	10	3	10
kefC	178	136	178	136
apaH	313	206	280	188
ksgA	727	455	704	448
surA	3526	2423	3487	2400
imp	4285	3011	4284	3008
djlA	320	195	308	189
rluA	140	94	135	89
hepA	669	469	668	468
polB	109	59	100	50
araD	3	7	3	6
araA	42	20	42	19
araC	377	280	366	274
yabI	180	165	168	141
thiQ	148	117	100	82
tbpA	638	373	458	285
setA	319	241	317	241
leuD	2902	1727	2889	1722
leuC	4807	2764	4483	2569
leuB	4326	2441	3825	2147
leuA	4087	2444	3785	2275
leuO	60	44	56	40
ilvI	4607	3074	4367	2900
fruR	1377	977	1319	938
mraW	1384	945	1365	932
ftsI	1107	803	1079	790
murE	1888	1208	1814	1158
murF	1392	953	1382	949
mraY	1063	734	1029	710
murD	1637	1142	1138	759
ftsW	1354	1051	1327	1031
murG	1078	726	1021	698
murC	1757	1199	1683	1137
ddlB	1198	863	1170	837
ftsQ	1193	905	1166	883
ftsA	2939	2166	2869	2121
ftsZ	6742	4875	6742	4875
lpxC	7305	5220	7299	5209
secA	5050	3546	4925	3442
yacF	334	249	311	233
coaE	371	222	369	222
guaC	1930	1171	1834	1122
hofC	43	39	39	36
hofB	35	31	34	31
nadC	190	122	190	122
ampE	294	216	294	216
aroP	5176	3644	5169	3630
pdhR	666	472	722	505
aceE	24203	17878	24921	18278
aceF	13275	9644	12699	9192
lpd	21510	15182	21236	14960
acnB	13397	7948	12930	7631
speD	2722	1998	2715	1990
speE	3324	2378	3324	2378
cueO	395	308	371	279
gcd	483	286	446	269
can	3720	2504	3710	2501
yadG	403	306	369	280
yadH	294	223	273	208
yadD	202	184	185	169
panC	1640	1135	1475	1018
yadL	21	20	11	12
ecpD	3	9	2	9
pcnB	2068	1417	2012	1366
yadB	221	162	221	162
sfsA	569	397	569	397
mrcB	1524	1019	1348	916
fhuA	8264	5069	8204	5040
fhuC	770	465	740	443
fhuD	423	291	372	263
hemL	3072	2222	2713	1972
clcA	506	353	494	343
yadS	165	140	154	134
btuF	228	177	226	177
pfs	1218	859	1218	859
dgt	476	298	476	297
degP	2492	2133	2259	1923
cdaR	211	122	194	109
dapD	11706	7523	11160	7130
glnD	571	342	502	313
map	1552	1034	1429	936
rpsB	32406	24349	32373	24329
tsf	20441	15345	20424	15332
pyrH	2583	2044	2499	1977
dxr	675	451	673	451
ispU	2338	1714	2337	1712
cdsA	1124	759	1359	959
yaeL	3532	2657	3527	2652
yaeT	10457	7571	10431	7538
lpxD	4944	3536	4944	3533
lpxA	3099	2327	3099	2327
lpxB	1306	909	1278	885
dnaE	2631	1795	2568	1754
accA	3811	2583	3585	2437
ldcC	190	115	179	115
nlpE	249	156	213	136
proS	4696	3265	4683	3264
yaeB	105	73	105	73
metQ	9968	7020	8672	6158
metI	2125	1584	2029	1490
metN	2781	2152	2717	2120
dkgB	168	161	168	161
yafC	217	156	217	156
yafD	612	471	593	456
mltD	8918	6809	8646	6591
gloB	255	213	241	204
yafS	235	159	229	156
dnaQ	530	422	454	360
yafT	9	9	9	9
yafV	149	103	135	96
fadE	198	154	183	144
yafJ	395	297	374	282
yafK	799	614	763	592
dinB	103	68	100	67
pepD	2633	1786	2514	1707
frsA	347	235	328	225
phoE	57	49	51	43
proB	1388	869	1355	843
proA	1734	1202	1702	1174
yagR	11	4	11	4
yagS	4	0	4	0
yagT	4	2	4	2
yagU	414	337	414	337
yagV	159	109	151	101
yagW	468	359	458	350
yagX	1006	677	993	665
yagY	503	331	502	331
insF	32	25	170	146
ykgC	40	29	40	29
ykgD	62	62	62	62
ykgE	92	67	91	66
ykgF	160	138	158	136
ykgG	131	95	112	77
betA	353	244	314	198
betT	336	268	317	256
yahB	85	58	77	58
yahD	26	15	26	15
yahG	3	7	3	6
yahI	15	13	15	8
yahJ	68	42	52	37
yahK	108	92	107	92
yahN	12	13	12	13
prpR	22	14	22	14
prpB	3	1	3	1
prpC	9	6	9	5
prpD	14	7	14	7
prpE	30	16	27	14
codB	798	600	741	558
codA	1021	792	1007	774
cynT	14	5	14	5
cynX	12	6	12	6
lacY	14	12	12	12
lacI	264	173	257	167
mhpR	100	72	95	65
mhpB	3	4	3	4
mhpC	12	15	12	14
mhpD	12	7	10	7
mhpF	25	9	25	9
mhpE	28	19	28	19
mhpT	32	21	28	18
frmA	376	251	353	231
yaiO	16	13	15	13
yaiP	19	8	20	8
tauA	58	47	57	46
tauB	38	16	38	16
tauD	36	23	33	22
hemB	1068	828	1004	787
yaiV	10	8	10	8
ampH	233	134	227	126
sbmA	139	88	137	82
yaiW	273	183	259	171
ddlA	1133	862	1070	818
phoA	140	90	136	87
yaiC	14	13	14	13
proC	272	143	272	143
aroM	144	120	138	119
rdgC	1382	932	1265	859
mak	200	144	191	132
araJ	112	96	96	79
sbcD	225	168	218	163
phoB	148	119	148	118
phoR	134	92	129	91
brnQ	358	289	354	286
proY	350	286	332	279
malZ	296	208	286	198
queA	304	184	291	170
tgt	2566	1841	2565	1840
secD	7142	5128	6771	4789
secF	4078	2730	3922	2630
tsx	2930	2218	2907	2192
ribD	642	395	613	370
thiL	307	244	283	225
yajO	199	155	175	134
dxs	896	680	838	647
ispA	560	335	522	313
thiI	863	638	790	576
panE	264	199	240	175
yajR	293	207	280	196
cyoE	5930	4337	5672	4170
cyoC	4300	2849	4221	2795
cyoB	17776	13265	17541	13080
cyoA	11468	8536	11025	8231
ampG	279	145	269	139
tig	23876	16964	23817	16921
clpP	1845	1336	1839	1334
clpX	5310	3766	4995	3552
lon	7562	5168	7661	5234
ppiD	6413	4667	6218	4516
queC	477	371	438	343
ybaE	70	48	67	46
cof	141	62	147	69
mdlA	217	115	215	113
mdlB	166	103	162	103
amtB	131	120	121	104
tesB	147	123	145	120
ylaB	138	108	137	108
acrB	8391	5750	8119	5595
acrA	4291	3151	4290	3150
acrR	368	276	368	276
kefA	1331	1065	1233	990
dnaX	1146	754	1110	734
recR	802	574	740	542
htpG	3901	2838	3826	2792
adk	4242	3369	4220	3346
hemH	256	177	252	174
aes	70	46	68	46
gsk	921	663	883	628
ybaL	795	525	732	482
fsr	112	88	110	85
ushA	993	695	1093	775
ybaP	188	122	174	110
copA	624	448	559	398
ybaS	166	161	146	147
ybaT	132	108	132	108
ybbK	256	225	247	220
ybbL	191	138	177	133
ybbM	197	141	196	141
ybbN	999	597	965	573
ybbO	214	117	199	113
tesA	212	114	212	114
ybbA	126	80	125	79
ybbP	282	179	262	168
ybbB	91	53	85	50
ybbS	14	9	13	8
allR	1110	752	1100	741
gcl	36	16	26	15
hyi	12	6	12	5
glxR	12	18	12	18
ybbW	6	6	6	6
allB	46	38	39	34
ybbY	22	9	20	8
glxK	57	57	54	57
ylbA	118	86	115	82
allC	49	38	44	36
allD	16	17	16	16
ylbE	11	13	11	13
ylbF	10	6	10	6
ybcF	39	18	29	15
purK	1930	1281	1585	1045
lpxH	340	296	308	269
cysS	1580	1169	1562	1157
folD	781	534	746	500
sfmC	10	8	8	8
sfmH	5	12	5	12
fimZ	1	1	1	1
envY	47	32	48	34
ybcH	29	15	28	12
nfrB	61	38	57	31
cusR	94	75	81	68
cusC	7	6	173	116
cusB	11	4	11	4
cusA	42	28	41	28
pheP	854	699	809	683
ybdG	643	537	637	535
nfnB	968	658	948	649
ybdK	18	8	17	6
fepA	8388	2866	6995	2363
fepC	266	102	223	86
fepG	158	55	140	43
fepD	100	51	97	48
ybdA	381	147	378	146
fepB	365	141	329	115
entC	1002	296	932	269
entE	1613	476	1553	463
entB	1693	505	1686	500
entA	1201	373	1101	344
cstA	3522	2438	3084	2179
ybdH	593	434	467	355
ybdL	203	141	195	140
ibrB	37	29	36	29
ibrA	19	10	18	10
ybdO	7	12	7	12
dsbG	272	166	272	166
ahpF	2862	2053	2809	2007
ybdR	40	26	40	26
rna	189	130	184	128
citT	19	13	19	13
citG	6	5	6	5
citF	3	1	2	1
citE	4	5	4	5
citC	9	7	8	7
citA	156	92	151	90
citB	52	47	46	41
dcuC	17	15	14	15
lipA	945	701	945	701
ybeF	47	48	47	48
lipB	241	138	236	136
dacA	1361	946	1353	941
rlpA	1170	750	1069	700
mrdB	510	351	493	344
mrdA	739	547	712	531
phpB	75	49	75	49
nadD	171	121	171	121
holA	585	399	578	397
leuS	7709	5412	7621	5355
ybeQ	64	48	63	48
ybeU	7	11	7	11
hscC	62	43	58	41
rihA	499	361	456	329
gltL	680	508	579	427
gltK	446	315	392	283
gltJ	515	372	481	330
gltI	4413	3067	4385	3082
ybeX	1711	1158	1708	1150
ybeZ	1309	915	1266	896
miaB	1355	966	1281	907
asnB	2387	1490	1954	1226
nagD	497	294	399	247
nagC	550	374	542	368
nagA	990	709	986	708
nagB	554	404	482	347
nagE	1345	981	1282	938
glnS	3616	2528	3171	2260
ybfM	28	22	27	21
ybfF	289	181	275	176
pgm	4898	3386	4432	3054
potE	78	60	71	56
kdpE	60	37	55	31
kdpD	161	91	143	78
kdpB	33	20	26	20
ybgH	403	307	372	290
ybgI	1190	885	1142	861
ybgJ	825	528	818	525
ybgK	966	730	843	628
nei	245	192	230	180
abrB	58	37	48	30
gltA	9599	6088	9166	5805
sdhA	9641	6753	8711	6136
sdhB	3931	2942	3891	2904
sucA	18838	12552	18460	12302
sucB	12045	7925	11986	7892
sucC	13132	8836	13071	8790
sucD	10225	6606	9556	6216
mngR	109	82	110	83
mngA	15	2	15	2
cydA	4231	3587	4229	3584
cydB	2581	2160	2408	2020
tolQ	1298	927	1241	882
tolA	2152	1428	2152	1428
tolB	8869	6433	8861	6431
ybgF	3869	2686	3860	2677
nadA	1475	863	1427	835
pnuC	782	488	782	488
zitB	211	130	211	130
aroG	8700	6027	8400	5850
gpmA	8103	5576	7750	5339
galM	3012	2282	2691	2039
galK	684	559	632	525
galT	349	213	322	201
galE	379	242	365	235
modF	1791	1253	1736	1208
modE	286	182	284	179
modA	270	202	202	131
modB	148	107	147	106
modC	262	178	232	163
ybhA	298	226	291	220
pgl	644	450	622	417
ybhD	26	9	19	7
ybhH	4	1	4	1
ybhI	1169	845	372	247
ybhJ	67	67	63	67
ybhC	2704	2226	2565	2110
bioB	1635	1034	1581	1002
bioC	458	278	376	224
bioD	455	308	423	288
uvrB	742	529	706	508
ybhK	377	237	377	237
moaA	963	588	955	583
ybhL	493	294	493	294
ybhN	8	4	7	4
ybhO	13	8	12	8
ybhP	14	13	14	13
ybhR	46	37	45	35
ybhS	74	60	74	60
ybhF	252	185	220	163
ybhG	160	100	150	99
ybiH	58	40	51	35
rhlE	188	111	163	90
dinG	205	136	184	125
ybiB	313	226	309	224
ybiC	2642	1885	2618	1866
ybiX	50	41	50	40
fiu	378	123	361	115
ybiN	282	201	259	183
ybiO	53	27	46	23
glnQ	785	571	764	561
glnP	540	440	537	439
glnH	2287	1675	2283	1674
rhtA	66	46	66	46
ybiR	264	192	259	191
ybiS	1606	1102	1529	1056
ybiT	2162	1539	2089	1489
ybiU	108	79	106	79
ybiV	283	220	280	217
ybiW	65	39	55	36
ybiY	11	5	10	5
fsaA	49	32	45	29
moeB	274	194	220	166
moeA	446	291	418	269
iaaA	1526	1027	1492	998
yliA	1244	848	1235	841
yliB	1149	822	1073	772
yliC	414	262	408	253
yliD	330	234	311	224
yliE	417	421	399	404
yliF	167	181	166	179
yliG	656	412	656	412
yliI	23	25	23	25
yliJ	877	643	873	639
dacC	928	730	909	714
deoR	472	363	469	362
cmr	224	173	218	171
ybjI	225	137	212	128
ybjJ	107	77	107	77
ybjL	422	264	416	261
nfsA	429	263	429	263
rimK	370	247	359	241
potF	1473	1053	1354	956
potG	608	439	429	312
potH	313	208	299	193
potI	273	177	244	160
rumB	279	190	214	151
artJ	3931	2815	3273	2368
artM	730	544	713	522
artQ	656	525	656	525
artI	1543	1202	1518	1188
artP	937	636	937	636
ybjR	231	162	223	162
ybjS	263	149	263	149
ybjT	561	344	530	328
ltaE	893	540	755	460
poxB	47	23	39	19
hcr	27	8	27	8
hcp	15	16	15	16
ybjE	155	76	155	76
aqpZ	100	54	93	50
ybjD	448	325	423	312
ybjX	2316	1691	2315	1690
macA	351	228	346	228
macB	377	248	354	223
clpA	6294	4321	6206	4233
aat	116	54	116	54
cydC	484	311	456	296
cydD	566	374	557	369
trxB	5468	3746	5194	3549
lolA	723	542	720	541
ycaJ	507	405	483	388
serS	5551	4025	5157	3729
dmsA	80	92	79	89
dmsB	26	33	25	30
dmsC	71	68	61	63
ycaC	40	25	39	26
ycaD	239	200	228	194
ycaM	22	11	21	11
ycaN	91	70	91	70
pflA	300	214	300	213
pflB	11469	10594	11410	10527
focA	966	945	876	847
ycaO	1743	1174	1695	1143
ycaP	333	237	325	236
serC	12366	8189	11962	7924
aroA	5723	3980	5666	3943
ycaL	77	53	74	46
cmk	2884	2112	2863	2099
rpsA	85900	63854	85724	63740
msbA	1873	1250	1806	1208
lpxK	431	272	431	271
kdsB	1218	849	1181	808
ycbJ	80	66	80	66
smtA	549	426	531	410
mukF	1113	789	1081	761
mukE	664	531	645	527
mukB	4496	3148	4217	2977
ycbB	559	360	558	360
ycbL	1247	895	1243	890
aspC	6452	3976	6337	3907
ompF	25326	18016	25321	18006
asnS	4933	3386	4808	3285
pncB	1338	812	1289	788
pepN	2360	1523	2060	1333
ssuC	13	8	13	8
ssuA	15	16	12	16
ycbR	19	8	19	8
ycbT	64	36	55	28
ycbF	30	24	28	22
pyrD	811	523	811	523
ycbX	475	252	472	252
ycbY	1224	883	1188	854
uup	1396	970	1388	968
pqiA	317	229	317	229
pqiB	714	567	691	550
ycbZ	1034	748	1030	743
yccR	144	105	144	105
yccS	411	326	410	322
helD	820	608	820	607
yccT	12	6	12	6
yccW	587	424	671	492
yccA	2525	1723	2452	1661
hyaA	7	2	7	2
hyaB	9	4	9	4
hyaC	6	8	6	8
hyaF	12	8	12	8
appC	78	72	80	72
appB	33	24	30	22
appA	62	43	62	43
yccC	7462	5813	7458	5812
yccZ	3544	2552	3544	2552
ymcA	2988	2143	2794	1997
ymcB	705	472	702	467
ymcC	1470	1103	1448	1081
yccM	56	30	55	30
torR	102	71	95	68
torC	15	13	15	10
torA	31	30	31	28
cbpA	264	227	260	225
agp	269	212	264	204
rutG	34	14	33	14
rutD	4	4	4	4
rutB	0	2	0	2
rutA	2	4	2	4
rutR	123	87	117	84
putP	2727	1796	2496	1633
efeO	3026	1636	2960	1596
efeB	1599	904	1547	878
phoH	361	243	361	243
ycdW	788	523	788	522
ycdX	937	667	936	661
csgG	47	39	38	32
csgD	25	22	25	21
ymdC	101	77	101	77
mdoC	72	54	68	51
mdoG	2007	1350	1913	1289
mdoH	1694	1138	1685	1133
mdtG	20	11	20	11
lpxL	114	71	113	71
yceA	1678	1103	1585	1027
solA	1233	739	1153	706
pyrC	648	344	643	362
grxB	316	171	315	171
mdtH	41	23	39	23
yceH	460	323	448	314
mviM	542	387	523	378
mviN	265	196	264	194
flgA	21	11	21	11
flgD	11	4	11	4
flgF	6	4	7	3
flgG	11	5	11	5
flgH	3	5	3	5
flgI	9	7	8	7
flgJ	8	4	8	4
flgK	43	33	40	30
flgL	40	30	38	25
rluC	1035	820	1035	820
plsX	2944	2198	2942	2198
fabH	4207	3027	4185	3016
fabD	4953	3258	4922	3242
fabG	7863	5253	7860	5249
fabF	8161	5678	7722	5349
pabC	331	254	328	254
yceG	328	245	301	223
tmk	299	188	295	183
holB	319	192	307	176
ycfH	443	300	442	299
ptsG	12883	9249	12878	9247
fhuE	325	127	318	127
ycfM	823	574	808	560
ycfN	411	256	409	255
nagZ	921	643	894	631
ndh	959	651	945	636
ycfQ	116	69	116	69
ycfS	155	113	154	112
mfd	1646	996	1565	938
lolC	485	268	485	268
lolD	395	232	350	208
lolE	803	597	796	591
ycfX	584	414	625	430
cobB	760	526	597	397
potD	4785	3519	3868	2894
potC	573	402	571	399
potB	373	243	368	235
potA	728	420	720	415
pepT	363	307	351	294
ycfD	1081	780	1053	749
phoQ	1704	1327	1699	1315
phoP	1371	1090	1304	1008
purB	1521	848	1428	783
hflD	274	138	274	138
trmU	1009	674	1009	674
ymfC	100	71	90	68
icd	39514	27458	36582	25320
ycgE	497	328	493	325
ycgF	192	119	192	119
ycgG	13	10	13	10
minD	3298	2523	3295	2523
minC	1154	745	1131	719
ycgM	975	677	894	617
umuC	68	51	67	51
nhaB	360	226	360	225
fadR	497	360	495	359
ycgB	31	29	32	28
dadA	244	163	219	143
dadX	133	93	127	89
cvrA	360	275	311	244
emtA	553	409	538	395
ycgR	92	54	92	54
treA	30	24	30	24
dhaH	1048	733	1040	728
dhaL	474	322	471	318
dhaK	871	562	857	555
dhaR	268	161	260	158
ychF	3004	2322	3001	2319
ychM	215	138	211	138
prsA	3780	2211	3779	2211
ispE	1008	568	1007	567
lolB	440	291	440	291
hemA	824	636	794	605
prfA	717	594	692	568
prmC	289	206	289	206
ychA	654	533	653	532
kdsA	2216	1715	2214	1712
chaA	1646	1167	1569	1131
chaC	320	249	277	206
ychP	146	106	156	118
narL	355	232	354	230
narX	272	185	275	187
narK	14	11	14	11
narG	63	48	63	48
narH	56	33	52	31
narJ	16	17	12	15
narI	20	13	20	13
purU	2111	1607	2045	1560
rssA	321	243	299	229
rssB	232	172	223	169
galU	2097	1583	2092	1581
tdk	514	415	514	415
adhE	8423	5824	8410	5815
ychE	75	61	73	58
oppA	1658	1115	1651	1111
oppB	321	223	319	220
oppC	422	311	422	310
oppD	559	383	506	352
oppF	610	393	562	358
cls	952	665	900	629
kch	342	245	326	241
tonB	731	377	713	372
yciC	574	443	561	435
ompW	525	927	504	890
trpA	2496	1633	2457	1585
trpB	4600	2742	4535	2709
trpD	2482	1274	2242	1170
trpE	1305	743	1114	636
yciV	418	317	418	317
yciO	356	234	318	209
rluB	1206	860	1009	715
yciK	626	439	600	427
sohB	1637	1123	1602	1097
topA	5958	4136	5948	4131
cysB	568	434	530	411
acnA	1476	1105	1380	1040
pgpB	225	154	225	154
yciM	814	612	805	605
pyrF	1329	959	1324	957
deoT	314	201	275	179
gmr	644	481	641	480
rnb	5397	3536	5296	3470
fabI	6623	4837	6530	4758
sapF	188	133	185	131
sapD	301	196	301	196
sapC	107	71	103	71
sapB	122	93	117	88
sapA	276	186	276	186
puuP	47	31	46	31
puuA	134	66	124	59
puuD	180	108	179	108
puuB	14	6	13	6
puuE	20	12	19	11
pspF	137	82	138	82
pspA	524	425	509	415
ycjM	9	7	9	7
ycjN	2	4	2	4
ycjO	3	4	2	3
ycjP	3	3	3	3
ycjQ	13	13	12	10
ycjR	8	8	7	7
ycjS	18	10	17	9
ycjU	2	1	2	0
ompG	6	11	5	11
ycjW	161	100	125	76
ycjX	243	160	173	109
ycjF	245	151	226	142
tyrR	957	723	949	720
ycjG	172	119	163	111
mpaA	111	68	108	64
ycjZ	159	123	154	121
mppA	959	777	951	768
ynaI	220	171	218	165
uspE	1375	1043	1369	1041
fnr	2207	1453	2207	1453
abgT	17	10	17	10
abgB	19	11	21	12
abgA	28	20	28	20
abgR	91	67	89	63
ydaM	55	45	54	45
ydaN	391	264	391	263
dbpA	155	107	149	105
ydaO	866	688	839	664
ompN	77	51	95	78
ldhA	607	424	579	402
feaR	155	108	154	108
feaB	131	95	131	91
maoC	37	30	36	30
paaA	26	14	26	14
paaC	26	21	24	21
paaJ	29	19	28	15
paaF	17	16	13	15
paaG	27	11	26	9
paaH	50	38	48	37
paaE	87	64	83	62
paaK	81	58	74	55
paaX	205	137	176	118
ydbC	66	47	57	43
azoR	340	261	324	244
hrpA	1394	931	1245	845
ydcF	144	101	139	99
aldA	580	374	572	373
trg	68	63	67	61
ydcI	491	332	487	330
ydcJ	56	27	56	27
mdoD	1437	994	1486	1021
ydcK	41	28	41	27
tehA	100	60	98	59
ydcL	417	283	415	277
ydcO	75	41	73	40
ydcP	1475	1097	1426	1069
ydcR	269	169	265	167
ydcS	28	20	28	20
ydcT	9	15	9	15
ydcU	13	9	13	9
ydcV	19	12	20	12
ydcW	97	71	93	70
yncB	137	113	141	116
yncC	62	51	62	51
yncD	337	211	336	211
yncE	8137	3875	7868	3750
ansP	444	325	439	323
yncG	7	9	7	8
nhoA	90	71	83	70
narV	36	13	35	12
narW	11	7	11	7
narY	25	27	25	23
narZ	55	38	55	38
narU	9	10	9	10
yddG	149	115	142	114
fdnG	112	82	118	90
fdnH	29	30	30	30
fdnI	47	39	46	36
adhP	85	40	77	37
sfcA	1784	1315	1661	1241
ddpD	24	7	23	7
ddpC	19	11	15	11
ddpB	9	4	9	4
ddpA	16	14	16	14
dos	286	206	269	197
yddV	355	230	333	217
yddW	255	195	251	190
gadC	76	59	71	59
gadB	162	115	162	115
ydeM	21	11	21	11
ydeN	120	68	120	67
ydeO	8	5	7	5
ydeP	211	168	188	151
ydeQ	70	70	67	67
lsrK	79	57	75	52
lsrR	130	110	123	108
lsrC	17	13	17	13
lsrD	12	11	12	11
lsrB	28	30	27	30
lsrF	70	39	63	36
tam	35	28	33	27
yneE	66	49	64	48
uxaB	164	108	157	107
yneF	215	177	150	122
yneH	283	207	280	206
yneI	147	138	131	126
ydeA	128	107	126	101
marC	108	85	103	85
eamA	422	264	404	245
ydeE	66	48	65	47
ydeH	230	194	230	194
dcp	2048	1488	1972	1434
ydfG	1567	1097	1539	1078
ydfH	357	285	350	283
ydfT	32	33	32	33
ydfU	6	3	6	3
rspB	105	77	95	71
rspA	243	159	151	110
ynfC	235	166	235	166
ynfF	50	46	50	45
ynfG	19	12	18	12
ynfH	127	81	127	81
dmsD	185	137	185	137
clcB	39	30	39	30
ynfK	132	121	132	121
dgsA	996	689	997	680
ynfL	61	37	57	35
ynfM	176	96	161	89
ydgD	175	125	150	111
ydgG	138	120	133	114
pntB	26422	18184	25656	17677
pntA	35926	23832	34653	22980
ydgH	3349	2354	3344	2352
ydgI	152	113	141	105
folM	207	148	206	147
rstA	661	499	660	499
rstB	738	532	728	527
tus	117	62	117	62
fumC	814	421	741	382
fumA	3208	2383	3077	2267
manA	657	491	610	456
ydgA	2375	1778	2212	1663
uidC	13	12	13	12
uidB	7	8	7	6
uidA	21	18	21	17
hdhA	675	540	645	506
malI	81	64	78	62
malX	112	108	112	106
malY	393	300	354	268
add	183	114	183	114
ydgJ	1395	938	1395	937
rsxD	272	153	268	148
rsxG	214	105	212	105
rsxE	135	91	133	91
nth	151	79	151	79
ydgR	210	123	197	119
gst	644	441	641	439
pdxY	490	327	489	326
tyrS	6087	4221	6073	4207
pdxH	663	472	629	442
anmK	378	257	341	236
ydhJ	39	29	34	26
ydhF	233	161	233	161
nemA	222	142	219	139
rnt	138	77	138	77
ydhO	282	190	281	190
ydhP	361	256	361	256
purR	2158	1563	2082	1505
ydhB	118	85	117	84
ydhC	66	51	64	49
cfa	585	305	551	296
ribC	887	639	847	610
mdtK	152	102	150	102
ydhQ	587	415	543	394
ydhS	19	17	18	16
ydhT	17	17	17	17
ydhU	42	32	41	32
ydhX	25	16	25	16
ydhV	26	16	24	16
ydhY	4	2	4	2
pykF	5250	3691	5240	3684
ynhG	252	200	247	198
sufS	805	297	669	241
sufC	603	219	578	211
sufB	1221	457	1177	438
ydiK	464	299	463	298
ydiM	5	6	5	6
ydiN	3	5	2	3
ydiB	53	34	53	34
aroD	382	221	352	202
ydiF	25	9	22	8
ydiO	27	14	27	14
ydiP	75	47	75	47
ydiQ	7	9	7	9
ydiR	13	17	13	17
ydiS	18	11	17	9
ydiD	32	36	32	36
pps	7622	5474	7334	5205
ydiA	179	108	180	107
aroH	476	300	452	283
ydiV	253	197	225	179
btuD	246	164	244	162
btuC	262	184	253	173
pheT	15295	10576	14529	10081
pheS	5466	3745	5288	3630
thrS	19354	14094	17661	12958
ydiY	91	58	90	58
pfkB	241	90	233	89
yniA	145	108	144	107
yniC	338	240	318	221
ydjN	7611	5672	7442	5524
katE	82	54	67	49
chbF	107	77	105	76
chbR	80	80	80	80
chbC	36	40	36	40
nadE	1778	1244	1703	1205
ydjQ	92	51	88	48
astE	6	12	6	12
astB	12	9	12	9
astA	12	6	12	6
astC	11	11	11	11
xthA	645	427	643	427
ydjX	45	29	41	29
ydjZ	37	26	36	25
ynjE	343	270	306	247
ynjF	57	45	57	45
gdhA	12043	7309	10722	6485
topB	1081	740	990	670
selD	1449	961	1137	777
sppA	1164	819	1160	832
ansA	391	257	383	252
pncA	466	292	428	273
ydjE	35	25	35	25
ydjF	241	227	241	227
ydjG	89	66	89	66
ydjH	43	28	43	28
ydjI	53	36	53	36
ydjJ	43	41	43	41
ydjK	27	24	26	22
ydjL	32	35	31	35
gapA	42272	29884	42177	29814
yeaD	595	325	571	313
yeaE	257	165	236	153
mipA	4362	3193	4343	3184
yeaG	284	188	279	183
yeaH	45	32	45	30
yeaI	2	3	2	3
yeaJ	155	113	151	110
yeaM	70	37	67	34
yeaN	50	40	48	37
yeaP	940	695	918	680
yeaS	26	25	25	24
yeaT	70	62	69	62
yeaU	67	44	61	42
yeaV	21	15	20	13
yeaW	56	34	54	34
yeaX	55	33	54	33
rnd	235	156	235	155
fadD	429	319	399	302
yeaZ	581	395	504	339
yoaA	515	332	476	309
sdaA	151	112	151	111
adrB	31	41	31	41
yoaE	335	233	335	233
manX	5828	3975	5824	3973
manY	4750	3406	4784	3427
rrmA	228	185	210	177
kdgR	1301	1050	1295	1048
yebQ	16	19	14	18
htpX	4203	3013	4184	2995
prc	5880	4217	5662	4041
yebS	180	115	170	110
yebT	466	341	433	319
yebU	340	239	324	229
pphA	37	26	37	25
yebZ	864	636	862	634
yobB	124	69	124	69
exoX	210	131	210	131
ptrB	208	111	206	109
yebE	238	150	235	149
purT	1577	1101	1529	1065
eda	1079	752	1077	747
edd	684	421	679	420
zwf	4412	2853	4325	2793
yebK	368	234	366	231
pykA	1852	1175	1843	1171
lpxM	616	421	605	413
yebA	3632	2652	3605	2637
znuA	19263	13534	18914	13275
znuC	892	656	839	623
znuB	767	571	736	552
ruvB	576	377	516	341
ruvA	367	223	364	222
yebB	24	14	23	13
yebC	3200	2356	3074	2270
aspS	5329	3743	5006	3531
yecE	61	35	61	34
yecO	293	185	279	176
yecP	467	364	335	248
torY	4	6	4	6
cutC	641	459	641	459
argS	2985	2213	2877	2127
flhA	125	95	125	95
flhB	6	5	6	5
cheZ	31	34	31	34
cheB	12	11	12	11
cheR	10	9	10	9
tap	16	7	16	7
tar	15	7	15	7
cheA	56	36	53	35
motB	19	12	17	12
motA	16	8	16	8
otsA	111	85	111	85
otsB	24	20	24	20
araH	29	22	28	21
araG	54	31	52	28
araF	34	19	34	19
tyrP	331	264	331	264
yecA	795	606	795	606
uvrC	968	704	968	704
uvrY	1302	1077	1302	1077
sdiA	260	180	234	155
yecC	381	264	359	246
yecS	283	182	260	167
yedO	771	435	738	417
fliY	6432	4397	5941	4083
fliA	3	3	3	3
fliD	22	12	22	12
amyA	132	85	124	79
yedE	1487	1062	1427	1007
fliF	9	3	9	3
fliG	13	8	12	8
fliH	6	3	5	3
fliI	7	3	7	2
fliM	13	5	11	4
fliP	6	4	5	4
fliR	14	10	13	8
rcsA	63	38	63	37
yedP	19	23	17	18
yedQ	177	101	154	90
yedI	312	230	299	224
yedA	24	14	21	12
dcm	818	520	801	500
yedJ	213	128	193	121
hchA	158	124	135	108
yedW	435	357	429	353
yedZ	65	43	60	41
yodA	17212	16450	17156	16396
yeeI	583	414	582	414
shiA	897	519	845	490
amn	411	240	403	235
yeeN	1937	1594	1935	1592
yeeO	96	94	87	83
cbl	1621	1199	1563	1156
nac	31	16	28	14
erfK	353	243	344	240
cobS	231	165	217	160
yeeA	90	48	83	47
dacD	54	50	51	47
yeeE	944	659	933	653
yeeF	4880	3739	4379	3331
yeeY	137	89	135	90
yeeZ	745	458	737	455
hisG	2065	1238	1775	1069
hisD	1898	1023	1372	743
hisC	1694	957	1469	835
hisB	2688	1460	2144	1176
hisA	2081	1266	2081	1266
hisF	2135	1326	1814	1145
ugd	437	313	351	264
gnd	8306	6421	5748	4384
galF	3653	2728	1798	1322
wcaL	24	17	12	12
wcaK	15	8	14	7
wzxC	7	4	5	4
wcaJ	9	1	8	1
cpsG	2178	1433	5	6
cpsB	1332	926	20	8
fcl	17	9	11	7
gmd	17	9	17	9
wcaE	3	3	3	3
wcaD	6	3	4	3
wcaC	15	10	11	10
wcaA	6	2	6	2
wzc	22	16	20	15
wza	8	4	8	3
yegH	500	399	481	384
asmA	1142	758	1095	740
udk	424	321	424	319
yegL	10	4	9	4
mdtA	36	34	35	33
mdtB	111	82	104	73
mdtC	82	78	74	72
baeS	69	55	64	49
baeR	146	95	140	90
yegQ	621	445	621	445
yegS	23	24	17	19
gatD	19	13	19	12
gatZ	3	10	3	10
gatY	5	5	5	5
fbaB	405	306	396	298
yegT	59	35	59	35
yegU	63	53	60	51
yegV	62	33	62	32
yegW	128	82	128	82
yegX	142	85	138	83
thiD	1423	844	1377	815
thiM	1568	986	1504	943
rncA	46	39	44	37
yehA	12	8	12	8
yehC	0	1	0	1
mrp	2349	1812	1955	1515
metG	3024	1825	2640	1590
yehL	23	15	13	9
yehP	24	28	19	27
yehT	262	201	262	201
yehU	490	347	477	329
mlrA	38	19	37	19
yehW	17	15	19	16
yehX	26	19	22	19
yehY	18	5	15	4
yehZ	26	17	26	17
bglX	1898	1294	1849	1270
dld	1770	1129	1714	1089
pbpG	453	315	452	314
yohF	33	15	26	9
dusC	392	239	361	221
yohK	35	18	35	18
cdd	69	49	67	48
sanA	160	87	160	87
yeiT	38	37	37	37
yeiA	70	67	69	64
mglC	337	263	335	261
mglA	561	465	522	448
mglB	1455	1112	1407	1065
galS	100	78	97	73
yeiB	348	188	349	188
folE	2469	1301	2458	1290
frmC	383	182	431	211
cirA	8202	2689	7540	2480
lysP	5929	3858	5920	3847
yeiE	182	109	180	108
yeiH	200	107	199	106
nfo	304	206	298	193
yeiJ	59	35	40	15
rihB	13	4	12	4
yeiL	19	18	18	16
yeiC	4	1	4	1
fruA	859	604	783	561
fruK	476	286	473	286
fruB	473	293	479	294
setB	36	21	25	14
yeiQ	229	135	216	132
yeiR	237	208	236	207
yeiU	386	323	385	319
rtn	310	189	299	185
yejB	89	69	79	60
yejE	123	105	121	104
yejF	314	199	313	198
bcr	298	189	276	176
rsuA	449	301	393	277
yejH	63	39	55	33
yejK	1479	1099	1365	1019
yejM	780	509	773	495
narP	241	196	247	208
ccmH	174	179	143	141
ccmF	283	293	245	248
ccmC	93	99	93	98
ccmB	68	57	63	55
ccmA	66	80	63	72
napC	95	121	95	121
napH	43	59	41	56
napG	44	64	44	64
napA	305	404	280	380
mqo	1095	694	1048	655
yojI	953	624	866	568
alkB	23	20	21	18
ada	69	44	64	41
yojL	49	38	39	25
rcsB	1923	1343	1912	1339
rcsC	915	671	971	730
yfaP	13	3	10	3
yfaQ	29	22	29	22
yfaT	1	2	1	3
gyrA	8946	6396	8781	6270
ubiG	443	277	410	253
nrdA	2307	1368	2050	1206
nrdB	1607	1123	1425	990
inaA	301	187	301	187
glpQ	331	247	308	229
glpT	100	59	96	59
glpA	20	13	20	13
glpB	14	10	11	8
glpC	23	14	22	14
yfaY	333	223	321	218
ais	146	85	131	76
yfbE	547	374	503	347
yfbF	144	76	141	76
yfbG	360	251	353	245
yfbH	123	84	122	84
arnT	146	103	142	102
menE	341	266	309	245
menC	437	291	343	224
menB	780	557	702	504
yfbB	160	142	152	139
menD	252	199	248	196
menF	325	237	321	236
elaC	145	91	144	90
nuoN	2334	1580	2075	1422
nuoM	2164	1484	2152	1471
nuoL	3941	2699	3876	2633
nuoH	2602	1883	2601	1883
nuoG	8739	6362	8445	6171
nuoF	3788	2804	3329	2505
nuoC	4672	3515	4365	3288
nuoB	2457	1674	2424	1647
lrhA	636	565	633	565
yfbQ	690	464	688	464
yfbS	205	139	203	139
yfbT	1907	1345	1854	1310
ackA	2302	1554	2375	1605
pta	3849	2537	3847	2537
yfcF	111	58	111	58
yfcG	13	11	13	11
yfcH	691	437	595	383
hisP	1338	909	1333	906
hisM	1094	758	1063	734
hisQ	2094	1634	2063	1618
hisJ	10536	7580	10501	7561
purF	4608	3337	4568	3312
dedD	569	370	567	367
folC	1061	762	1024	734
accD	5631	4128	5626	4125
truA	625	456	589	433
usg	1225	873	1089	788
pdxB	1379	1008	1281	929
flk	289	199	285	195
yfcJ	153	92	145	87
fabB	7074	4692	6940	4588
trmC	369	260	369	260
yfcA	380	290	341	263
mepA	537	354	529	347
aroC	1742	1084	1439	885
prmB	1284	842	1085	711
yfcY	85	51	78	48
fadL	1106	682	1046	650
vacJ	1243	984	1264	996
yfdC	23	31	21	30
dsdA	131	90	126	89
emrY	18	14	17	14
emrK	19	14	16	13
evgA	460	361	444	354
yfdE	25	23	25	23
yfdV	11	14	11	14
oxc	45	25	45	25
frc	60	31	60	31
yfdX	18	17	18	16
ddg	34	39	48	44
yfdZ	855	536	724	453
ypdA	140	99	139	96
ypdB	165	124	165	124
ypdC	54	40	46	34
ypdD	56	53	52	49
ypdE	13	3	11	2
ypdF	16	15	16	15
ypdG	17	9	16	9
glk	937	614	873	584
yfeO	70	50	67	49
mntH	451	302	417	281
nupC	2371	1823	2199	1695
yfeA	399	356	399	355
gltX	3307	2523	3266	2483
yfeR	91	66	90	66
yfeH	725	454	578	372
ligA	884	591	917	607
zipA	2879	1965	2868	1962
cysZ	168	150	167	148
cysK	20013	15004	19553	14683
ptsI	32290	22767	32245	22736
pdxK	687	492	644	467
cysM	2579	1704	2261	1491
cysA	2950	1875	2342	1483
cysW	1682	1064	1525	953
cysU	1347	915	1282	867
cysP	3181	2024	3181	2024
ucpA	816	517	790	499
yfeT	53	53	51	50
yfeU	108	54	87	45
murP	51	56	48	55
murQ	87	74	79	68
yfeX	924	687	923	687
amiA	461	302	439	291
hemF	195	127	167	106
yfeG	46	15	37	12
eutL	36	31	25	22
eutC	17	19	17	17
eutB	38	30	33	27
eutA	6	7	6	4
eutH	21	10	18	10
eutG	7	6	7	5
eutJ	5	2	5	2
eutE	10	5	9	5
eutI	9	10	9	10
eutT	11	7	11	7
eutQ	7	9	7	9
maeB	3700	2499	3365	2211
talA	150	106	142	101
tktB	174	116	174	115
ypfG	27	24	25	24
aegA	54	45	53	44
narQ	136	115	126	111
acrD	123	88	120	87
dapE	983	738	897	673
ypfH	178	158	178	158
ypfJ	669	494	655	479
purC	3831	2825	3451	2585
nlpB	4939	3500	4939	3500
dapA	5699	4011	5697	4005
hyfA	4	3	4	3
hyfC	3	6	3	6
hyfD	6	3	6	3
hyfE	6	2	6	2
hyfG	13	13	13	13
hyfI	6	6	6	5
perM	263	196	262	194
yfgC	855	606	847	599
hda	558	414	540	397
uraA	1187	918	1176	911
upp	3026	2098	2933	2026
purM	4147	2809	4119	2778
purN	1075	751	1071	745
ppk	847	600	807	567
ppx	713	474	694	462
yfgF	68	56	67	53
guaA	4792	3023	4729	2986
guaB	3819	2538	3463	2320
xseA	516	294	483	277
der	1867	1396	1845	1379
yfgL	4077	2966	4063	2948
yfgM	1867	1365	1867	1365
hisS	4259	2941	4329	2987
ispG	1636	1213	1658	1250
yfgA	1253	822	1179	784
yfgB	1216	841	1184	822
pbpC	131	80	128	78
sseA	591	336	591	335
sseB	571	349	561	345
pepB	1247	683	1203	663
hscA	2196	1199	2140	1168
iscS	6003	3204	5979	3189
yfhQ	574	341	509	321
suhB	1684	1323	1620	1288
yfhR	22	13	21	13
hcaT	136	77	130	73
hcaR	506	357	485	333
hcaE	21	13	21	13
hcaB	13	7	13	7
yphB	29	24	29	24
yphC	27	19	26	17
yphD	9	2	9	2
yphE	26	22	24	19
yphF	13	10	12	9
yphH	126	93	120	91
glyA	22427	15714	21403	14955
hmp	386	296	383	294
yfhA	424	326	374	284
yfhG	317	238	240	153
yfhK	395	241	377	229
yfhD	241	194	261	213
yfhB	212	187	221	194
yfhH	143	123	143	123
pdxJ	1201	850	1000	702
recO	474	341	466	337
era	1511	1018	1155	758
rnc	1018	691	1072	740
lepB	1660	1136	1527	1051
lepA	4341	3036	4270	2982
rseB	873	647	872	646
rseA	2194	1616	2192	1615
yfiC	192	135	176	126
srmB	506	280	481	268
yfiE	93	70	76	59
ung	340	274	303	249
yfiF	970	675	888	616
yfiP	70	62	66	61
yfiQ	405	335	384	320
pssA	2042	1401	2019	1382
kgtP	795	563	744	523
clpB	3454	2614	3350	2544
yfiH	328	257	302	237
rluD	671	483	601	438
yfiO	2593	1901	2583	1895
pheA	1982	1349	1854	1253
tyrA	4932	3013	4567	2814
aroF	5935	4057	5927	4049
yfiN	87	54	86	52
trmD	24226	17483	24215	17466
ffh	1920	1287	2035	1354
ypjD	361	225	343	219
yfjD	495	366	465	360
yfjB	226	168	226	167
recN	255	167	255	167
gabT	82	57	74	51
gabP	28	18	21	16
csiR	166	109	160	105
nrdF	164	68	163	68
proV	793	461	788	457
proW	295	161	282	154
proX	412	201	357	178
ygaZ	780	478	779	477
emrA	405	304	391	288
emrB	321	261	292	238
gshA	2460	1838	2393	1788
alaS	14322	9894	14021	9713
recA	3395	2377	3293	2304
mltB	184	103	183	103
srlE	15	4	14	4
srlD	82	57	82	57
srlR	201	116	188	110
gutQ	205	153	186	133
norV	13	3	9	3
norW	22	11	21	11
ascG	338	238	332	236
ascF	16	13	12	13
hycG	37	17	31	14
hycE	17	4	15	3
hycD	6	7	4	7
hycC	7	12	7	12
hycB	5	1	5	1
hypB	54	36	53	36
hypD	65	60	50	40
hypE	79	65	59	58
fhlA	74	52	67	45
mutS	692	471	625	410
ygbI	233	166	231	166
ygbJ	16	14	16	14
ygbK	39	27	36	25
ygbL	21	12	21	12
ygbM	31	25	31	25
ygbN	30	20	30	20
nlpD	11162	8193	11210	8168
pcm	670	415	668	413
surE	720	461	444	280
truD	1282	847	1281	845
ispD	624	423	588	401
cysC	2209	1373	2207	1372
cysN	8430	5542	7519	4981
cysD	4831	3141	4823	3139
iap	199	152	193	150
cysH	4612	3377	3872	2837
cysI	9685	6504	8689	5871
cysJ	6920	4520	6745	4410
ygcQ	37	24	37	24
ygcR	8	11	8	11
ygcS	9	6	9	6
ygcU	31	21	25	18
ygcW	13	9	13	8
yqcE	26	28	24	27
ygcF	498	411	497	409
eno	33637	26255	33565	26188
pyrG	6889	5208	6721	5094
mazG	609	520	574	491
relA	2610	1868	2336	1637
barA	532	443	524	432
gudD	112	77	104	74
gudX	48	45	42	38
gudP	11	16	10	16
truC	202	116	196	115
queF	693	493	682	483
ygdH	736	439	734	439
sdaC	412	283	410	278
sdaB	210	175	196	163
exo	148	112	147	112
fucO	96	69	96	69
fucA	19	13	19	13
fucP	10	13	9	13
fucI	74	35	72	34
fucK	92	63	92	63
fucR	354	241	354	241
ygdE	540	422	540	422
gcvA	274	182	262	175
csdA	309	202	260	180
ygdL	356	219	342	212
mltA	1331	959	1245	889
amiC	856	709	776	623
argA	7972	5541	7547	5238
recD	700	490	663	474
ptr	961	719	922	686
recC	732	485	705	468
thyA	1011	665	889	596
lgt	599	350	578	342
ptsP	1445	962	1444	959
mutH	150	108	149	108
ygdQ	111	68	106	64
tas	582	359	582	359
ygeD	283	185	283	185
aas	872	543	851	535
galR	257	175	255	175
lysA	1853	1221	1831	1210
lysR	92	49	86	49
ygeA	205	125	205	125
araE	349	284	325	263
kduD	60	50	60	48
kduI	45	37	42	35
yqeF	1173	817	1137	803
yqeG	70	58	68	53
yqeH	14	15	14	15
yqeI	33	30	33	30
ygeH	5	6	5	6
ygeR	460	290	427	269
xdhA	61	36	61	36
xdhB	17	14	17	14
ygeV	148	118	143	118
ygeW	12	4	11	4
ygeX	17	16	17	16
ygeY	9	9	8	9
hyuA	14	10	14	10
yqeA	32	31	30	31
yqeB	36	23	36	23
yqeC	5	3	5	3
ssnA	13	4	10	4
ygfM	13	8	13	8
xdhD	61	55	60	55
ygfO	27	20	27	19
guaD	127	121	126	120
ygfT	56	36	56	35
ygfU	3	8	3	7
lysS	5423	3784	5075	3525
prfB	4244	2911	4055	2807
recJ	1209	879	1144	839
dsbC	783	571	779	570
xerD	653	450	588	414
ygfZ	909	570	906	565
yqfA	116	90	111	86
bglA	1198	827	1096	769
ygfF	33	29	32	27
gcvP	2529	1899	2396	1802
gcvT	2242	1700	2228	1694
visC	525	365	490	347
serA	22724	15304	22500	15145
rpiA	1453	1058	1451	1057
argP	565	401	564	401
yliK	48	33	48	32
argK	10	13	10	13
ygfG	11	5	11	5
ygfH	30	28	30	28
ygfI	47	44	47	44
yggE	430	334	428	331
argO	124	78	95	53
mscS	2076	1593	2071	1590
fbaA	13947	10631	13501	10335
pgk	11509	8717	11507	8714
epd	2469	1738	2468	1738
yggF	13	7	11	6
cmtA	16	10	14	10
tktA	7882	4872	7551	4680
yggG	1100	875	1031	821
speB	875	569	699	489
speA	8625	5938	7735	5324
metK	9908	6580	9468	6299
galP	161	121	160	117
endA	76	60	74	59
yggJ	372	246	371	244
gshB	804	496	804	494
yggS	417	304	395	289
yggW	477	363	458	346
yggM	29	21	29	21
ansB	67	47	67	47
yggN	469	360	465	357
yggH	1216	908	1216	905
mutY	414	296	402	286
mltC	456	277	451	270
nupG	164	134	164	133
yqgA	30	23	30	23
yghK	29	25	27	24
glcF	52	30	52	29
glcD	32	23	32	23
glcC	153	96	153	95
ECIAI1_3132	11	9	8	4
yghR	10	8	10	8
yghS	9	11	9	11
yghT	3	6	2	6
pitB	38	28	34	24
gss	1035	771	1024	762
yghU	595	390	575	377
hybC	342	252	327	240
hybB	39	52	35	50
hybA	31	18	30	18
hybO	65	51	61	48
yghZ	213	123	206	121
yghA	15	5	15	5
exbB	2937	1655	2931	1646
metC	1476	1052	1389	997
yghB	256	181	256	181
yqhC	116	70	114	68
yqhD	343	191	343	191
dkgA	84	58	84	58
yqhG	48	25	48	25
ygiQ	831	532	781	494
sufI	761	512	760	510
plsC	394	285	384	268
parC	1750	1254	1740	1247
qseB	126	110	126	109
parE	1969	1455	1725	1272
cpdA	869	603	860	590
nudF	423	296	402	287
tolC	2906	1609	2566	1432
ygiC	2218	1640	1968	1467
ygiE	393	272	392	272
ribB	570	431	527	407
yqiJ	18	13	17	12
yqiK	36	18	28	15
rfaE	1730	1170	1428	953
htrG	246	164	239	166
cca	414	284	380	261
bacA	573	524	521	477
plsY	212	126	210	126
ygiP	34	33	34	33
ttdA	10	6	10	6
ttdB	8	5	8	4
ygjE	27	31	26	29
gcp	556	394	505	368
dnaG	2041	1460	2034	1455
rpoD	4349	2783	4308	2759
yqjH	277	102	272	101
yqjI	194	135	190	130
aer	115	106	109	100
ygjG	65	45	64	44
ebgR	83	46	82	45
ygjI	5	4	5	4
ygjJ	7	4	7	4
ygjK	24	18	23	17
ygjO	264	182	236	164
ygjQ	19	18	15	16
ygjR	161	108	152	94
alx	63	48	63	49
sstT	1857	1274	1694	1166
uxaA	326	187	312	181
uxaC	347	178	330	172
exuT	141	87	126	78
exuR	487	346	426	296
yqjA	371	263	371	263
yqjG	85	52	79	49
yhaJ	536	352	509	332
yhaK	32	25	32	25
yhaM	76	57	74	56
yhaO	31	26	34	25
tdcG	45	37	44	36
tdcE	207	140	205	140
tdcD	13	18	13	18
tdcC	89	72	89	70
tdcB	9	8	9	8
tdcA	8	9	8	9
garK	73	55	65	45
garR	53	49	52	46
garL	12	12	12	10
garP	44	23	42	23
garD	63	45	54	44
agaR	383	352	377	350
kbaZ	27	13	27	13
agaS	18	9	17	9
kbaY	10	11	10	11
agaC	8	12	8	12
agaD	14	9	14	9
agaI	19	17	17	18
yraI	6	7	6	6
yraL	383	230	370	224
yraQ	321	234	320	232
yraR	66	38	65	38
yhbU	22	29	22	28
yhbV	29	32	25	26
yhbW	118	76	116	70
mtr	347	210	265	143
deaD	1747	1297	1576	1178
nlpI	3871	3012	3871	3012
pnp	11016	7951	9926	7156
truB	1389	1104	1079	848
infB	16318	12137	15970	11904
nusA	6532	4770	6461	4715
argG	15664	11641	14686	10851
yhbX	69	47	68	47
glmM	2130	1454	2130	1454
folP	513	304	514	305
ftsH	11824	8288	11623	8133
rrmJ	1755	1199	1761	1199
dacB	243	132	239	132
obgE	1345	933	1222	852
yhbE	636	453	636	451
ispB	1209	880	1201	873
murA	3253	2099	3203	2066
yrbC	1273	898	1270	896
yrbE	938	701	938	701
yrbF	1269	965	1251	956
yrbG	382	227	382	227
kdsD	1112	793	1088	777
lptB	1135	809	1135	809
rpoN	3074	2171	2938	2051
yhbJ	936	655	935	653
yrbL	2288	1497	2284	1494
mtgA	437	298	419	280
elbB	870	656	869	655
arcB	829	611	821	608
yhcC	24	16	24	16
gltB	16360	9971	14342	8702
gltD	8058	5349	7263	4844
nanE	32	11	32	12
nanT	32	25	25	21
nanA	67	43	67	43
nanR	484	387	442	361
dcuD	31	20	28	19
sspA	2879	2108	2879	2108
degQ	730	541	730	541
degS	373	256	365	253
mdh	16193	11565	14634	10584
aaeB	37	34	37	34
aaeA	56	41	55	40
aaeR	121	82	116	81
tldD	1236	865	1169	793
rng	1244	852	1148	787
mreC	620	425	675	460
mreB	2562	1622	2483	1553
csrD	507	385	507	385
yhdH	548	356	532	344
accC	7404	5309	6945	5008
panF	255	184	237	158
prmA	575	393	575	392
dusB	5549	4377	5549	4377
yhdJ	51	48	51	47
envR	19	13	18	13
acrE	9	13	9	11
acrF	198	144	189	141
aapQ	35	26	33	25
aapP	38	28	33	21
aroE	613	474	573	457
smf	377	279	366	275
fmt	1236	825	1213	815
rsmB	563	420	553	403
trkA	524	423	505	415
rpoA	72728	52971	72709	52954
rpsD	47661	35056	47661	35056
secY	63778	48810	61229	46883
rpsC	41711	30497	41711	30497
rplB	44418	33293	44418	33293
rplD	36653	27363	36653	27363
rplC	46335	34264	46335	34264
tufA	128693	94285	128684	94275
fusA	100410	75567	99244	74713
yheO	920	721	915	719
fkpA	5998	4603	5963	4579
kefB	288	176	278	164
yheS	695	499	685	486
yheT	237	148	220	139
prkB	275	190	273	186
crp	2706	1764	2857	1864
yhfK	763	449	740	439
argD	4534	3085	4411	2997
fic	47	39	45	37
tsgA	203	124	202	124
nirB	94	152	92	146
nirC	32	20	32	18
cysG	663	434	621	396
frlA	12	7	12	7
frlB	15	7	14	6
frlC	25	16	24	16
frlD	19	20	19	20
frlR	135	68	135	68
yhfS	32	24	32	24
yhfT	21	15	18	13
php	13	11	13	11
yhfZ	187	168	159	153
trpS	3029	2008	2776	1847
gph	933	621	910	601
rpe	821	620	800	606
dam	682	500	681	498
aroB	4198	3254	4191	3248
hofQ	27	19	27	19
yrfD	36	33	36	31
mrcA	1835	1319	1747	1258
igaA	660	458	622	438
yrfG	427	293	427	293
hslO	1079	687	1072	682
pck	2084	1547	1816	1341
envZ	341	200	311	184
ompR	595	365	597	363
yhgF	2625	1679	2550	1631
feoB	1245	759	1235	751
yhgA	48	46	38	39
bioH	262	183	261	183
gntX	217	143	214	142
gntT	1089	857	1054	835
malQ	718	523	695	507
malP	1050	782	1044	772
malT	3693	2658	3394	2422
rtcB	83	51	79	49
glpG	582	442	564	427
glpD	43	47	36	43
glgP	4562	3088	4460	3032
glgA	2465	1644	2463	1640
glgC	2791	1781	2775	1771
glgX	2978	2053	2968	2045
glgB	6267	4361	6196	4311
asd	11939	7537	11936	7533
gntU	110	88	101	81
gntR	266	154	228	133
yhhW	130	94	121	90
yhhX	717	483	709	479
yhhZ	3	0	2	0
ggt	48	32	46	29
ugpC	63	28	56	26
ugpE	11	10	11	9
ugpA	16	9	16	8
ugpB	126	85	118	82
livF	989	691	719	479
livG	1179	805	996	700
livM	1933	1313	1739	1162
livH	1792	1263	1628	1166
livK	3550	2507	3239	2276
livJ	12210	7523	11491	7089
rpoH	2145	1510	2070	1454
ftsX	936	659	806	567
ftsE	681	452	650	432
ftsY	2230	1622	2063	1517
yhhN	238	124	215	117
yhhQ	67	52	65	45
yhhS	151	108	151	108
yhhT	52	33	50	29
nikA	28	12	27	10
nikB	9	7	9	7
nikC	8	6	8	5
nikD	8	3	8	3
nikE	11	8	8	5
yhhI	406	388	89	84
yhhJ	507	434	435	370
rbbA	1030	773	962	725
yhiI	948	662	881	609
yhiM	57	55	57	55
yhiN	489	352	470	324
pitA	1999	1364	1990	1358
yhiP	32	29	30	28
yhiQ	116	67	105	59
prlC	1306	733	1159	667
yhiR	170	94	160	87
gor	1092	716	1091	716
arsB	44	32	44	32
yhiD	27	15	27	15
mdtE	21	19	21	19
mdtF	120	63	117	62
gadW	184	118	182	113
gadX	271	290	249	248
gadA	149	109	147	108
yhjA	65	43	64	43
treF	83	48	82	48
yhjB	49	40	49	39
yhjC	114	80	110	76
yhjD	68	57	64	50
yhjE	3927	2299	3609	2124
yhjG	62	40	43	24
yhjH	9	10	3	5
kdgK	240	156	229	149
yhjJ	584	418	513	372
dctA	425	284	425	284
yhjK	410	266	409	271
bcsC	659	407	644	397
bcsZ	151	116	149	114
bcsB	330	173	323	171
bcsA	440	305	296	210
bcsE	292	184	292	184
bcsG	135	93	132	87
yhjV	164	119	162	117
dppF	425	319	370	270
dppD	470	363	438	334
dppC	434	358	434	358
dppB	485	407	498	418
dppA	5704	4310	5165	3936
eptB	118	100	118	100
yhjX	18	12	13	10
yhjY	61	38	59	38
yiaD	151	113	148	113
tiaE	1031	566	1011	561
yiaF	1781	1420	1634	1322
glyS	5689	4037	5263	3760
glyQ	2547	1891	2532	1879
yiaH	79	58	79	58
xylB	118	69	107	61
xylA	83	49	82	48
xylF	32	22	30	21
xylG	36	29	36	29
xylH	61	45	56	40
xylR	211	146	229	163
bax	2277	1573	2174	1495
avtA	1443	1001	1377	959
yiaJ	408	308	403	299
yiaK	13	8	13	9
yiaN	5	4	5	4
yiaO	2	1	1	1
sgbH	2	4	2	2
sgbU	7	3	6	2
sgbE	12	6	9	3
yiaT	18	16	15	16
yiaU	84	46	84	46
yiaV	19	20	16	19
aldB	37	27	37	28
yiaY	25	21	25	20
selB	1256	886	1121	815
selA	586	404	572	397
yibF	188	121	187	118
yibH	26	24	26	24
mtlA	574	384	556	375
mtlD	539	413	426	330
lldP	128	84	115	79
lldR	76	57	73	56
lldD	149	78	139	72
cysE	848	529	795	509
gpsA	1742	1169	1516	1018
gpmI	2250	1665	1990	1502
envC	842	587	744	517
yibQ	313	234	293	222
yibD	32	14	31	14
tdh	211	141	138	104
kbl	233	192	219	184
waaD	1239	810	1085	722
waaF	990	724	986	722
kdtA	543	334	519	328
mutM	192	156	188	149
yicR	839	640	1084	826
dfp	507	277	497	274
pyrE	952	747	767	599
yicC	1143	780	1022	710
yicG	5	4	5	4
ligB	41	31	41	28
gmk	1005	652	1004	652
spoT	3072	2074	2953	2009
trmH	513	342	513	342
gltS	556	439	516	411
yicE	1309	769	1308	767
yicH	720	511	702	491
yicI	89	53	87	53
yicJ	22	20	22	20
setC	16	11	16	11
yicL	305	226	305	225
nlpA	1815	1282	1813	1282
yicM	102	81	100	79
uhpT	12	11	12	11
uhpC	93	54	91	54
uhpB	174	128	163	118
ilvB	1855	1159	1648	1029
emrD	6	7	6	7
yidJ	39	25	30	18
yidK	8	3	8	3
yidL	39	26	28	18
yidP	25	16	26	16
yidE	501	389	500	389
yidR	214	147	185	126
cbrA	20	6	20	5
dgoT	27	13	24	13
dgoD	43	31	40	27
dgoA	17	15	17	15
dgoR	130	116	121	110
yidX	95	99	95	99
yidA	422	233	390	220
gyrB	3642	2529	3492	2400
recF	443	348	424	341
dnaN	1049	786	1007	758
dnaA	1771	1215	1754	1204
yidC	5152	3553	5126	3528
trmE	497	351	449	323
tnaA	71	44	69	43
tnaB	16	9	15	8
mdtL	33	20	26	18
yidZ	125	78	114	72
yieE	139	81	139	80
yieH	250	193	236	180
yieK	40	28	36	28
yieL	23	29	23	26
bglH	17	8	17	8
bglB	16	9	15	8
bglG	5	4	5	4
phoU	437	351	413	338
pstB	441	325	441	325
pstA	145	106	134	94
pstC	165	131	165	131
pstS	405	288	404	288
glmS	7380	5414	5961	4412
glmU	5782	4129	5033	3618
atpD	27211	18697	26923	18513
atpG	16672	11309	16672	11309
atpA	41597	29737	41597	29737
atpB	13608	9902	13590	9897
gidB	326	264	326	264
gidA	1981	1387	1968	1377
asnA	2223	1312	1934	1151
yieM	244	195	244	195
ravA	259	196	242	177
trkD	426	268	420	266
rbsA	212	145	206	141
rbsC	142	88	140	86
rbsB	789	867	777	857
rbsK	415	289	414	287
rbsR	181	138	179	137
hsrA	98	90	98	89
yieP	251	209	232	195
hdfR	310	228	310	228
yifB	36	38	35	37
ilvE	9807	6367	9299	6021
ilvD	10524	6609	9161	5843
ilvA	6150	3840	4747	2888
ilvY	184	99	130	78
ilvC	22146	16004	17744	12642
rep	748	519	633	447
gpp	1195	702	1187	699
rhlB	2450	1589	2407	1571
rho	3096	1809	2981	1745
rfe	1117	864	1139	878
wzzE	947	658	941	655
rffE	805	588	790	578
rffD	828	554	786	514
rffG	678	375	650	369
rffH	434	305	414	290
rffC	208	171	189	163
rffA	435	297	432	296
wzxE	383	232	363	221
rffT	306	225	285	211
wzyE	197	174	195	172
rffM	216	155	200	136
yifK	1049	729	1037	723
hemY	1491	965	1362	887
hemX	1544	1008	1392	934
hemD	507	293	502	288
hemC	766	487	724	455
cyaA	2857	1891	2751	1817
dapF	814	535	814	535
yigA	470	310	442	289
xerC	563	371	550	366
yigB	318	210	316	210
uvrD	702	453	599	388
yigE	60	38	57	36
corA	981	689	969	683
rarD	154	106	144	93
pldA	887	643	864	622
recQ	807	511	716	464
rhtC	393	294	358	262
rhtB	216	153	201	138
pldB	385	283	535	382
yigL	260	165	247	157
yigM	171	121	161	112
metR	486	355	430	320
ysgA	838	530	745	465
udp	920	562	915	558
rmuC	189	159	185	155
ubiE	1144	818	1144	818
yigP	714	452	435	267
ubiB	1104	741	1103	741
tatC	1136	836	1136	836
tatD	265	193	263	193
ubiD	1677	1148	1610	1093
fre	1010	728	981	708
fadA	118	73	116	72
fadB	269	171	264	168
pepQ	2141	1448	1958	1328
yigZ	290	214	282	205
trkH	559	380	540	370
yihE	1016	766	995	748
dsbA	2169	1615	2158	1609
yihG	111	89	105	86
polA	1535	1066	1534	1066
hemN	1031	695	1031	695
glnG	818	555	815	553
glnL	676	427	676	426
glnA	8991	6186	8840	6082
bipA	11721	8297	11614	8240
yihL	82	56	71	52
yihM	106	89	106	89
yihN	55	48	52	48
ompL	7	6	7	6
yihO	6	8	6	8
yihP	12	15	9	12
yihQ	35	17	34	16
yihS	69	36	68	36
yihT	29	20	29	20
yihU	14	12	14	12
yihV	30	25	30	25
yihW	257	164	257	164
rbn	203	171	200	161
yiiD	658	431	596	397
fdhE	385	224	330	186
fdoI	107	73	107	73
fdoH	180	128	177	127
fdoG	1371	957	1333	934
fdhD	213	191	211	189
frvB	11	6	8	5
rhaD	19	6	12	6
rhaA	5	5	4	4
rhaS	22	22	22	22
rhaR	31	22	31	22
sodA	16891	8516	16881	8515
kdgT	31	25	31	25
yiiM	272	187	267	177
cpxA	1515	1085	1492	1056
cpxR	1327	972	1327	972
fieF	708	510	705	510
pfkA	3175	2168	3153	2160
sbp	846	642	795	602
cdh	263	176	216	147
tpiA	6248	4380	5650	3961
fpr	597	325	547	298
glpX	182	116	181	116
glpK	139	116	134	112
glpF	20	17	20	17
menA	412	286	412	286
hslU	1943	1312	1939	1300
ftsN	673	488	643	469
cytR	496	319	490	314
yiiX	57	50	35	31
metB	1493	954	1483	952
metL	2673	1705	2563	1625
metF	7118	5254	6478	4777
katG	3493	2505	3159	2262
yijE	55	47	52	40
yijF	8	5	5	3
gldA	102	81	93	72
fsaB	23	13	16	11
ptsA	27	26	23	17
frwC	19	8	19	8
pflD	58	35	55	30
pflC	27	9	25	8
yijO	31	20	28	20
yijP	1544	942	1420	858
ppc	7041	4003	6894	3940
argE	2180	1392	2136	1353
argC	3930	2741	3924	2736
argB	2768	1832	2768	1832
argH	5937	3977	5866	3937
oxyR	1281	847	1245	821
sthA	1007	738	977	719
fabR	857	661	852	659
trmA	570	362	526	337
btuB	1492	1072	1490	1071
murI	248	154	224	146
murB	881	693	839	663
birA	494	325	475	305
coaA	724	550	718	546
tufB	129863	95058	129790	95007
rplA	30120	21880	30120	21880
rpoB	39413	27910	39400	27893
rpoC	41848	29584	41468	29324
thiH	3502	1929	3154	1734
thiG	2501	1272	2451	1244
thiF	3127	1647	3108	1641
thiE	2597	1340	2589	1337
thiC	10766	6125	10752	6124
nudC	375	241	375	241
hemE	815	484	816	485
nfi	276	200	274	200
yjaH	427	310	386	279
zraR	212	148	205	142
purD	1842	1258	1801	1232
purH	1836	1186	1693	1090
metA	4367	3113	4207	2997
aceA	471	325	440	306
aceK	88	52	86	51
iclR	314	214	301	206
metH	8389	5344	7780	4950
yjbB	285	237	272	227
pepE	142	111	142	111
yjbC	739	453	611	361
lysC	7796	4633	7596	4501
pgi	5636	4168	5335	3921
yjbF	7	9	7	7
yjbG	14	4	10	4
yjbH	37	16	37	17
xylE	30	15	28	15
malG	67	49	66	49
malF	154	130	154	130
malE	878	625	831	580
malK	201	135	198	133
malM	170	116	169	116
ubiA	451	323	432	312
plsB	1696	1129	1628	1079
lexA	904	615	902	614
dinF	164	88	155	81
yjbM	2	4	2	4
yjbN	538	395	564	422
qor	434	275	413	261
dnaB	1091	732	960	623
alr	500	339	485	327
tyrB	2562	1605	2557	1599
aphA	67	65	66	61
uvrA	682	483	588	413
yjcC	40	32	40	32
yjcE	791	573	769	553
actP	174	115	165	97
acs	1024	665	1008	657
nrfA	37	22	37	22
nrfC	7	3	7	3
nrfD	12	5	12	5
gltP	601	543	581	521
yjcO	394	281	383	266
fdhF	94	63	93	63
yjcQ	14	10	14	10
yjcR	12	2	10	2
phnL	5	1	4	1
phnK	7	2	6	2
phnJ	2	2	2	2
phnI	1	4	1	4
phnF	5	1	2	1
phnD	5	5	3	4
phnC	2	2	1	1
yjcZ	20	14	20	13
proP	1481	1059	1455	1042
basS	338	234	315	216
basR	298	201	284	186
eptA	384	259	359	248
adiC	13	3	13	3
adiY	4	2	4	2
adiA	19	11	19	10
melR	69	59	69	59
melA	55	41	55	39
melB	43	34	44	33
yjdF	134	99	128	97
fumB	65	60	65	60
dcuB	19	17	19	17
dcuR	196	159	178	150
dcuS	378	308	367	295
lysU	608	480	593	462
yjdL	17	13	17	13
cadA	57	50	57	49
cadB	5	1	5	1
cadC	45	28	44	28
dipZ	453	284	440	277
dcuA	2007	1442	2003	1438
aspA	993	807	990	807
yjeH	281	191	268	186
groL	25091	18140	24165	17433
yjeJ	76	72	73	71
yjeK	354	237	291	196
frdB	134	111	134	110
frdA	327	251	327	249
poxA	238	192	238	192
yjeP	533	377	490	346
psd	638	417	637	417
rsgA	934	598	930	596
yjeS	158	104	152	101
yjeF	217	136	211	128
amiB	542	382	504	366
mutL	889	575	859	555
miaA	4400	3029	4397	3028
hflX	4460	2985	4444	2972
hflK	4763	3238	4762	3238
hflC	4300	2958	4295	2953
purA	8359	5490	8299	5446
rnr	3350	2369	3273	2326
rlmB	759	487	723	452
yjfJ	16	21	16	20
yjfK	10	4	9	4
yjfC	32	27	29	23
aidB	131	73	119	70
yjfP	163	105	157	104
ulaR	226	143	218	141
ulaG	52	33	45	27
ulaA	20	20	18	13
ulaD	42	33	42	31
ulaE	58	32	51	24
ulaF	33	17	23	12
ytfB	495	301	464	279
fklB	808	385	803	384
cycA	1326	952	1247	896
ytfE	41	19	39	19
ytfF	76	32	69	29
ytfG	59	29	58	29
cpdB	610	437	510	374
cysQ	422	306	417	305
ytfL	229	155	224	154
msrA	233	149	233	149
ytfM	644	523	614	496
ytfQ	45	22	38	16
ytfT	12	7	11	4
yjfF	20	15	16	10
fbp	1065	657	1060	656
mpl	1757	1247	1535	1102
pmbA	916	603	886	578
nrdD	102	100	94	91
treC	34	25	34	25
treB	42	25	40	24
treR	220	138	203	128
mgtA	1924	1514	1868	1468
pyrB	321	226	321	226
yjgI	36	22	36	22
argI	1548	1104	1208	879
valS	8002	5626	7424	5160
pepA	4392	2914	4034	2681
yjgP	1005	701	1001	697
yjgQ	891	603	822	555
yjgB	19	24	18	23
yjhT	56	69	50	59
yjhA	18	10	18	10
fimB	491	450	491	450
fimC	1331	887	1311	876
fimH	533	358	488	327
gntP	36	33	36	33
uxuA	231	146	217	139
uxuB	252	156	243	152
uxuR	343	258	326	241
yjiE	139	90	134	87
iadA	524	405	496	388
yjiH	8	9	8	9
yjiK	52	50	35	34
hgdC	8	8	10	9
yjiM	16	24	16	24
yjiN	79	45	65	34
yjiY	92	57	76	49
tsr	73	38	71	34
mdoB	1513	1097	1457	1066
dnaC	222	150	219	149
yjjP	32	31	28	27
yjjQ	9	5	9	5
bglJ	44	22	44	21
rsmC	477	309	465	298
yjjG	234	155	203	137
prfC	1580	1081	1381	929
osmY	83	69	85	68
yjjU	184	134	183	133
yjjW	14	20	11	14
yjjI	37	27	36	26
deoC	170	89	169	86
deoA	220	170	206	161
deoB	790	558	707	495
deoD	1033	611	848	521
ytjB	262	222	253	216
serB	1333	815	1281	782
radA	1506	962	1361	867
nadR	1037	742	777	534
slt	620	475	583	457
ytjC	706	461	689	455
rob	834	628	782	584
creB	529	360	411	295
creC	221	168	204	155
arcA	2235	1730	2148	1664
yjtD	104	89	100	86
