	IAI1_batch1	IAI1_batch2	IAI1_K12ref_chemostat1	IAI1_K12ref_chemostat2
thrA	18353	12023	7264	7226
thrB	5999	3822	2524	2509
thrC	10508	6982	4403	4614
yaaA	471	329	368	297
yaaJ	56	39	62	49
talB	4437	2099	3328	3126
htpY	20	14	20	19
dnaK	12813	8992	10842	10218
dnaJ	2247	1567	1998	1869
nhaA	722	584	497	433
nhaR	237	195	189	153
ribF	1870	1221	1487	1215
ileS	7749	5378	5603	5064
ispH	1065	728	778	668
rihC	87	49	265	222
dapB	4138	2461	822	822
carA	4552	3110	2165	1825
carB	10986	7394	4583	4272
caiD	38	28	33	29
caiB	29	27	28	19
caiA	63	77	90	45
caiT	11	4	9	6
fixA	14	10	33	31
fixB	12	10	26	27
fixC	18	10	23	17
yaaU	3	10	13	12
kefC	178	136	243	207
apaH	313	206	260	188
ksgA	727	455	672	593
surA	3526	2423	4603	4184
imp	4285	3011	5108	4530
djlA	320	195	263	188
rluA	140	94	71	70
hepA	669	469	285	278
polB	109	59	87	76
araD	3	7	28	29
araA	42	20	153	134
araC	377	280	1349	1073
yabI	180	165	425	341
thiQ	148	117	73	70
tbpA	638	373	286	258
setA	319	241	655	533
leuD	2902	1727	2249	2028
leuC	4807	2764	3021	2718
leuB	4326	2441	2640	2352
leuA	4087	2444	3420	4036
leuO	60	44	381	336
ilvI	4607	3074	4097	3774
fruR	1377	977	3300	3050
mraW	1384	945	1215	1023
ftsI	1107	803	1081	844
murE	1888	1208	1316	1109
murF	1392	953	1035	819
mraY	1063	734	922	793
murD	1637	1142	991	893
ftsW	1354	1051	1337	1063
murG	1078	726	919	864
murC	1757	1199	1432	1264
ddlB	1198	863	1425	1226
ftsQ	1193	905	1324	1118
ftsA	2939	2166	2947	2606
ftsZ	6742	4875	6873	6163
lpxC	7305	5220	9944	8062
secA	5050	3546	5277	4891
yacF	334	249	278	238
coaE	371	222	353	356
guaC	1930	1171	880	812
hofC	43	39	49	38
hofB	35	31	58	50
nadC	190	122	156	164
ampE	294	216	583	495
aroP	5176	3644	5050	4680
pdhR	666	472	564	446
aceE	24203	17878	19838	18290
aceF	13275	9644	10083	9245
lpd	21510	15182	40008	36938
acnB	13397	7948	49369	44640
speD	2722	1998	917	980
speE	3324	2378	1317	1319
cueO	395	308	339	276
gcd	483	286	129	96
can	3720	2504	2392	2103
yadG	403	306	418	396
yadH	294	223	313	297
yadD	202	184	488	378
panC	1640	1135	1231	1142
yadL	21	20	27	24
ecpD	3	9	3	5
pcnB	2068	1417	1361	1249
yadB	221	162	275	217
sfsA	569	397	1647	1402
mrcB	1524	1019	1684	1522
fhuA	8264	5069	7371	6090
fhuC	770	465	579	450
fhuD	423	291	240	164
hemL	3072	2222	1682	1493
clcA	506	353	631	549
yadS	165	140	184	174
btuF	228	177	225	179
pfs	1218	859	1091	1009
dgt	476	298	639	571
degP	2492	2133	5407	4984
cdaR	211	122	566	475
dapD	11706	7523	3863	3969
glnD	571	342	432	392
map	1552	1034	1170	1001
rpsB	32406	24349	20795	19461
tsf	20441	15345	12504	12771
pyrH	2583	2044	1654	1697
dxr	675	451	619	514
ispU	2338	1714	2978	2516
cdsA	1124	759	1529	1242
yaeL	3532	2657	4570	4033
yaeT	10457	7571	13029	12043
lpxD	4944	3536	4386	4057
lpxA	3099	2327	2564	2419
lpxB	1306	909	1337	1124
dnaE	2631	1795	2084	1904
accA	3811	2583	3246	3106
ldcC	190	115	198	166
nlpE	249	156	277	276
proS	4696	3265	3521	3296
yaeB	105	73	59	53
metQ	9968	7020	9945	9005
metI	2125	1584	2088	1878
metN	2781	2152	2288	1995
dkgB	168	161	337	264
yafC	217	156	294	274
yafD	612	471	824	731
mltD	8918	6809	11423	10396
gloB	255	213	373	294
yafS	235	159	277	246
dnaQ	530	422	505	417
yafT	9	9	17	15
yafV	149	103	150	132
fadE	198	154	1087	858
yafJ	395	297	352	287
yafK	799	614	697	603
dinB	103	68	74	59
pepD	2633	1786	2869	2653
frsA	347	235	346	281
phoE	57	49	88	67
proB	1388	869	834	714
proA	1734	1202	1409	1254
yagR	11	4	13	13
yagS	4	0	6	1
yagT	4	2	7	3
yagU	414	337	252	222
yagV	159	109	283	581
yagW	468	359	900	1906
yagX	1006	677	1309	2788
yagY	503	331	545	1314
insF	32	25	235	235
ykgC	40	29	65	38
ykgD	62	62	90	77
ykgE	92	67	1450	1198
ykgF	160	138	2349	2100
ykgG	131	95	1045	924
betA	353	244	148	141
betT	336	268	328	280
yahB	85	58	134	116
yahD	26	15	35	25
yahG	3	7	4	7
yahI	15	13	14	11
yahJ	68	42	65	57
yahK	108	92	279	283
yahN	12	13	44	37
prpR	22	14	119	89
prpB	3	1	52	46
prpC	9	6	91	68
prpD	14	7	146	97
prpE	30	16	253	178
codB	798	600	342	372
codA	1021	792	471	468
cynT	14	5	17	16
cynX	12	6	18	8
lacY	14	12	31	30
lacI	264	173	718	585
mhpR	100	72	1395	1253
mhpB	3	4	18	13
mhpC	12	15	36	32
mhpD	12	7	30	24
mhpF	25	9	38	43
mhpE	28	19	57	51
mhpT	32	21	45	52
frmA	376	251	362	369
yaiO	16	13	53	49
yaiP	19	8	17	13
tauA	58	47	28	38
tauB	38	16	20	21
tauD	36	23	26	22
hemB	1068	828	914	844
yaiV	10	8	13	11
ampH	233	134	273	227
sbmA	139	88	208	179
yaiW	273	183	323	296
ddlA	1133	862	2007	1708
phoA	140	90	222	179
yaiC	14	13	23	21
proC	272	143	178	170
aroM	144	120	81	75
rdgC	1382	932	939	923
mak	200	144	473	413
araJ	112	96	99	82
sbcD	225	168	275	232
phoB	148	119	189	179
phoR	134	92	149	166
brnQ	358	289	206	180
proY	350	286	238	212
malZ	296	208	290	294
queA	304	184	92	79
tgt	2566	1841	2801	2474
secD	7142	5128	6695	6225
secF	4078	2730	3562	3366
tsx	2930	2218	5337	4486
ribD	642	395	601	545
thiL	307	244	242	188
yajO	199	155	1153	984
dxs	896	680	1028	946
ispA	560	335	622	562
thiI	863	638	360	346
panE	264	199	216	195
yajR	293	207	268	231
cyoE	5930	4337	4272	4021
cyoC	4300	2849	3085	2861
cyoB	17776	13265	13991	12918
cyoA	11468	8536	9767	9056
ampG	279	145	187	155
tig	23876	16964	16057	15842
clpP	1845	1336	1531	1406
clpX	5310	3766	4943	4456
lon	7562	5168	5752	5399
ppiD	6413	4667	7599	7019
queC	477	371	440	425
ybaE	70	48	318	287
cof	141	62	190	183
mdlA	217	115	244	203
mdlB	166	103	170	151
amtB	131	120	82	68
tesB	147	123	167	162
ylaB	138	108	221	204
acrB	8391	5750	6129	5716
acrA	4291	3151	3166	2999
acrR	368	276	403	334
kefA	1331	1065	1316	1285
dnaX	1146	754	921	788
recR	802	574	555	498
htpG	3901	2838	4532	4186
adk	4242	3369	3760	3672
hemH	256	177	202	188
aes	70	46	273	220
gsk	921	663	487	387
ybaL	795	525	548	448
fsr	112	88	157	114
ushA	993	695	1811	1575
ybaP	188	122	82	67
copA	624	448	478	428
ybaS	166	161	22	30
ybaT	132	108	47	41
ybbK	256	225	631	517
ybbL	191	138	201	173
ybbM	197	141	223	208
ybbN	999	597	711	710
ybbO	214	117	123	116
tesA	212	114	246	221
ybbA	126	80	172	135
ybbP	282	179	372	298
ybbB	91	53	64	58
ybbS	14	9	13	14
allR	1110	752	886	686
gcl	36	16	29	34
hyi	12	6	14	12
glxR	12	18	16	17
ybbW	6	6	20	19
allB	46	38	108	116
ybbY	22	9	13	12
glxK	57	57	91	87
ylbA	118	86	220	203
allC	49	38	169	118
allD	16	17	71	62
ylbE	11	13	48	27
ylbF	10	6	13	16
ybcF	39	18	29	17
purK	1930	1281	740	601
lpxH	340	296	249	214
cysS	1580	1169	939	914
folD	781	534	522	486
sfmC	10	8	17	12
sfmH	5	12	10	8
fimZ	1	1	6	7
envY	47	32	36	40
ybcH	29	15	26	31
nfrB	61	38	66	60
cusR	94	75	81	77
cusC	7	6	127	130
cusB	11	4	13	15
cusA	42	28	60	61
pheP	854	699	382	335
ybdG	643	537	493	462
nfnB	968	658	712	719
ybdK	18	8	20	16
fepA	8388	2866	1907	1717
fepC	266	102	147	114
fepG	158	55	111	76
fepD	100	51	75	61
ybdA	381	147	139	111
fepB	365	141	176	161
entC	1002	296	256	188
entE	1613	476	402	350
entB	1693	505	531	512
entA	1201	373	329	312
cstA	3522	2438	49377	42578
ybdH	593	434	1138	937
ybdL	203	141	177	145
ibrB	37	29	45	36
ibrA	19	10	22	14
ybdO	7	12	23	11
dsbG	272	166	182	187
ahpF	2862	2053	2627	2510
ybdR	40	26	74	51
rna	189	130	196	168
citT	19	13	37	24
citG	6	5	8	5
citF	3	1	4	2
citE	4	5	7	7
citC	9	7	12	10
citA	156	92	163	172
citB	52	47	52	59
dcuC	17	15	49	35
lipA	945	701	1701	1412
ybeF	47	48	105	89
lipB	241	138	110	116
dacA	1361	946	1069	927
rlpA	1170	750	905	811
mrdB	510	351	473	376
mrdA	739	547	530	512
phpB	75	49	62	71
nadD	171	121	152	117
holA	585	399	495	415
leuS	7709	5412	6278	5742
ybeQ	64	48	185	166
ybeU	7	11	15	9
hscC	62	43	218	167
rihA	499	361	2222	1944
gltL	680	508	2433	2253
gltK	446	315	1842	1582
gltJ	515	372	2303	2115
gltI	4413	3067	30565	27185
ybeX	1711	1158	1569	1348
ybeZ	1309	915	1148	1019
miaB	1355	966	658	537
asnB	2387	1490	812	817
nagD	497	294	337	311
nagC	550	374	543	447
nagA	990	709	992	854
nagB	554	404	637	565
nagE	1345	981	5443	4901
glnS	3616	2528	2467	2276
ybfM	28	22	275	184
ybfF	289	181	243	208
pgm	4898	3386	7561	7131
potE	78	60	135	113
kdpE	60	37	49	35
kdpD	161	91	181	159
kdpB	33	20	68	85
ybgH	403	307	231	223
ybgI	1190	885	1015	972
ybgJ	825	528	779	695
ybgK	966	730	831	782
nei	245	192	156	135
abrB	58	37	16	21
gltA	9599	6088	13016	12972
sdhA	9641	6753	21655	20105
sdhB	3931	2942	11130	9928
sucA	18838	12552	38937	36997
sucB	12045	7925	28161	25693
sucC	13132	8836	46738	43893
sucD	10225	6606	35277	32683
mngR	109	82	169	127
mngA	15	2	24	33
cydA	4231	3587	12264	11181
cydB	2581	2160	7161	6737
tolQ	1298	927	952	849
tolA	2152	1428	1935	1734
tolB	8869	6433	9051	8122
ybgF	3869	2686	3348	3006
nadA	1475	863	898	816
pnuC	782	488	585	564
zitB	211	130	200	192
aroG	8700	6027	2526	2422
gpmA	8103	5576	7270	6975
galM	3012	2282	3134	2944
galK	684	559	1028	1127
galT	349	213	452	437
galE	379	242	362	378
modF	1791	1253	1218	1090
modE	286	182	336	308
modA	270	202	472	340
modB	148	107	270	239
modC	262	178	485	374
ybhA	298	226	266	219
pgl	644	450	528	456
ybhD	26	9	32	30
ybhH	4	1	15	8
ybhI	1169	845	270	220
ybhJ	67	67	99	83
ybhC	2704	2226	1840	1722
bioB	1635	1034	1270	1113
bioC	458	278	262	210
bioD	455	308	333	268
uvrB	742	529	903	791
ybhK	377	237	540	456
moaA	963	588	945	699
ybhL	493	294	605	549
ybhN	8	4	20	10
ybhO	13	8	26	12
ybhP	14	13	29	18
ybhR	46	37	112	76
ybhS	74	60	136	104
ybhF	252	185	342	226
ybhG	160	100	236	236
ybiH	58	40	72	52
rhlE	188	111	34	26
dinG	205	136	169	165
ybiB	313	226	268	236
ybiC	2642	1885	2097	2038
ybiX	50	41	85	98
fiu	378	123	79	54
ybiN	282	201	132	148
ybiO	53	27	56	41
glnQ	785	571	2398	2258
glnP	540	440	2163	2083
glnH	2287	1675	14197	12773
rhtA	66	46	82	50
ybiR	264	192	305	280
ybiS	1606	1102	1005	936
ybiT	2162	1539	1773	1615
ybiU	108	79	69	59
ybiV	283	220	149	132
ybiW	65	39	82	90
ybiY	11	5	22	15
fsaA	49	32	47	42
moeB	274	194	203	167
moeA	446	291	412	341
iaaA	1526	1027	1441	1261
yliA	1244	848	1279	1138
yliB	1149	822	1461	1345
yliC	414	262	498	429
yliD	330	234	327	263
yliE	417	421	172	143
yliF	167	181	57	47
yliG	656	412	323	276
yliI	23	25	40	35
yliJ	877	643	1273	1141
dacC	928	730	1020	923
deoR	472	363	473	383
cmr	224	173	155	146
ybjI	225	137	208	187
ybjJ	107	77	88	87
ybjL	422	264	352	333
nfsA	429	263	457	383
rimK	370	247	379	337
potF	1473	1053	1460	1374
potG	608	439	543	428
potH	313	208	317	256
potI	273	177	272	200
rumB	279	190	96	103
artJ	3931	2815	1793	1717
artM	730	544	770	670
artQ	656	525	904	820
artI	1543	1202	2125	1847
artP	937	636	1015	898
ybjR	231	162	305	243
ybjS	263	149	290	257
ybjT	561	344	567	537
ltaE	893	540	779	654
poxB	47	23	43	41
hcr	27	8	23	27
hcp	15	16	21	15
ybjE	155	76	61	72
aqpZ	100	54	81	56
ybjD	448	325	556	495
ybjX	2316	1691	1459	1206
macA	351	228	460	396
macB	377	248	462	404
clpA	6294	4321	13129	11457
aat	116	54	73	45
cydC	484	311	373	341
cydD	566	374	407	346
trxB	5468	3746	3904	3760
lolA	723	542	896	785
ycaJ	507	405	556	516
serS	5551	4025	4672	4247
dmsA	80	92	74	96
dmsB	26	33	33	32
dmsC	71	68	104	104
ycaC	40	25	94	75
ycaD	239	200	166	138
ycaM	22	11	58	37
ycaN	91	70	117	89
pflA	300	214	357	394
pflB	11469	10594	19560	17170
focA	966	945	1968	1642
ycaO	1743	1174	403	414
ycaP	333	237	634	459
serC	12366	8189	5210	5126
aroA	5723	3980	1765	1748
ycaL	77	53	57	55
cmk	2884	2112	2063	1830
rpsA	85900	63854	55666	53343
msbA	1873	1250	1604	1435
lpxK	431	272	341	320
kdsB	1218	849	918	837
ycbJ	80	66	259	265
smtA	549	426	739	599
mukF	1113	789	1406	1317
mukE	664	531	876	724
mukB	4496	3148	5403	5000
ycbB	559	360	513	432
ycbL	1247	895	2405	1970
aspC	6452	3976	7275	6849
ompF	25326	18016	85382	73409
asnS	4933	3386	2912	2756
pncB	1338	812	919	860
pepN	2360	1523	6121	5694
ssuC	13	8	13	12
ssuA	15	16	23	25
ycbR	19	8	20	16
ycbT	64	36	72	42
ycbF	30	24	41	36
pyrD	811	523	319	287
ycbX	475	252	554	447
ycbY	1224	883	1043	869
uup	1396	970	1365	1153
pqiA	317	229	270	216
pqiB	714	567	610	546
ycbZ	1034	748	966	805
yccR	144	105	413	377
yccS	411	326	353	339
helD	820	608	768	693
yccT	12	6	16	14
yccW	587	424	495	466
yccA	2525	1723	3451	2842
hyaA	7	2	4	4
hyaB	9	4	10	15
hyaC	6	8	14	13
hyaF	12	8	17	11
appC	78	72	194	169
appB	33	24	40	30
appA	62	43	77	65
yccC	7462	5813	3151	2540
yccZ	3544	2552	1667	1369
ymcA	2988	2143	1431	1052
ymcB	705	472	354	296
ymcC	1470	1103	1114	683
yccM	56	30	46	47
torR	102	71	157	136
torC	15	13	41	34
torA	31	30	74	75
cbpA	264	227	302	306
agp	269	212	5098	4426
rutG	34	14	29	32
rutD	4	4	3	5
rutB	0	2	0	0
rutA	2	4	4	7
rutR	123	87	145	120
putP	2727	1796	6456	5586
efeO	3026	1636	2407	2127
efeB	1599	904	1346	1144
phoH	361	243	1322	1098
ycdW	788	523	800	657
ycdX	937	667	953	888
csgG	47	39	87	58
csgD	25	22	44	40
ymdC	101	77	193	159
mdoC	72	54	82	57
mdoG	2007	1350	2492	2130
mdoH	1694	1138	1718	1570
mdtG	20	11	26	20
lpxL	114	71	137	102
yceA	1678	1103	909	712
solA	1233	739	1030	977
pyrC	648	344	450	472
grxB	316	171	433	464
mdtH	41	23	100	88
yceH	460	323	489	485
mviM	542	387	624	542
mviN	265	196	152	147
flgA	21	11	33	34
flgD	11	4	14	12
flgF	6	4	4	2
flgG	11	5	8	6
flgH	3	5	9	8
flgI	9	7	11	11
flgJ	8	4	13	8
flgK	43	33	51	61
flgL	40	30	82	66
rluC	1035	820	960	808
plsX	2944	2198	2694	2270
fabH	4207	3027	3733	3399
fabD	4953	3258	4717	4581
fabG	7863	5253	8894	8560
fabF	8161	5678	6225	5937
pabC	331	254	399	262
yceG	328	245	291	221
tmk	299	188	238	222
holB	319	192	257	252
ycfH	443	300	464	349
ptsG	12883	9249	32058	28394
fhuE	325	127	307	244
ycfM	823	574	1016	948
ycfN	411	256	379	362
nagZ	921	643	901	879
ndh	959	651	255	253
ycfQ	116	69	246	213
ycfS	155	113	251	231
mfd	1646	996	1306	1249
lolC	485	268	436	355
lolD	395	232	254	191
lolE	803	597	1129	1005
ycfX	584	414	1057	924
cobB	760	526	835	739
potD	4785	3519	3877	3698
potC	573	402	468	433
potB	373	243	194	177
potA	728	420	330	303
pepT	363	307	600	511
ycfD	1081	780	1058	892
phoQ	1704	1327	1475	1358
phoP	1371	1090	1258	1173
purB	1521	848	815	762
hflD	274	138	175	177
trmU	1009	674	841	702
ymfC	100	71	60	68
icd	39514	27458	77740	71596
ycgE	497	328	595	543
ycgF	192	119	373	332
ycgG	13	10	27	17
minD	3298	2523	5472	5236
minC	1154	745	1468	1364
ycgM	975	677	1185	1050
umuC	68	51	82	74
nhaB	360	226	359	307
fadR	497	360	1092	838
ycgB	31	29	60	43
dadA	244	163	967	934
dadX	133	93	616	489
cvrA	360	275	283	270
emtA	553	409	526	491
ycgR	92	54	79	53
treA	30	24	82	57
dhaH	1048	733	624	579
dhaL	474	322	385	326
dhaK	871	562	679	655
dhaR	268	161	231	195
ychF	3004	2322	2365	2230
ychM	215	138	463	374
prsA	3780	2211	4218	4107
ispE	1008	568	1113	1020
lolB	440	291	395	398
hemA	824	636	850	752
prfA	717	594	575	576
prmC	289	206	190	188
ychA	654	533	723	628
kdsA	2216	1715	1901	1876
chaA	1646	1167	1002	819
chaC	320	249	157	165
ychP	146	106	137	124
narL	355	232	301	226
narX	272	185	217	140
narK	14	11	26	15
narG	63	48	84	82
narH	56	33	71	82
narJ	16	17	22	15
narI	20	13	46	26
purU	2111	1607	1048	1007
rssA	321	243	410	365
rssB	232	172	279	235
galU	2097	1583	2168	2139
tdk	514	415	407	341
adhE	8423	5824	3877	3526
ychE	75	61	64	68
oppA	1658	1115	3392	3115
oppB	321	223	505	456
oppC	422	311	657	620
oppD	559	383	755	748
oppF	610	393	774	639
cls	952	665	988	825
kch	342	245	231	203
tonB	731	377	719	611
yciC	574	443	759	711
ompW	525	927	6751	7959
trpA	2496	1633	1337	1240
trpB	4600	2742	2340	2107
trpD	2482	1274	1123	999
trpE	1305	743	432	415
yciV	418	317	495	472
yciO	356	234	337	337
rluB	1206	860	580	572
yciK	626	439	861	809
sohB	1637	1123	1758	1526
topA	5958	4136	6362	5958
cysB	568	434	505	423
acnA	1476	1105	4780	4635
pgpB	225	154	349	300
yciM	814	612	1234	917
pyrF	1329	959	756	720
deoT	314	201	386	319
gmr	644	481	488	411
rnb	5397	3536	2397	2365
fabI	6623	4837	4734	4544
sapF	188	133	190	152
sapD	301	196	267	241
sapC	107	71	100	79
sapB	122	93	121	99
sapA	276	186	247	225
puuP	47	31	383	297
puuA	134	66	1818	1292
puuD	180	108	2730	2001
puuB	14	6	240	203
puuE	20	12	262	180
pspF	137	82	189	161
pspA	524	425	677	583
ycjM	9	7	67	37
ycjN	2	4	28	21
ycjO	3	4	19	10
ycjP	3	3	10	12
ycjQ	13	13	22	21
ycjR	8	8	22	16
ycjS	18	10	36	27
ycjU	2	1	7	3
ompG	6	11	18	14
ycjW	161	100	192	186
ycjX	243	160	192	162
ycjF	245	151	283	257
tyrR	957	723	1112	981
ycjG	172	119	748	612
mpaA	111	68	219	176
ycjZ	159	123	212	162
mppA	959	777	2407	2022
ynaI	220	171	370	322
uspE	1375	1043	4993	4367
fnr	2207	1453	2988	2736
abgT	17	10	34	20
abgB	19	11	51	49
abgA	28	20	90	90
abgR	91	67	272	244
ydaM	55	45	89	57
ydaN	391	264	492	402
dbpA	155	107	134	92
ydaO	866	688	525	466
ompN	77	51	179	142
ldhA	607	424	662	582
feaR	155	108	2560	1734
feaB	131	95	396	322
maoC	37	30	189	144
paaA	26	14	231	170
paaC	26	21	151	132
paaJ	29	19	116	103
paaF	17	16	47	51
paaG	27	11	61	49
paaH	50	38	125	106
paaE	87	64	893	872
paaK	81	58	1289	1088
paaX	205	137	473	365
ydbC	66	47	1146	1024
azoR	340	261	356	286
hrpA	1394	931	706	678
ydcF	144	101	212	206
aldA	580	374	11616	10390
trg	68	63	183	140
ydcI	491	332	3009	2580
ydcJ	56	27	175	135
mdoD	1437	994	2305	1928
ydcK	41	28	68	63
tehA	100	60	145	103
ydcL	417	283	913	832
ydcO	75	41	106	75
ydcP	1475	1097	999	935
ydcR	269	169	237	207
ydcS	28	20	52	51
ydcT	9	15	11	9
ydcU	13	9	18	14
ydcV	19	12	14	23
ydcW	97	71	136	120
yncB	137	113	985	831
yncC	62	51	133	102
yncD	337	211	218	160
yncE	8137	3875	7130	6352
ansP	444	325	188	158
yncG	7	9	19	12
nhoA	90	71	121	131
narV	36	13	40	36
narW	11	7	20	13
narY	25	27	54	38
narZ	55	38	68	63
narU	9	10	9	13
yddG	149	115	99	106
fdnG	112	82	239	219
fdnH	29	30	63	65
fdnI	47	39	72	67
adhP	85	40	80	78
sfcA	1784	1315	1765	1753
ddpD	24	7	78	67
ddpC	19	11	50	58
ddpB	9	4	30	39
ddpA	16	14	124	98
dos	286	206	307	222
yddV	355	230	329	223
yddW	255	195	364	344
gadC	76	59	117	99
gadB	162	115	172	154
ydeM	21	11	267	235
ydeN	120	68	2784	2571
ydeO	8	5	6	6
ydeP	211	168	211	184
ydeQ	70	70	14	15
lsrK	79	57	529	435
lsrR	130	110	1007	882
lsrC	17	13	218	146
lsrD	12	11	174	127
lsrB	28	30	641	552
lsrF	70	39	723	668
tam	35	28	195	156
yneE	66	49	62	49
uxaB	164	108	258	218
yneF	215	177	206	162
yneH	283	207	223	204
yneI	147	138	128	97
ydeA	128	107	63	46
marC	108	85	95	81
eamA	422	264	683	545
ydeE	66	48	107	80
ydeH	230	194	652	525
dcp	2048	1488	2338	2154
ydfG	1567	1097	1934	1625
ydfH	357	285	413	349
ydfT	32	33	70	41
ydfU	6	3	13	12
rspB	105	77	220	152
rspA	243	159	456	380
ynfC	235	166	370	299
ynfF	50	46	85	64
ynfG	19	12	19	22
ynfH	127	81	122	122
dmsD	185	137	150	127
clcB	39	30	33	24
ynfK	132	121	745	632
dgsA	996	689	4211	3255
ynfL	61	37	55	39
ynfM	176	96	55	44
ydgD	175	125	202	175
ydgG	138	120	87	100
pntB	26422	18184	13597	13212
pntA	35926	23832	17514	16783
ydgH	3349	2354	6681	5699
ydgI	152	113	155	141
folM	207	148	350	329
rstA	661	499	741	761
rstB	738	532	872	680
tus	117	62	278	236
fumC	814	421	4422	3585
fumA	3208	2383	24905	23451
manA	657	491	933	918
ydgA	2375	1778	1896	1770
uidC	13	12	46	28
uidB	7	8	60	41
uidA	21	18	256	220
hdhA	675	540	679	658
malI	81	64	132	138
malX	112	108	303	303
malY	393	300	547	506
add	183	114	428	351
ydgJ	1395	938	1561	1311
rsxD	272	153	180	154
rsxG	214	105	145	105
rsxE	135	91	99	64
nth	151	79	108	84
ydgR	210	123	211	155
gst	644	441	1872	1650
pdxY	490	327	555	539
tyrS	6087	4221	4317	4019
pdxH	663	472	670	641
anmK	378	257	777	691
ydhJ	39	29	26	35
ydhF	233	161	506	446
nemA	222	142	231	238
rnt	138	77	95	88
ydhO	282	190	721	623
ydhP	361	256	91	75
purR	2158	1563	2087	1906
ydhB	118	85	122	86
ydhC	66	51	55	44
cfa	585	305	394	306
ribC	887	639	937	846
mdtK	152	102	208	149
ydhQ	587	415	869	697
ydhS	19	17	35	29
ydhT	17	17	50	39
ydhU	42	32	98	67
ydhX	25	16	42	55
ydhV	26	16	98	66
ydhY	4	2	11	6
pykF	5250	3691	1772	1735
ynhG	252	200	339	276
sufS	805	297	463	314
sufC	603	219	317	214
sufB	1221	457	599	442
ydiK	464	299	451	379
ydiM	5	6	35	18
ydiN	3	5	52	41
ydiB	53	34	77	74
aroD	382	221	386	338
ydiF	25	9	18	23
ydiO	27	14	38	21
ydiP	75	47	138	137
ydiQ	7	9	21	13
ydiR	13	17	32	29
ydiS	18	11	22	16
ydiD	32	36	137	80
pps	7622	5474	24242	22545
ydiA	179	108	273	221
aroH	476	300	155	149
ydiV	253	197	403	282
btuD	246	164	322	283
btuC	262	184	299	227
pheT	15295	10576	9176	8519
pheS	5466	3745	2796	2534
thrS	19354	14094	22223	19885
ydiY	91	58	45	42
pfkB	241	90	186	170
yniA	145	108	1353	1190
yniC	338	240	307	283
ydjN	7611	5672	2558	2352
katE	82	54	162	172
chbF	107	77	195	238
chbR	80	80	245	223
chbC	36	40	217	187
nadE	1778	1244	1214	1120
ydjQ	92	51	60	55
astE	6	12	69	73
astB	12	9	98	67
astA	12	6	85	67
astC	11	11	144	101
xthA	645	427	583	545
ydjX	45	29	88	62
ydjZ	37	26	47	47
ynjE	343	270	808	753
ynjF	57	45	62	53
gdhA	12043	7309	8923	9680
topB	1081	740	1642	1405
selD	1449	961	2114	1936
sppA	1164	819	1083	947
ansA	391	257	385	343
pncA	466	292	538	449
ydjE	35	25	83	65
ydjF	241	227	525	400
ydjG	89	66	167	149
ydjH	43	28	69	88
ydjI	53	36	75	118
ydjJ	43	41	106	82
ydjK	27	24	76	83
ydjL	32	35	85	77
gapA	42272	29884	18944	17827
yeaD	595	325	287	266
yeaE	257	165	320	318
mipA	4362	3193	2633	2363
yeaG	284	188	316	269
yeaH	45	32	92	56
yeaI	2	3	10	5
yeaJ	155	113	161	115
yeaM	70	37	82	52
yeaN	50	40	56	35
yeaP	940	695	798	603
yeaS	26	25	51	42
yeaT	70	62	228	179
yeaU	67	44	85	55
yeaV	21	15	421	324
yeaW	56	34	1649	1592
yeaX	55	33	1068	1029
rnd	235	156	417	362
fadD	429	319	5549	4968
yeaZ	581	395	411	357
yoaA	515	332	443	390
sdaA	151	112	205	150
adrB	31	41	69	60
yoaE	335	233	507	469
manX	5828	3975	44968	40200
manY	4750	3406	33320	30618
rrmA	228	185	178	141
kdgR	1301	1050	2169	1904
yebQ	16	19	40	34
htpX	4203	3013	5238	4516
prc	5880	4217	5133	4767
yebS	180	115	189	130
yebT	466	341	398	324
yebU	340	239	222	191
pphA	37	26	73	54
yebZ	864	636	221	170
yobB	124	69	164	169
exoX	210	131	274	248
ptrB	208	111	187	183
yebE	238	150	468	438
purT	1577	1101	975	789
eda	1079	752	538	500
edd	684	421	304	288
zwf	4412	2853	2182	1996
yebK	368	234	1135	984
pykA	1852	1175	2849	2927
lpxM	616	421	571	520
yebA	3632	2652	3711	3202
znuA	19263	13534	8700	7940
znuC	892	656	696	621
znuB	767	571	585	539
ruvB	576	377	628	522
ruvA	367	223	442	387
yebB	24	14	21	14
yebC	3200	2356	2320	2237
aspS	5329	3743	4050	3793
yecE	61	35	102	92
yecO	293	185	159	130
yecP	467	364	239	202
torY	4	6	52	37
cutC	641	459	695	600
argS	2985	2213	2243	1955
flhA	125	95	159	149
flhB	6	5	11	12
cheZ	31	34	55	38
cheB	12	11	15	14
cheR	10	9	10	5
tap	16	7	24	19
tar	15	7	13	11
cheA	56	36	65	53
motB	19	12	17	19
motA	16	8	14	6
otsA	111	85	165	129
otsB	24	20	40	35
araH	29	22	392	376
araG	54	31	750	698
araF	34	19	1714	1451
tyrP	331	264	301	218
yecA	795	606	1809	1467
uvrC	968	704	727	599
uvrY	1302	1077	1238	968
sdiA	260	180	267	201
yecC	381	264	246	193
yecS	283	182	174	142
yedO	771	435	441	414
fliY	6432	4397	4655	4529
fliA	3	3	7	8
fliD	22	12	24	15
amyA	132	85	246	211
yedE	1487	1062	6199	5720
fliF	9	3	7	4
fliG	13	8	6	10
fliH	6	3	9	3
fliI	7	3	6	4
fliM	13	5	12	12
fliP	6	4	4	12
fliR	14	10	45	22
rcsA	63	38	322	238
yedP	19	23	38	44
yedQ	177	101	247	201
yedI	312	230	415	374
yedA	24	14	41	26
dcm	818	520	703	581
yedJ	213	128	184	148
hchA	158	124	197	173
yedW	435	357	367	283
yedZ	65	43	68	59
yodA	17212	16450	4398	4208
yeeI	583	414	4090	3397
shiA	897	519	403	345
amn	411	240	405	395
yeeN	1937	1594	1431	1247
yeeO	96	94	140	93
cbl	1621	1199	1015	962
nac	31	16	50	53
erfK	353	243	483	374
cobS	231	165	257	224
yeeA	90	48	133	131
dacD	54	50	62	54
yeeE	944	659	2611	2106
yeeF	4880	3739	1510	1506
yeeY	137	89	173	126
yeeZ	745	458	690	620
hisG	2065	1238	1643	1546
hisD	1898	1023	1204	1191
hisC	1694	957	1366	1277
hisB	2688	1460	2088	2003
hisA	2081	1266	2129	2085
hisF	2135	1326	1818	1765
ugd	437	313	603	525
gnd	8306	6421	2857	2801
galF	3653	2728	2141	1954
wcaL	24	17	15	23
wcaK	15	8	13	11
wzxC	7	4	8	9
wcaJ	9	1	5	13
cpsG	2178	1433	14	10
cpsB	1332	926	29	28
fcl	17	9	20	21
gmd	17	9	30	20
wcaE	3	3	8	2
wcaD	6	3	16	10
wcaC	15	10	14	12
wcaA	6	2	11	7
wzc	22	16	28	26
wza	8	4	6	3
yegH	500	399	397	343
asmA	1142	758	1528	1176
udk	424	321	365	311
yegL	10	4	13	9
mdtA	36	34	33	30
mdtB	111	82	101	76
mdtC	82	78	92	78
baeS	69	55	57	57
baeR	146	95	126	108
yegQ	621	445	241	243
yegS	23	24	43	34
gatD	19	13	32	27
gatZ	3	10	42	49
gatY	5	5	33	28
fbaB	405	306	1333	1151
yegT	59	35	128	100
yegU	63	53	112	89
yegV	62	33	89	81
yegW	128	82	194	146
yegX	142	85	107	84
thiD	1423	844	1562	1339
thiM	1568	986	1820	1473
rncA	46	39	55	55
yehA	12	8	28	27
yehC	0	1	0	0
mrp	2349	1812	1677	1658
metG	3024	1825	1887	1912
yehL	23	15	17	9
yehP	24	28	32	29
yehT	262	201	792	635
yehU	490	347	1493	1212
mlrA	38	19	54	48
yehW	17	15	30	17
yehX	26	19	33	25
yehY	18	5	25	15
yehZ	26	17	44	27
bglX	1898	1294	1970	1912
dld	1770	1129	4988	4453
pbpG	453	315	442	427
yohF	33	15	29	21
dusC	392	239	274	202
yohK	35	18	32	24
cdd	69	49	419	369
sanA	160	87	131	87
yeiT	38	37	663	627
yeiA	70	67	775	636
mglC	337	263	3106	2759
mglA	561	465	5750	5066
mglB	1455	1112	23103	20741
galS	100	78	957	735
yeiB	348	188	161	136
folE	2469	1301	795	831
frmC	383	182	734	610
cirA	8202	2689	1685	1431
lysP	5929	3858	1851	1684
yeiE	182	109	283	229
yeiH	200	107	260	206
nfo	304	206	296	265
yeiJ	59	35	90	70
rihB	13	4	56	48
yeiL	19	18	108	53
yeiC	4	1	50	37
fruA	859	604	1120	957
fruK	476	286	557	460
fruB	473	293	491	471
setB	36	21	31	32
yeiQ	229	135	196	156
yeiR	237	208	181	164
yeiU	386	323	142	101
rtn	310	189	362	293
yejB	89	69	137	139
yejE	123	105	169	129
yejF	314	199	388	382
bcr	298	189	242	183
rsuA	449	301	247	231
yejH	63	39	38	35
yejK	1479	1099	1061	1010
yejM	780	509	851	659
narP	241	196	315	335
ccmH	174	179	253	267
ccmF	283	293	304	316
ccmC	93	99	139	127
ccmB	68	57	64	80
ccmA	66	80	136	136
napC	95	121	220	215
napH	43	59	118	104
napG	44	64	126	117
napA	305	404	638	687
mqo	1095	694	121	107
yojI	953	624	647	542
alkB	23	20	28	21
ada	69	44	123	100
yojL	49	38	61	58
rcsB	1923	1343	2412	2207
rcsC	915	671	1017	882
yfaP	13	3	16	13
yfaQ	29	22	58	46
yfaT	1	2	5	2
gyrA	8946	6396	7981	7263
ubiG	443	277	436	362
nrdA	2307	1368	1621	1432
nrdB	1607	1123	1461	1343
inaA	301	187	283	236
glpQ	331	247	2975	2466
glpT	100	59	1513	1187
glpA	20	13	21	22
glpB	14	10	17	12
glpC	23	14	43	29
yfaY	333	223	290	243
ais	146	85	123	126
yfbE	547	374	1274	1032
yfbF	144	76	259	243
yfbG	360	251	703	608
yfbH	123	84	319	299
arnT	146	103	401	332
menE	341	266	248	215
menC	437	291	288	289
menB	780	557	620	596
yfbB	160	142	163	137
menD	252	199	298	279
menF	325	237	344	320
elaC	145	91	169	133
nuoN	2334	1580	2463	2177
nuoM	2164	1484	2465	2203
nuoL	3941	2699	4370	3889
nuoH	2602	1883	2763	2529
nuoG	8739	6362	8924	8387
nuoF	3788	2804	3543	3274
nuoC	4672	3515	5136	4757
nuoB	2457	1674	3539	3243
lrhA	636	565	3165	2805
yfbQ	690	464	1432	1390
yfbS	205	139	435	389
yfbT	1907	1345	1055	858
ackA	2302	1554	3795	3672
pta	3849	2537	5468	5213
yfcF	111	58	108	88
yfcG	13	11	23	18
yfcH	691	437	612	586
hisP	1338	909	1136	1095
hisM	1094	758	935	854
hisQ	2094	1634	2412	2130
hisJ	10536	7580	11742	10525
purF	4608	3337	2386	2213
dedD	569	370	631	511
folC	1061	762	919	845
accD	5631	4128	5500	4695
truA	625	456	525	489
usg	1225	873	895	855
pdxB	1379	1008	949	923
flk	289	199	268	202
yfcJ	153	92	54	57
fabB	7074	4692	9614	8855
trmC	369	260	382	306
yfcA	380	290	307	308
mepA	537	354	420	372
aroC	1742	1084	1105	924
prmB	1284	842	1080	961
yfcY	85	51	785	740
fadL	1106	682	1025	952
vacJ	1243	984	1679	1406
yfdC	23	31	63	38
dsdA	131	90	97	95
emrY	18	14	13	7
emrK	19	14	10	9
evgA	460	361	140	133
yfdE	25	23	41	26
yfdV	11	14	14	24
oxc	45	25	51	64
frc	60	31	43	62
yfdX	18	17	28	37
ddg	34	39	65	42
yfdZ	855	536	726	671
ypdA	140	99	134	88
ypdB	165	124	196	164
ypdC	54	40	61	36
ypdD	56	53	96	84
ypdE	13	3	26	27
ypdF	16	15	50	34
ypdG	17	9	41	33
glk	937	614	934	781
yfeO	70	50	114	102
mntH	451	302	386	353
nupC	2371	1823	2294	1992
yfeA	399	356	563	448
gltX	3307	2523	2282	2095
yfeR	91	66	117	100
yfeH	725	454	423	318
ligA	884	591	937	826
zipA	2879	1965	3316	3096
cysZ	168	150	373	300
cysK	20013	15004	18498	17921
ptsI	32290	22767	25737	23743
pdxK	687	492	521	551
cysM	2579	1704	1241	1277
cysA	2950	1875	1524	1528
cysW	1682	1064	1111	1010
cysU	1347	915	810	792
cysP	3181	2024	2337	2011
ucpA	816	517	6726	6111
yfeT	53	53	128	125
yfeU	108	54	228	186
murP	51	56	212	183
murQ	87	74	370	343
yfeX	924	687	863	779
amiA	461	302	378	286
hemF	195	127	145	119
yfeG	46	15	50	54
eutL	36	31	41	33
eutC	17	19	52	51
eutB	38	30	82	91
eutA	6	7	27	26
eutH	21	10	49	36
eutG	7	6	23	19
eutJ	5	2	5	9
eutE	10	5	13	18
eutI	9	10	137	113
eutT	11	7	85	84
eutQ	7	9	121	115
maeB	3700	2499	16573	16815
talA	150	106	364	286
tktB	174	116	274	234
ypfG	27	24	127	134
aegA	54	45	100	97
narQ	136	115	205	186
acrD	123	88	182	183
dapE	983	738	646	648
ypfH	178	158	234	237
ypfJ	669	494	650	513
purC	3831	2825	3419	3002
nlpB	4939	3500	5250	4800
dapA	5699	4011	6313	5826
hyfA	4	3	4	5
hyfC	3	6	5	10
hyfD	6	3	9	9
hyfE	6	2	7	0
hyfG	13	13	18	20
hyfI	6	6	14	8
perM	263	196	316	243
yfgC	855	606	1624	1472
hda	558	414	423	353
uraA	1187	918	569	545
upp	3026	2098	2092	2088
purM	4147	2809	2769	2497
purN	1075	751	496	457
ppk	847	600	873	739
ppx	713	474	641	596
yfgF	68	56	110	88
guaA	4792	3023	1999	1852
guaB	3819	2538	1297	1122
xseA	516	294	238	200
der	1867	1396	1584	1410
yfgL	4077	2966	4205	3777
yfgM	1867	1365	1800	1712
hisS	4259	2941	3337	2948
ispG	1636	1213	1631	1479
yfgA	1253	822	1278	1061
yfgB	1216	841	1013	928
pbpC	131	80	225	186
sseA	591	336	2617	2156
sseB	571	349	575	480
pepB	1247	683	1532	1337
hscA	2196	1199	1661	1621
iscS	6003	3204	7629	8252
yfhQ	574	341	458	361
suhB	1684	1323	861	707
yfhR	22	13	24	23
hcaT	136	77	290	211
hcaR	506	357	5204	4106
hcaE	21	13	43	37
hcaB	13	7	29	29
yphB	29	24	69	65
yphC	27	19	79	46
yphD	9	2	33	25
yphE	26	22	89	81
yphF	13	10	96	77
yphH	126	93	179	154
glyA	22427	15714	15946	14578
hmp	386	296	956	826
yfhA	424	326	382	289
yfhG	317	238	227	191
yfhK	395	241	463	359
yfhD	241	194	195	174
yfhB	212	187	258	217
yfhH	143	123	272	215
pdxJ	1201	850	1156	1048
recO	474	341	336	347
era	1511	1018	823	734
rnc	1018	691	736	615
lepB	1660	1136	1370	1240
lepA	4341	3036	3516	3203
rseB	873	647	1647	1263
rseA	2194	1616	7221	5981
yfiC	192	135	208	186
srmB	506	280	308	272
yfiE	93	70	102	102
ung	340	274	366	313
yfiF	970	675	681	627
yfiP	70	62	70	45
yfiQ	405	335	3757	3177
pssA	2042	1401	3991	3473
kgtP	795	563	4412	3788
clpB	3454	2614	5380	4973
yfiH	328	257	167	144
rluD	671	483	517	462
yfiO	2593	1901	3567	3258
pheA	1982	1349	832	786
tyrA	4932	3013	1355	1375
aroF	5935	4057	2003	1882
yfiN	87	54	103	75
trmD	24226	17483	16378	15623
ffh	1920	1287	1535	1394
ypjD	361	225	335	271
yfjD	495	366	571	468
yfjB	226	168	314	278
recN	255	167	308	271
gabT	82	57	901	707
gabP	28	18	228	196
csiR	166	109	327	223
nrdF	164	68	106	71
proV	793	461	278	224
proW	295	161	69	83
proX	412	201	227	191
ygaZ	780	478	596	489
emrA	405	304	140	119
emrB	321	261	123	125
gshA	2460	1838	2186	2088
alaS	14322	9894	11499	10943
recA	3395	2377	3626	3201
mltB	184	103	106	91
srlE	15	4	31	34
srlD	82	57	92	93
srlR	201	116	383	333
gutQ	205	153	387	307
norV	13	3	22	17
norW	22	11	17	17
ascG	338	238	413	356
ascF	16	13	35	38
hycG	37	17	52	37
hycE	17	4	16	17
hycD	6	7	6	4
hycC	7	12	10	9
hycB	5	1	2	1
hypB	54	36	126	103
hypD	65	60	97	75
hypE	79	65	86	90
fhlA	74	52	80	78
mutS	692	471	570	520
ygbI	233	166	698	596
ygbJ	16	14	62	35
ygbK	39	27	73	52
ygbL	21	12	31	30
ygbM	31	25	46	34
ygbN	30	20	64	35
nlpD	11162	8193	40414	35632
pcm	670	415	630	530
surE	720	461	351	331
truD	1282	847	1158	1044
ispD	624	423	434	400
cysC	2209	1373	1008	866
cysN	8430	5542	3531	3352
cysD	4831	3141	1963	1835
iap	199	152	220	195
cysH	4612	3377	1974	1994
cysI	9685	6504	4065	4228
cysJ	6920	4520	2465	2424
ygcQ	37	24	38	30
ygcR	8	11	21	22
ygcS	9	6	10	9
ygcU	31	21	93	104
ygcW	13	9	71	59
yqcE	26	28	61	58
ygcF	498	411	469	426
eno	33637	26255	13705	12519
pyrG	6889	5208	3439	3282
mazG	609	520	762	629
relA	2610	1868	2884	2598
barA	532	443	592	514
gudD	112	77	169	137
gudX	48	45	78	70
gudP	11	16	39	42
truC	202	116	175	117
queF	693	493	663	523
ygdH	736	439	1444	1233
sdaC	412	283	115	98
sdaB	210	175	104	90
exo	148	112	271	229
fucO	96	69	4489	3807
fucA	19	13	910	779
fucP	10	13	144	100
fucI	74	35	404	393
fucK	92	63	277	269
fucR	354	241	2031	1791
ygdE	540	422	549	490
gcvA	274	182	273	231
csdA	309	202	205	170
ygdL	356	219	285	274
mltA	1331	959	1988	1677
amiC	856	709	510	413
argA	7972	5541	2597	2543
recD	700	490	537	481
ptr	961	719	1216	1061
recC	732	485	728	600
thyA	1011	665	620	583
lgt	599	350	453	376
ptsP	1445	962	1400	1163
mutH	150	108	257	201
ygdQ	111	68	124	91
tas	582	359	457	477
ygeD	283	185	345	333
aas	872	543	1046	919
galR	257	175	280	241
lysA	1853	1221	922	855
lysR	92	49	86	64
ygeA	205	125	282	199
araE	349	284	357	316
kduD	60	50	117	89
kduI	45	37	94	70
yqeF	1173	817	6231	5455
yqeG	70	58	102	77
yqeH	14	15	47	22
yqeI	33	30	40	21
ygeH	5	6	10	6
ygeR	460	290	582	558
xdhA	61	36	355	347
xdhB	17	14	122	110
ygeV	148	118	2738	2254
ygeW	12	4	49	37
ygeX	17	16	58	31
ygeY	9	9	43	40
hyuA	14	10	24	21
yqeA	32	31	97	65
yqeB	36	23	332	297
yqeC	5	3	217	175
ssnA	13	4	30	13
ygfM	13	8	12	28
xdhD	61	55	122	118
ygfO	27	20	36	44
guaD	127	121	199	165
ygfT	56	36	144	162
ygfU	3	8	101	72
lysS	5423	3784	3734	3239
prfB	4244	2911	2842	2577
recJ	1209	879	703	602
dsbC	783	571	646	588
xerD	653	450	550	476
ygfZ	909	570	1064	914
yqfA	116	90	192	170
bglA	1198	827	848	816
ygfF	33	29	17	22
gcvP	2529	1899	1066	939
gcvT	2242	1700	902	783
visC	525	365	446	385
serA	22724	15304	5842	5878
rpiA	1453	1058	1559	1497
argP	565	401	513	448
yliK	48	33	57	39
argK	10	13	10	16
ygfG	11	5	19	16
ygfH	30	28	48	49
ygfI	47	44	117	76
yggE	430	334	545	503
argO	124	78	96	84
mscS	2076	1593	771	686
fbaA	13947	10631	10132	9808
pgk	11509	8717	8984	8265
epd	2469	1738	1618	1544
yggF	13	7	17	11
cmtA	16	10	37	30
tktA	7882	4872	9481	8632
yggG	1100	875	2269	1996
speB	875	569	391	317
speA	8625	5938	6082	6073
metK	9908	6580	4698	4185
galP	161	121	65	60
endA	76	60	19	22
yggJ	372	246	308	291
gshB	804	496	793	748
yggS	417	304	361	335
yggW	477	363	347	309
yggM	29	21	99	90
ansB	67	47	143	151
yggN	469	360	529	536
yggH	1216	908	744	621
mutY	414	296	167	161
mltC	456	277	337	273
nupG	164	134	3080	2436
yqgA	30	23	39	34
yghK	29	25	481	386
glcF	52	30	1455	1264
glcD	32	23	1243	1129
glcC	153	96	2271	1791
ECIAI1_3132	11	9	14	13
yghR	10	8	18	7
yghS	9	11	16	17
yghT	3	6	9	9
pitB	38	28	37	29
gss	1035	771	636	570
yghU	595	390	1537	1301
hybC	342	252	580	593
hybB	39	52	142	148
hybA	31	18	126	142
hybO	65	51	186	178
yghZ	213	123	1873	1632
yghA	15	5	21	18
exbB	2937	1655	2059	1674
metC	1476	1052	1310	1187
yghB	256	181	286	246
yqhC	116	70	135	106
yqhD	343	191	461	423
dkgA	84	58	212	170
yqhG	48	25	69	39
ygiQ	831	532	313	286
sufI	761	512	627	495
plsC	394	285	355	254
parC	1750	1254	1318	1229
qseB	126	110	144	128
parE	1969	1455	1322	1268
cpdA	869	603	1791	1447
nudF	423	296	435	367
tolC	2906	1609	1899	1836
ygiC	2218	1640	2492	2316
ygiE	393	272	610	526
ribB	570	431	555	520
yqiJ	18	13	40	39
yqiK	36	18	90	58
rfaE	1730	1170	1194	1106
htrG	246	164	773	738
cca	414	284	587	489
bacA	573	524	448	389
plsY	212	126	205	155
ygiP	34	33	32	30
ttdA	10	6	7	6
ttdB	8	5	9	5
ygjE	27	31	24	17
gcp	556	394	381	326
dnaG	2041	1460	1763	1571
rpoD	4349	2783	5202	4786
yqjH	277	102	133	101
yqjI	194	135	112	119
aer	115	106	156	113
ygjG	65	45	106	89
ebgR	83	46	100	75
ygjI	5	4	15	19
ygjJ	7	4	7	3
ygjK	24	18	38	24
ygjO	264	182	111	96
ygjQ	19	18	26	23
ygjR	161	108	694	608
alx	63	48	30	34
sstT	1857	1274	2408	2089
uxaA	326	187	327	323
uxaC	347	178	473	396
exuT	141	87	359	331
exuR	487	346	491	416
yqjA	371	263	373	303
yqjG	85	52	73	72
yhaJ	536	352	473	450
yhaK	32	25	58	44
yhaM	76	57	78	80
yhaO	31	26	55	46
tdcG	45	37	100	72
tdcE	207	140	486	431
tdcD	13	18	141	103
tdcC	89	72	436	332
tdcB	9	8	223	155
tdcA	8	9	180	122
garK	73	55	118	92
garR	53	49	173	139
garL	12	12	41	34
garP	44	23	79	56
garD	63	45	440	372
agaR	383	352	521	437
kbaZ	27	13	82	93
agaS	18	9	21	18
kbaY	10	11	26	18
agaC	8	12	18	13
agaD	14	9	29	21
agaI	19	17	9	15
yraI	6	7	14	12
yraL	383	230	336	306
yraQ	321	234	364	301
yraR	66	38	78	70
yhbU	22	29	42	29
yhbV	29	32	26	22
yhbW	118	76	56	55
mtr	347	210	232	173
deaD	1747	1297	693	669
nlpI	3871	3012	5728	4807
pnp	11016	7951	11372	10546
truB	1389	1104	788	820
infB	16318	12137	12336	12203
nusA	6532	4770	5305	5142
argG	15664	11641	3918	3786
yhbX	69	47	74	64
glmM	2130	1454	1802	1763
folP	513	304	395	406
ftsH	11824	8288	10548	9479
rrmJ	1755	1199	2355	2066
dacB	243	132	156	120
obgE	1345	933	1036	951
yhbE	636	453	457	362
ispB	1209	880	969	896
murA	3253	2099	2272	2277
yrbC	1273	898	1226	1149
yrbE	938	701	640	560
yrbF	1269	965	937	889
yrbG	382	227	337	281
kdsD	1112	793	1013	995
lptB	1135	809	1199	1094
rpoN	3074	2171	4565	3903
yhbJ	936	655	980	818
yrbL	2288	1497	2647	2479
mtgA	437	298	630	569
elbB	870	656	1414	1259
arcB	829	611	1539	1396
yhcC	24	16	20	23
gltB	16360	9971	2053	2188
gltD	8058	5349	1206	1173
nanE	32	11	145	135
nanT	32	25	238	174
nanA	67	43	211	179
nanR	484	387	531	366
dcuD	31	20	57	39
sspA	2879	2108	2457	2199
degQ	730	541	1057	922
degS	373	256	346	258
mdh	16193	11565	26332	24177
aaeB	37	34	52	51
aaeA	56	41	62	56
aaeR	121	82	90	65
tldD	1236	865	893	802
rng	1244	852	920	845
mreC	620	425	449	363
mreB	2562	1622	2218	2189
csrD	507	385	1084	973
yhdH	548	356	1053	1009
accC	7404	5309	6754	6760
panF	255	184	150	151
prmA	575	393	408	382
dusB	5549	4377	4212	3724
yhdJ	51	48	80	85
envR	19	13	32	16
acrE	9	13	20	10
acrF	198	144	228	186
aapQ	35	26	61	48
aapP	38	28	97	75
aroE	613	474	455	397
smf	377	279	741	635
fmt	1236	825	992	905
rsmB	563	420	476	435
trkA	524	423	479	451
rpoA	72728	52971	41798	39522
rpsD	47661	35056	29833	28012
secY	63778	48810	38109	36746
rpsC	41711	30497	24030	24096
rplB	44418	33293	24211	24319
rplD	36653	27363	19199	18662
rplC	46335	34264	24179	24243
tufA	128693	94285	96234	89270
fusA	100410	75567	57809	55796
yheO	920	721	987	787
fkpA	5998	4603	8396	7427
kefB	288	176	318	280
yheS	695	499	482	440
yheT	237	148	153	123
prkB	275	190	347	322
crp	2706	1764	4268	3725
yhfK	763	449	611	531
argD	4534	3085	1695	1550
fic	47	39	52	53
tsgA	203	124	58	45
nirB	94	152	77	46
nirC	32	20	24	22
cysG	663	434	585	487
frlA	12	7	17	13
frlB	15	7	11	11
frlC	25	16	27	31
frlD	19	20	34	38
frlR	135	68	145	134
yhfS	32	24	53	38
yhfT	21	15	47	47
php	13	11	20	20
yhfZ	187	168	312	296
trpS	3029	2008	1971	1814
gph	933	621	656	678
rpe	821	620	818	733
dam	682	500	568	511
aroB	4198	3254	3253	2996
hofQ	27	19	94	86
yrfD	36	33	113	102
mrcA	1835	1319	1068	881
igaA	660	458	1012	909
yrfG	427	293	328	289
hslO	1079	687	704	673
pck	2084	1547	26455	24033
envZ	341	200	587	462
ompR	595	365	1381	1200
yhgF	2625	1679	1564	1437
feoB	1245	759	1202	1105
yhgA	48	46	41	41
bioH	262	183	208	147
gntX	217	143	217	174
gntT	1089	857	1962	1846
malQ	718	523	1211	1159
malP	1050	782	1310	1217
malT	3693	2658	14655	12471
rtcB	83	51	62	64
glpG	582	442	386	328
glpD	43	47	71	66
glgP	4562	3088	7504	6665
glgA	2465	1644	3888	3527
glgC	2791	1781	4315	4243
glgX	2978	2053	3681	3491
glgB	6267	4361	6871	6313
asd	11939	7537	4624	4514
gntU	110	88	91	59
gntR	266	154	207	192
yhhW	130	94	159	152
yhhX	717	483	701	617
yhhZ	3	0	6	5
ggt	48	32	69	41
ugpC	63	28	149	148
ugpE	11	10	59	72
ugpA	16	9	43	49
ugpB	126	85	854	708
livF	989	691	656	601
livG	1179	805	888	723
livM	1933	1313	1507	1305
livH	1792	1263	1685	1536
livK	3550	2507	4384	4017
livJ	12210	7523	15135	13670
rpoH	2145	1510	4207	3793
ftsX	936	659	866	730
ftsE	681	452	538	499
ftsY	2230	1622	2156	1837
yhhN	238	124	156	155
yhhQ	67	52	62	56
yhhS	151	108	71	72
yhhT	52	33	63	55
nikA	28	12	29	21
nikB	9	7	13	12
nikC	8	6	13	7
nikD	8	3	10	6
nikE	11	8	5	6
yhhI	406	388	189	125
yhhJ	507	434	1093	1002
rbbA	1030	773	1875	1704
yhiI	948	662	1748	1605
yhiM	57	55	61	60
yhiN	489	352	257	206
pitA	1999	1364	1351	1244
yhiP	32	29	46	33
yhiQ	116	67	61	50
prlC	1306	733	931	903
yhiR	170	94	111	93
gor	1092	716	906	795
arsB	44	32	57	42
yhiD	27	15	33	27
mdtE	21	19	18	7
mdtF	120	63	91	84
gadW	184	118	36	25
gadX	271	290	75	64
gadA	149	109	157	140
yhjA	65	43	81	62
treF	83	48	77	74
yhjB	49	40	58	44
yhjC	114	80	66	68
yhjD	68	57	55	50
yhjE	3927	2299	2028	1816
yhjG	62	40	40	57
yhjH	9	10	9	15
kdgK	240	156	278	254
yhjJ	584	418	887	739
dctA	425	284	7144	6703
yhjK	410	266	399	356
bcsC	659	407	639	584
bcsZ	151	116	226	181
bcsB	330	173	310	309
bcsA	440	305	296	268
bcsE	292	184	338	255
bcsG	135	93	164	155
yhjV	164	119	175	139
dppF	425	319	526	497
dppD	470	363	784	673
dppC	434	358	679	717
dppB	485	407	905	842
dppA	5704	4310	15461	14357
eptB	118	100	882	663
yhjX	18	12	24	16
yhjY	61	38	76	61
yiaD	151	113	116	77
tiaE	1031	566	594	511
yiaF	1781	1420	1946	1817
glyS	5689	4037	4242	3877
glyQ	2547	1891	1879	1706
yiaH	79	58	65	48
xylB	118	69	229	193
xylA	83	49	328	286
xylF	32	22	643	599
xylG	36	29	371	287
xylH	61	45	249	187
xylR	211	146	523	427
bax	2277	1573	15042	13165
avtA	1443	1001	1160	1015
yiaJ	408	308	233	194
yiaK	13	8	90	89
yiaN	5	4	28	32
yiaO	2	1	80	63
sgbH	2	4	43	42
sgbU	7	3	72	51
sgbE	12	6	64	47
yiaT	18	16	29	36
yiaU	84	46	111	83
yiaV	19	20	28	18
aldB	37	27	421	312
yiaY	25	21	50	57
selB	1256	886	863	809
selA	586	404	390	348
yibF	188	121	203	172
yibH	26	24	68	56
mtlA	574	384	1655	1280
mtlD	539	413	637	570
lldP	128	84	294	239
lldR	76	57	117	91
lldD	149	78	163	162
cysE	848	529	1050	975
gpsA	1742	1169	2066	1976
gpmI	2250	1665	446	415
envC	842	587	528	394
yibQ	313	234	225	198
yibD	32	14	75	37
tdh	211	141	283	243
kbl	233	192	522	445
waaD	1239	810	875	760
waaF	990	724	806	712
kdtA	543	334	561	472
mutM	192	156	187	144
yicR	839	640	959	847
dfp	507	277	408	388
pyrE	952	747	259	236
yicC	1143	780	853	780
yicG	5	4	11	4
ligB	41	31	86	72
gmk	1005	652	735	637
spoT	3072	2074	1762	1547
trmH	513	342	285	278
gltS	556	439	316	257
yicE	1309	769	605	523
yicH	720	511	1028	869
yicI	89	53	108	91
yicJ	22	20	58	37
setC	16	11	21	11
yicL	305	226	331	259
nlpA	1815	1282	983	943
yicM	102	81	28	17
uhpT	12	11	115	79
uhpC	93	54	39	39
uhpB	174	128	98	61
ilvB	1855	1159	1837	2041
emrD	6	7	26	12
yidJ	39	25	106	86
yidK	8	3	46	30
yidL	39	26	107	100
yidP	25	16	25	16
yidE	501	389	1637	1431
yidR	214	147	268	230
cbrA	20	6	27	27
dgoT	27	13	85	49
dgoD	43	31	146	112
dgoA	17	15	58	56
dgoR	130	116	290	298
yidX	95	99	167	92
yidA	422	233	196	151
gyrB	3642	2529	2516	2391
recF	443	348	193	166
dnaN	1049	786	834	682
dnaA	1771	1215	1534	1338
yidC	5152	3553	4033	3746
trmE	497	351	395	331
tnaA	71	44	1130	939
tnaB	16	9	97	86
mdtL	33	20	19	16
yidZ	125	78	110	65
yieE	139	81	406	328
yieH	250	193	241	182
yieK	40	28	31	30
yieL	23	29	44	35
bglH	17	8	23	26
bglB	16	9	18	14
bglG	5	4	29	19
phoU	437	351	940	862
pstB	441	325	818	681
pstA	145	106	196	151
pstC	165	131	245	185
pstS	405	288	760	667
glmS	7380	5414	2305	2148
glmU	5782	4129	2353	2166
atpD	27211	18697	25689	24027
atpG	16672	11309	15487	14304
atpA	41597	29737	39671	37096
atpB	13608	9902	15298	14043
gidB	326	264	247	214
gidA	1981	1387	1087	1011
asnA	2223	1312	701	605
yieM	244	195	244	197
ravA	259	196	201	213
trkD	426	268	323	256
rbsA	212	145	407	350
rbsC	142	88	582	410
rbsB	789	867	9736	7771
rbsK	415	289	1652	1482
rbsR	181	138	482	390
hsrA	98	90	118	89
yieP	251	209	156	142
hdfR	310	228	313	289
yifB	36	38	64	52
ilvE	9807	6367	5767	5775
ilvD	10524	6609	5523	5326
ilvA	6150	3840	2542	2391
ilvY	184	99	99	90
ilvC	22146	16004	6877	6753
rep	748	519	487	398
gpp	1195	702	993	873
rhlB	2450	1589	1985	1705
rho	3096	1809	2502	2207
rfe	1117	864	992	838
wzzE	947	658	781	659
rffE	805	588	419	368
rffD	828	554	455	365
rffG	678	375	399	353
rffH	434	305	266	259
rffC	208	171	135	124
rffA	435	297	348	306
wzxE	383	232	247	211
rffT	306	225	202	176
wzyE	197	174	132	147
rffM	216	155	159	131
yifK	1049	729	589	577
hemY	1491	965	1998	1763
hemX	1544	1008	2179	2005
hemD	507	293	624	570
hemC	766	487	752	695
cyaA	2857	1891	1162	1040
dapF	814	535	705	572
yigA	470	310	436	349
xerC	563	371	442	403
yigB	318	210	249	273
uvrD	702	453	565	487
yigE	60	38	56	44
corA	981	689	1172	1046
rarD	154	106	102	102
pldA	887	643	810	681
recQ	807	511	531	478
rhtC	393	294	404	310
rhtB	216	153	244	212
pldB	385	283	562	451
yigL	260	165	186	168
yigM	171	121	144	104
metR	486	355	518	410
ysgA	838	530	2795	2563
udp	920	562	4232	3776
rmuC	189	159	658	557
ubiE	1144	818	1179	1119
yigP	714	452	456	385
ubiB	1104	741	1074	1007
tatC	1136	836	744	646
tatD	265	193	204	141
ubiD	1677	1148	2552	2091
fre	1010	728	1447	1239
fadA	118	73	2215	1933
fadB	269	171	6744	5784
pepQ	2141	1448	2991	2820
yigZ	290	214	382	375
trkH	559	380	533	439
yihE	1016	766	908	852
dsbA	2169	1615	2462	2205
yihG	111	89	80	61
polA	1535	1066	2402	2130
hemN	1031	695	977	795
glnG	818	555	312	271
glnL	676	427	206	175
glnA	8991	6186	4170	4113
bipA	11721	8297	4832	4488
yihL	82	56	91	73
yihM	106	89	187	181
yihN	55	48	92	108
ompL	7	6	1	5
yihO	6	8	24	16
yihP	12	15	47	31
yihQ	35	17	89	80
yihS	69	36	172	161
yihT	29	20	90	106
yihU	14	12	40	33
yihV	30	25	111	86
yihW	257	164	516	416
rbn	203	171	499	441
yiiD	658	431	756	688
fdhE	385	224	530	458
fdoI	107	73	269	268
fdoH	180	128	497	432
fdoG	1371	957	3631	3353
fdhD	213	191	294	254
frvB	11	6	10	17
rhaD	19	6	11	12
rhaA	5	5	16	7
rhaS	22	22	262	196
rhaR	31	22	282	196
sodA	16891	8516	19121	14671
kdgT	31	25	126	106
yiiM	272	187	295	248
cpxA	1515	1085	1572	1368
cpxR	1327	972	1636	1375
fieF	708	510	572	525
pfkA	3175	2168	1559	1374
sbp	846	642	401	436
cdh	263	176	95	102
tpiA	6248	4380	4567	4345
fpr	597	325	612	473
glpX	182	116	195	159
glpK	139	116	1600	1319
glpF	20	17	490	355
menA	412	286	301	302
hslU	1943	1312	1713	1762
ftsN	673	488	632	536
cytR	496	319	437	386
yiiX	57	50	71	71
metB	1493	954	1332	1164
metL	2673	1705	1673	1454
metF	7118	5254	2897	2475
katG	3493	2505	7563	6658
yijE	55	47	83	72
yijF	8	5	17	8
gldA	102	81	317	322
fsaB	23	13	43	50
ptsA	27	26	58	54
frwC	19	8	98	76
pflD	58	35	127	108
pflC	27	9	41	51
yijO	31	20	48	25
yijP	1544	942	863	795
ppc	7041	4003	2263	2078
argE	2180	1392	783	732
argC	3930	2741	1222	1076
argB	2768	1832	876	916
argH	5937	3977	1723	1593
oxyR	1281	847	1253	1151
sthA	1007	738	3419	2884
fabR	857	661	1803	1530
trmA	570	362	521	444
btuB	1492	1072	1435	1252
murI	248	154	251	244
murB	881	693	1010	902
birA	494	325	516	433
coaA	724	550	982	862
tufB	129863	95058	98578	91153
rplA	30120	21880	15297	15336
rpoB	39413	27910	34616	31692
rpoC	41848	29584	37621	35454
thiH	3502	1929	2299	1823
thiG	2501	1272	1874	1419
thiF	3127	1647	2105	1603
thiE	2597	1340	1843	1433
thiC	10766	6125	7539	5887
nudC	375	241	250	220
hemE	815	484	579	547
nfi	276	200	259	215
yjaH	427	310	684	510
zraR	212	148	332	323
purD	1842	1258	842	750
purH	1836	1186	719	624
metA	4367	3113	3481	2929
aceA	471	325	3624	3440
aceK	88	52	518	489
iclR	314	214	259	232
metH	8389	5344	5852	5350
yjbB	285	237	324	237
pepE	142	111	1277	1105
yjbC	739	453	600	484
lysC	7796	4633	2219	2100
pgi	5636	4168	3224	2887
yjbF	7	9	2	8
yjbG	14	4	9	1
yjbH	37	16	30	21
xylE	30	15	50	30
malG	67	49	830	715
malF	154	130	1886	1688
malE	878	625	12405	11197
malK	201	135	3302	3000
malM	170	116	2127	1819
ubiA	451	323	622	521
plsB	1696	1129	1937	1808
lexA	904	615	859	780
dinF	164	88	113	110
yjbM	2	4	6	4
yjbN	538	395	507	507
qor	434	275	569	504
dnaB	1091	732	597	550
alr	500	339	291	256
tyrB	2562	1605	2636	2264
aphA	67	65	980	859
uvrA	682	483	533	530
yjcC	40	32	61	59
yjcE	791	573	654	604
actP	174	115	7115	6235
acs	1024	665	22015	20845
nrfA	37	22	64	58
nrfC	7	3	13	8
nrfD	12	5	22	19
gltP	601	543	75	70
yjcO	394	281	840	778
fdhF	94	63	171	134
yjcQ	14	10	36	25
yjcR	12	2	17	8
phnL	5	1	0	0
phnK	7	2	18	20
phnJ	2	2	8	3
phnI	1	4	0	3
phnF	5	1	2	1
phnD	5	5	4	1
phnC	2	2	7	4
yjcZ	20	14	17	12
proP	1481	1059	282	278
basS	338	234	381	297
basR	298	201	390	317
eptA	384	259	434	417
adiC	13	3	17	12
adiY	4	2	13	12
adiA	19	11	35	30
melR	69	59	306	228
melA	55	41	315	295
melB	43	34	170	123
yjdF	134	99	105	80
fumB	65	60	500	471
dcuB	19	17	61	36
dcuR	196	159	749	639
dcuS	378	308	833	737
lysU	608	480	519	470
yjdL	17	13	33	25
cadA	57	50	97	77
cadB	5	1	14	7
cadC	45	28	58	51
dipZ	453	284	432	407
dcuA	2007	1442	2478	2169
aspA	993	807	20693	16722
yjeH	281	191	164	135
groL	25091	18140	29080	26969
yjeJ	76	72	149	133
yjeK	354	237	224	226
frdB	134	111	1198	1080
frdA	327	251	3121	2947
poxA	238	192	135	124
yjeP	533	377	679	656
psd	638	417	856	726
rsgA	934	598	956	806
yjeS	158	104	106	96
yjeF	217	136	194	195
amiB	542	382	475	438
mutL	889	575	842	749
miaA	4400	3029	5343	4753
hflX	4460	2985	4232	3341
hflK	4763	3238	4724	4519
hflC	4300	2958	4166	3894
purA	8359	5490	5616	5140
rnr	3350	2369	3926	3555
rlmB	759	487	573	537
yjfJ	16	21	42	36
yjfK	10	4	9	15
yjfC	32	27	61	52
aidB	131	73	129	111
yjfP	163	105	165	148
ulaR	226	143	253	195
ulaG	52	33	50	36
ulaA	20	20	52	45
ulaD	42	33	92	63
ulaE	58	32	60	68
ulaF	33	17	36	24
ytfB	495	301	602	518
fklB	808	385	551	525
cycA	1326	952	6431	5462
ytfE	41	19	136	83
ytfF	76	32	52	47
ytfG	59	29	46	32
cpdB	610	437	2398	1991
cysQ	422	306	561	457
ytfL	229	155	243	207
msrA	233	149	210	166
ytfM	644	523	394	346
ytfQ	45	22	725	566
ytfT	12	7	60	41
yjfF	20	15	65	68
fbp	1065	657	1104	1073
mpl	1757	1247	1343	1124
pmbA	916	603	704	583
nrdD	102	100	183	168
treC	34	25	110	135
treB	42	25	136	118
treR	220	138	180	177
mgtA	1924	1514	1926	1658
pyrB	321	226	231	228
yjgI	36	22	20	18
argI	1548	1104	666	626
valS	8002	5626	5057	4789
pepA	4392	2914	3505	3232
yjgP	1005	701	981	801
yjgQ	891	603	839	701
yjgB	19	24	40	29
yjhT	56	69	224	155
yjhA	18	10	99	100
fimB	491	450	237	206
fimC	1331	887	647	751
fimH	533	358	303	287
gntP	36	33	207	148
uxuA	231	146	481	402
uxuB	252	156	583	515
uxuR	343	258	340	292
yjiE	139	90	133	114
iadA	524	405	347	328
yjiH	8	9	13	10
yjiK	52	50	72	49
hgdC	8	8	65	61
yjiM	16	24	193	223
yjiN	79	45	59	45
yjiY	92	57	656	629
tsr	73	38	99	81
mdoB	1513	1097	1816	1422
dnaC	222	150	198	183
yjjP	32	31	70	53
yjjQ	9	5	11	14
bglJ	44	22	54	24
rsmC	477	309	307	260
yjjG	234	155	139	120
prfC	1580	1081	720	669
osmY	83	69	43	39
yjjU	184	134	232	195
yjjW	14	20	16	21
yjjI	37	27	40	25
deoC	170	89	283	276
deoA	220	170	689	564
deoB	790	558	1334	1177
deoD	1033	611	1123	1023
ytjB	262	222	223	202
serB	1333	815	665	596
radA	1506	962	774	742
nadR	1037	742	688	617
slt	620	475	949	792
ytjC	706	461	1123	933
rob	834	628	1196	1003
creB	529	360	411	330
creC	221	168	219	217
arcA	2235	1730	4532	3863
yjtD	104	89	133	145
