	K12_IAI1ref_chemostat1	K12_IAI1ref_chemostat2	K12_batch1	K12_batch2
thrA	17775	10338	25950	39824
thrB	5658	3157	7781	12128
thrC	9436	5351	13577	20772
yaaA	590	357	619	904
yaaJ	115	67	74	122
talB	7017	4062	7324	8561
htpY	37	18	29	48
dnaK	28624	18092	27578	45536
dnaJ	4342	2685	3830	6044
nhaA	824	424	531	738
nhaR	341	204	300	374
ribF	2591	1453	2406	3446
ileS	9070	5249	8183	13273
ispH	1268	740	1291	1935
rihC	249	119	79	82
dapB	2107	1071	5836	8153
carA	5279	2599	6490	9733
carB	11292	5856	15231	24948
caiD	13	11	12	16
caiB	56	33	77	95
caiA	175	99	126	192
caiT	17	11	6	12
fixA	13	10	12	20
fixB	18	13	13	30
fixC	58	26	34	42
yaaU	39	20	11	28
kefC	383	190	231	387
apaH	436	233	290	497
ksgA	1265	685	1092	1595
surA	5239	2929	4183	6376
imp	8029	4671	6577	8590
djlA	614	270	623	891
rluA	199	125	217	285
hepA	972	620	1015	1318
polB	278	130	151	261
araD	25	9	6	11
araA	106	61	36	46
araC	1388	589	362	530
yabI	456	203	200	341
thiQ	147	76	237	350
tbpA	343	216	542	784
setA	486	269	376	528
leuD	5825	3449	4013	5416
leuC	8045	4702	5860	8271
leuB	5740	3532	4498	6431
leuA	9611	5677	6919	9120
leuO	124	77	68	117
ilvI	4749	2695	5505	8023
fruR	2650	1314	1318	1944
mraW	1736	921	1538	2350
ftsI	1676	905	1499	2070
murE	1778	1001	1677	2747
murF	1492	785	1504	2176
mraY	852	462	893	1317
murD	1260	652	1555	2427
ftsW	1498	776	1385	2004
murG	1291	663	1141	1610
murC	1772	909	1692	2468
ddlB	1999	1048	1666	2380
ftsQ	2129	1101	1752	2438
ftsA	5612	2861	4768	6535
ftsZ	13743	7141	10342	15339
lpxC	15278	8214	11045	16883
secA	6515	3610	6836	9599
yacF	507	350	561	798
coaE	473	267	490	629
guaC	1243	891	1748	2307
hofC	101	52	67	101
hofB	97	59	89	81
nadC	316	236	357	426
ampE	470	270	334	544
aroP	6536	3775	6091	8732
pdhR	687	372	640	970
aceE	28498	14729	26955	40157
aceF	15785	8339	13847	22670
lpd	40622	22191	24384	34750
acnB	31498	17992	12501	17826
speD	2429	1546	3438	4389
speE	3044	1801	3764	4937
cueO	503	291	568	899
gcd	653	513	982	1327
can	6390	3880	7860	10483
yadG	1007	559	854	1201
yadH	614	349	483	761
yadD	632	316	396	529
panC	2659	1531	2649	4100
yadL	25	17	19	40
ecpD	8	4	9	9
pcnB	1796	1124	1859	2560
yadB	431	274	236	323
sfsA	3096	1506	1660	2021
mrcB	1752	891	1539	2297
fhuA	5835	2918	5491	8279
fhuC	398	217	420	725
fhuD	256	127	282	507
hemL	1988	1252	2194	3327
clcA	926	486	821	1082
yadS	254	112	183	282
btuF	238	138	213	322
pfs	1807	1049	1858	2568
dgt	1046	630	899	1253
degP	5285	2992	3942	6474
cdaR	822	348	156	232
dapD	7961	4364	13366	19986
glnD	858	539	922	1215
map	2896	1893	4040	5359
rpsB	36676	19303	35188	51824
tsf	21758	11708	22872	35019
pyrH	3752	1968	4249	6133
dxr	775	390	736	981
ispU	4412	2199	3156	4146
cdsA	1429	853	1343	1995
yaeL	6936	3499	5186	6847
yaeT	18813	9871	14267	19987
lpxD	7168	4247	7145	10452
lpxA	3355	1931	2998	4840
lpxB	1697	919	1385	2085
dnaE	3127	1783	3167	4313
accA	3174	1722	3240	4865
ldcC	605	410	399	587
nlpE	451	222	391	515
proS	5958	3542	6693	10197
yaeB	97	71	107	141
metQ	10197	5341	9594	13983
metI	2267	1182	2289	3293
metN	2311	1314	2318	3706
dkgB	586	304	418	554
yafC	432	263	340	498
yafD	1140	595	799	1166
mltD	16779	9376	11825	16086
gloB	998	462	638	798
yafS	487	264	380	508
dnaQ	958	520	1056	1407
yafT	6	6	11	16
yafV	316	193	227	291
fadE	2422	1046	341	498
yafJ	677	374	639	891
yafK	1633	914	1468	2013
dinB	167	108	138	224
pepD	5625	3268	5011	6867
frsA	448	279	425	608
phoE	30	22	49	40
proB	1955	1119	1535	2451
proA	2753	1682	2284	3574
yagR	55	29	22	38
yagS	12	10	3	8
yagT	11	10	7	8
yagU	456	257	633	938
yagV	43	19	47	44
yagW	114	87	79	112
yagX	90	48	74	101
yagY	17	13	14	16
insF	367	254	1303	1798
ykgC	238	123	93	150
ykgD	116	54	64	88
ykgE	331	130	62	59
ykgF	619	195	125	202
ykgG	288	135	115	169
betA	286	150	327	509
betT	524	288	430	668
yahB	240	97	168	221
yahD	103	53	71	83
yahG	22	13	31	38
yahI	21	13	12	27
yahJ	232	141	194	306
yahK	1635	790	677	939
yahN	44	28	10	15
prpR	326	142	39	38
prpB	362	43	2	2
prpC	239	46	8	14
prpD	335	55	15	14
prpE	512	87	32	38
codB	2814	1684	3317	5340
codA	4757	2540	5522	8641
cynT	37	17	15	33
cynX	23	19	21	26
lacY	58	28	32	49
lacI	853	309	299	412
mhpR	2400	700	274	347
mhpB	27	16	9	26
mhpC	52	40	34	50
mhpD	45	34	29	51
mhpF	67	35	49	53
mhpE	101	46	41	62
mhpT	98	50	48	91
frmA	795	509	548	831
yaiO	43	23	28	31
yaiP	42	24	34	33
tauA	63	33	25	45
tauB	48	25	20	37
tauD	48	25	37	48
hemB	1288	813	1667	2225
yaiV	33	15	12	22
ampH	563	303	347	465
sbmA	395	251	340	434
yaiW	581	311	453	647
ddlA	1309	726	1017	1537
phoA	491	262	279	335
yaiC	34	22	35	43
proC	427	204	258	322
aroM	416	205	219	340
rdgC	1157	675	1598	1972
mak	686	350	351	519
araJ	128	74	114	187
sbcD	282	152	211	329
phoB	248	196	194	254
phoR	193	125	177	215
brnQ	362	211	479	788
proY	359	216	402	570
malZ	469	268	394	561
queA	321	211	445	599
tgt	6108	2823	4179	5237
secD	8798	4701	7401	10960
secF	4077	2274	3362	5028
tsx	5189	2497	3753	5406
ribD	902	564	785	1175
thiL	488	272	430	629
yajO	1534	727	782	1100
dxs	2509	1283	1757	2499
ispA	1135	567	789	1030
thiI	743	486	1128	1691
panE	417	229	549	828
yajR	343	201	330	492
cyoE	7276	3699	6888	10920
cyoC	5553	2795	5256	7663
cyoB	24140	12237	24764	36234
cyoA	16418	8810	16037	24158
ampG	374	221	436	533
tig	29041	15408	28748	44907
clpP	3194	1836	3436	4697
clpX	7267	4226	6742	10769
lon	8482	5395	9078	14444
ppiD	8763	4603	7020	9927
queC	1110	580	1058	1534
ybaE	339	144	94	142
cof	160	111	180	248
mdlA	290	158	268	347
mdlB	238	153	179	256
amtB	172	99	282	422
tesB	408	183	269	493
ylaB	358	185	268	325
acrB	8469	4868	7739	11652
acrA	5699	3282	5865	7728
acrR	679	414	578	706
kefA	1689	920	1775	2629
dnaX	1725	861	1618	2125
recR	1125	663	1179	1771
htpG	6929	4721	6943	11246
adk	6031	3221	7421	9786
hemH	292	154	249	358
aes	193	55	55	84
gsk	728	472	1048	1342
ybaL	1218	682	877	1311
fsr	294	183	176	228
ushA	2109	1115	1642	2344
ybaP	187	100	217	302
copA	898	475	778	1136
ybaS	68	43	73	97
ybaT	58	64	55	99
ybbK	533	316	354	540
ybbL	345	198	374	490
ybbM	272	167	272	373
ybbN	1687	1012	1815	2776
ybbO	269	153	298	394
tesA	486	259	324	397
ybbA	209	111	129	227
ybbP	405	238	289	484
ybbB	204	91	169	254
ybbS	8	5	12	18
allR	1586	904	1371	2024
gcl	64	35	52	66
hyi	24	10	10	27
glxR	25	20	20	29
ybbW	11	13	4	8
allB	151	86	51	65
ybbY	28	18	27	28
glxK	97	43	63	96
ylbA	353	225	289	377
allC	182	108	124	177
allD	24	16	14	16
ylbE	34	17	21	33
ylbF	13	12	13	22
ybcF	30	16	49	75
purK	1442	762	2096	3142
lpxH	512	332	718	1101
cysS	1726	1075	2250	3237
folD	718	493	844	1037
sfmC	13	0	5	10
sfmH	11	9	8	10
fimZ	11	16	8	13
envY	32	36	38	64
ybcH	56	35	44	69
nfrB	151	75	135	131
cusR	136	65	107	184
cusC	23	21	1334	1128
cusB	33	16	18	37
cusA	88	54	53	95
pheP	384	225	392	720
ybdG	566	367	692	1035
nfnB	901	516	1125	1555
ybdK	147	105	57	74
fepA	1511	667	2018	2915
fepC	140	87	205	252
fepG	105	44	96	149
fepD	77	48	60	91
ybdA	240	105	242	395
fepB	246	127	242	319
entC	498	236	621	906
entE	702	313	782	1270
entB	689	281	676	1051
entA	396	162	443	633
cstA	29040	10771	1814	2653
ybdH	1419	613	631	956
ybdL	577	336	427	641
ibrB	90	49	70	89
ibrA	36	17	35	32
ybdO	28	15	20	32
dsbG	350	185	308	347
ahpF	3675	2056	3667	5373
ybdR	280	116	105	155
rna	411	257	484	585
citT	34	27	35	50
citG	19	12	15	16
citF	8	4	5	6
citE	16	11	9	12
citC	19	12	27	31
citA	320	182	211	312
citB	112	76	109	165
dcuC	57	28	45	60
lipA	2844	1554	1572	2400
ybeF	126	76	96	105
lipB	434	257	685	743
dacA	1648	1116	2046	2855
rlpA	1793	981	1707	2318
mrdB	946	476	890	1142
mrdA	1078	619	1360	1717
phpB	101	53	64	120
nadD	251	170	227	292
holA	875	531	827	989
leuS	9824	5486	9928	14017
ybeQ	200	136	102	151
ybeU	18	8	18	15
hscC	148	63	77	113
rihA	2283	968	541	654
gltL	1001	469	577	832
gltK	539	270	313	431
gltJ	485	212	251	418
gltI	6517	3440	3044	4216
ybeX	3631	2056	2843	3910
ybeZ	3173	1880	2700	3928
miaB	1605	901	1941	2938
asnB	2309	1276	3214	4530
nagD	775	426	781	1019
nagC	998	556	850	1055
nagA	1177	622	794	1142
nagB	683	390	451	594
nagE	3628	1716	1190	1765
glnS	4329	2640	4965	7319
ybfM	136	51	25	36
ybfF	291	178	234	337
pgm	5196	2754	4722	6912
potE	142	63	104	125
kdpE	77	36	51	80
kdpD	422	194	273	406
kdpB	102	50	46	84
ybgH	233	88	405	567
ybgI	2385	1291	2212	3079
ybgJ	1296	661	1102	1558
ybgK	1222	650	1209	1674
nei	181	93	241	361
abrB	40	30	67	100
gltA	21271	12704	10494	13211
sdhA	16627	8013	6657	9406
sdhB	9374	4450	3629	4830
sucA	24015	12875	12401	18181
sucB	13309	7508	7042	11045
sucC	25450	14183	10310	15054
sucD	17357	10584	8095	12225
mngR	335	189	305	393
mngA	19	16	16	21
cydA	5124	2736	3558	6420
cydB	3894	1954	2452	3882
tolQ	1204	657	1447	2111
tolA	2391	1163	2473	3469
tolB	9226	5218	9312	13620
ybgF	5282	3027	5962	8379
nadA	3915	2060	3538	4871
pnuC	1618	877	1392	2080
zitB	442	224	338	509
aroG	4278	3105	10537	13290
gpmA	14990	7768	15188	22630
galM	2484	1400	1971	3051
galK	2681	1364	1411	1996
galT	689	341	363	468
galE	842	489	571	750
modF	1680	948	1660	2219
modE	461	266	468	579
modA	2339	1249	1200	1577
modB	1220	629	504	710
modC	1739	984	834	1182
ybhA	514	272	511	675
pgl	993	564	741	1052
ybhD	49	29	32	51
ybhH	9	5	3	6
ybhI	2162	1139	999	1006
ybhJ	114	64	101	119
ybhC	2222	1294	2811	4127
bioB	1978	1143	1683	2312
bioC	369	220	390	608
bioD	456	293	457	679
uvrB	1472	859	1044	1609
ybhK	837	428	491	726
moaA	1579	940	1405	1933
ybhL	931	617	627	838
ybhN	67	51	36	56
ybhO	177	127	90	117
ybhP	212	124	95	145
ybhR	141	76	63	68
ybhS	107	56	73	93
ybhF	327	174	264	358
ybhG	374	227	252	326
ybiH	122	87	109	146
rhlE	76	41	262	376
dinG	320	168	235	362
ybiB	807	450	716	906
ybiC	4713	2780	5256	7057
ybiX	152	89	113	154
fiu	530	267	931	1118
ybiN	256	163	328	473
ybiO	178	98	83	156
glnQ	2851	1449	1059	1808
glnP	2759	1413	960	1467
glnH	12055	6062	3935	4937
rhtA	101	47	78	104
ybiR	419	242	340	455
ybiS	1550	1080	2072	2669
ybiT	2564	1465	2545	3528
ybiU	160	104	289	427
ybiV	374	278	674	774
ybiW	120	50	82	102
ybiY	30	11	20	25
fsaA	102	71	106	143
moeB	363	194	412	585
moeA	638	358	590	929
iaaA	4241	1795	2493	3671
yliA	2773	1264	2086	2977
yliB	2185	1194	1645	2399
yliC	691	347	496	732
yliD	424	227	403	534
yliE	285	195	936	1286
yliF	132	68	365	480
yliG	513	362	729	964
yliI	182	109	85	122
yliJ	2221	1341	1756	2456
dacC	2852	1479	1664	2521
deoR	613	343	575	788
cmr	217	142	266	340
ybjI	426	255	481	670
ybjJ	172	117	191	283
ybjL	526	343	568	840
nfsA	702	413	758	1041
rimK	466	245	466	735
potF	2075	1129	1400	2120
potG	442	295	520	811
potH	291	160	238	384
potI	212	115	146	289
rumB	201	97	324	438
artJ	3721	1719	5870	7446
artM	794	391	665	1006
artQ	720	380	471	758
artI	2376	1191	1426	2203
artP	1116	623	920	1154
ybjR	541	310	326	547
ybjS	351	176	257	329
ybjT	672	387	521	750
ltaE	1037	583	821	1259
poxB	1053	698	637	835
hcr	31	17	19	29
hcp	27	15	28	46
ybjE	63	54	83	94
aqpZ	126	72	66	86
ybjD	878	514	787	1130
ybjX	2699	1845	2801	3614
macA	726	352	488	674
macB	684	358	419	685
clpA	20687	11466	14584	21891
aat	131	97	127	143
cydC	748	497	766	1131
cydD	843	483	928	1244
trxB	4292	2465	5607	8278
lolA	1244	719	1260	1590
ycaJ	509	297	511	675
serS	3131	1931	3187	4917
dmsA	124	83	135	252
dmsB	36	29	33	64
dmsC	89	49	60	103
ycaC	643	390	216	254
ycaD	196	117	343	488
ycaM	109	68	38	45
ycaN	93	77	91	148
pflA	414	279	429	547
pflB	33555	18230	22310	33451
focA	2237	1198	1642	2326
ycaO	1000	605	1635	2061
ycaP	330	163	206	225
serC	8182	5409	15605	22902
aroA	4634	3018	9402	12319
ycaL	101	58	79	103
cmk	6778	3891	7922	9224
rpsA	90025	49709	93139	132026
msbA	2318	1456	2258	3114
lpxK	380	203	324	526
kdsB	1169	689	1508	2305
ycbJ	347	152	175	252
smtA	1321	596	1001	1344
mukF	1997	1070	1507	2123
mukE	1197	680	1027	1255
mukB	6580	3510	5609	8273
ycbB	1010	561	791	1209
ycbL	3081	1539	1920	2862
aspC	6967	4420	6162	8045
ompF	605520	266441	241435	312515
asnS	6959	4146	7553	11296
pncB	2221	1534	2300	3230
pepN	4896	2577	3094	4004
ssuC	21	7	14	19
ssuA	25	20	12	23
ycbR	20	7	17	17
ycbT	106	42	74	114
ycbF	98	57	73	107
pyrD	532	371	957	1291
ycbX	828	493	619	808
ycbY	1578	840	1448	2158
uup	2623	1413	2378	3333
pqiA	463	262	437	658
pqiB	1004	491	944	1308
ycbZ	1994	1116	1591	2208
yccR	456	252	300	337
yccS	651	396	701	979
helD	1742	998	1459	2155
yccT	50	25	25	24
yccW	643	413	884	1216
yccA	4502	3052	4108	5564
hyaA	19	12	15	17
hyaB	26	18	22	31
hyaC	20	7	15	30
hyaF	28	12	28	28
appC	121	69	82	131
appB	63	41	53	73
appA	128	72	77	114
yccC	417	222	326	495
yccZ	81	42	77	115
ymcA	86	43	69	100
ymcB	14	4	12	15
ymcC	25	14	17	29
yccM	49	22	33	62
torR	234	99	155	243
torC	52	25	28	39
torA	146	85	80	120
cbpA	639	405	649	994
agp	5861	2364	509	780
rutG	105	48	67	107
rutD	7	1	8	11
rutB	5	4	4	7
rutA	12	4	6	12
rutR	287	175	231	367
putP	4551	1589	1346	2074
efeO	1014	481	1308	1919
efeB	601	273	652	1002
phoH	2008	1016	1257	1597
ycdW	1690	932	1375	2071
ycdX	1606	800	1562	2041
csgG	134	106	242	363
csgD	252	142	402	546
ymdC	603	368	396	554
mdoC	236	128	201	258
mdoG	3323	1948	3011	3822
mdoH	2579	1531	2299	3343
mdtG	58	42	40	64
lpxL	171	131	152	194
yceA	1894	1097	2811	3579
solA	949	579	1128	1459
pyrC	1034	578	1297	1596
grxB	836	450	586	728
mdtH	28	22	18	32
yceH	894	508	785	1113
mviM	784	421	588	973
mviN	393	210	334	426
flgA	6301	3458	4095	5330
flgD	15466	8506	8892	11956
flgF	7402	4084	5532	7855
flgG	10538	5573	6519	8987
flgH	4009	2191	2265	3066
flgI	3944	2159	2478	3432
flgJ	2785	1553	1914	2519
flgK	28519	14721	13374	17317
flgL	23088	11937	13802	18309
rluC	1524	822	2057	2850
plsX	4118	2193	3753	5408
fabH	5352	2829	5493	7779
fabD	7825	4200	7955	11224
fabG	15874	8325	13468	18270
fabF	7441	4197	8084	13271
pabC	478	271	385	538
yceG	399	207	332	423
tmk	319	168	257	384
holB	321	175	308	452
ycfH	705	385	525	672
ptsG	40435	19849	18444	27338
fhuE	458	221	323	495
ycfM	1026	576	854	1256
ycfN	621	288	531	772
nagZ	1572	869	1513	2002
ndh	867	541	1816	2707
ycfQ	1001	555	423	563
ycfS	519	271	338	411
mfd	2562	1532	2551	3579
lolC	716	390	691	875
lolD	341	220	386	516
lolE	1561	775	1077	1478
ycfX	1098	515	731	1044
cobB	1079	526	932	1312
potD	6188	3130	5448	7821
potC	1228	655	1097	1352
potB	393	272	513	663
potA	787	549	882	1099
pepT	1873	1081	1275	1923
ycfD	1528	821	1220	1799
phoQ	1834	1015	1389	1803
phoP	2066	1269	1757	2369
purB	873	603	1267	1599
hflD	345	171	302	376
trmU	1369	788	1180	1555
ymfC	127	92	151	198
icd	98903	53722	69772	99814
ycgE	1160	587	845	1083
ycgF	494	280	306	295
ycgG	45	26	30	45
minD	4920	2645	4003	5884
minC	1766	880	1551	2023
ycgM	889	515	809	1317
umuC	129	71	104	130
nhaB	387	234	281	385
fadR	1019	482	731	980
ycgB	977	605	404	506
dadA	1918	792	380	652
dadX	1165	495	257	405
cvrA	1018	562	928	1192
emtA	1060	587	873	1319
ycgR	6145	3542	3366	3842
treA	429	242	99	104
dhaH	855	481	1040	1551
dhaL	547	293	591	817
dhaK	1036	519	888	1161
dhaR	415	263	361	526
ychF	3343	2041	4559	6428
ychM	259	141	141	232
prsA	3539	2182	2953	3700
ispE	1284	747	972	1331
lolB	819	513	726	960
hemA	967	575	973	1317
prfA	796	502	999	1271
prmC	250	121	274	343
ychA	1412	746	1348	1922
kdsA	3647	2089	3567	5170
chaA	963	657	1202	1586
chaC	533	276	363	536
ychP	243	147	322	437
narL	372	256	355	533
narX	382	266	353	533
narK	42	13	17	37
narG	199	84	124	187
narH	113	60	63	142
narJ	38	18	20	47
narI	49	27	18	54
purU	2249	1267	4670	6088
rssA	1407	697	783	1000
rssB	729	444	534	688
galU	2985	1854	3680	5678
tdk	733	416	956	1173
adhE	9195	5921	8731	11950
ychE	175	92	138	159
oppA	90292	47486	42043	58259
oppB	10993	5665	5576	7788
oppC	10226	5207	5705	7731
oppD	9702	4971	5577	8451
oppF	9521	4529	5545	8179
cls	1791	926	1383	1989
kch	294	183	362	554
tonB	1150	581	1124	1552
yciC	713	418	626	869
ompW	1282	592	443	825
trpA	1615	952	2004	2985
trpB	3109	1956	3725	5483
trpD	1377	816	1909	2682
trpE	428	273	833	1084
yciV	804	485	842	1046
yciO	704	406	672	868
rluB	1107	666	1425	2196
yciK	862	482	558	724
sohB	2552	1488	2838	4037
topA	9104	5220	8171	11701
cysB	1311	773	1449	1925
acnA	7717	4352	3051	4144
pgpB	521	274	389	544
yciM	1480	752	1076	1510
pyrF	1143	697	1558	2431
deoT	527	307	372	402
gmr	765	403	486	588
rnb	4516	2603	6609	9053
fabI	8263	4883	9584	14235
sapF	175	96	148	182
sapD	329	208	313	389
sapC	138	86	129	173
sapB	178	120	147	208
sapA	378	250	289	412
puuP	325	205	99	142
puuA	1758	1033	683	924
puuD	1449	799	477	662
puuB	174	146	55	99
puuE	182	161	82	106
pspF	268	159	200	261
pspA	1829	849	1447	1929
ycjM	66	27	20	25
ycjN	17	11	10	11
ycjO	16	12	6	7
ycjP	15	13	12	9
ycjQ	27	16	15	35
ycjR	36	20	16	30
ycjS	49	24	49	58
ycjU	9	5	1	9
ompG	14	9	5	6
ycjW	141	78	178	205
ycjX	342	196	462	753
ycjF	414	263	397	574
tyrR	1806	1000	1341	2122
ycjG	1036	431	381	471
mpaA	353	218	195	241
ycjZ	253	182	280	389
mppA	1940	891	798	1135
ynaI	438	274	403	499
uspE	5041	2616	3015	4183
fnr	3771	2501	3109	4444
abgT	57	25	46	65
abgB	86	50	50	59
abgA	83	46	34	57
abgR	398	156	96	153
ydaM	485	282	229	328
ydaN	717	393	487	752
dbpA	238	128	200	287
ydaO	1131	601	1397	2058
ompN	1479	861	1567	2481
ldhA	947	637	836	1276
feaR	2227	784	166	221
feaB	527	247	206	290
maoC	40	15	20	32
paaA	79	25	12	23
paaC	45	17	15	24
paaJ	51	25	17	36
paaF	20	16	9	33
paaG	44	25	19	20
paaH	92	30	39	56
paaE	1244	484	147	185
paaK	1293	493	122	170
paaX	750	329	398	554
ydbC	509	186	108	173
azoR	304	214	366	514
hrpA	1783	1007	2234	3219
ydcF	598	420	482	579
aldA	103247	37143	5976	7454
trg	13881	5214	1403	1839
ydcI	4433	2014	893	1038
ydcJ	507	213	75	114
mdoD	2476	1179	1625	2291
ydcK	267	160	176	230
tehA	351	185	224	306
ydcL	2133	1218	1092	1470
ydcO	111	58	40	70
ydcP	1359	779	1347	2079
ydcR	557	354	439	623
ydcS	1152	331	56	96
ydcT	285	96	25	24
ydcU	127	61	23	42
ydcV	534	228	66	105
ydcW	2020	1029	291	477
yncB	805	404	351	517
yncC	221	122	111	160
yncD	460	263	519	665
yncE	5903	3116	6407	8709
ansP	164	108	248	340
yncG	94	49	50	76
nhoA	236	156	178	255
narV	54	30	31	37
narW	45	32	31	21
narY	119	63	41	65
narZ	184	111	73	131
narU	55	33	22	21
yddG	137	84	160	266
fdnG	234	144	124	173
fdnH	78	45	31	47
fdnI	46	34	40	63
adhP	1209	589	382	560
sfcA	4661	2505	3401	4678
ddpD	95	33	24	40
ddpC	93	34	25	26
ddpB	52	26	7	15
ddpA	222	82	32	40
dos	345	210	179	217
yddV	499	302	270	346
yddW	298	182	257	348
gadC	345	151	263	399
gadB	400	225	375	618
ydeM	72	29	13	20
ydeN	772	417	78	96
ydeO	14	9	21	27
ydeP	184	124	139	219
ydeQ	28	16	16	28
lsrK	387	156	83	168
lsrR	707	283	229	314
lsrC	91	33	6	28
lsrD	100	40	28	18
lsrB	363	143	57	57
lsrF	410	168	81	125
tam	317	160	136	165
yneE	153	106	139	208
uxaB	302	162	88	104
yneF	89	55	96	116
yneH	394	207	420	602
yneI	597	385	587	774
ydeA	125	91	256	340
marC	272	146	208	266
eamA	1172	641	869	1172
ydeE	185	143	150	194
ydeH	441	209	253	403
dcp	4052	2182	3664	4978
ydfG	3155	1694	2413	3728
ydfH	533	372	568	786
ydfT	174	95	159	193
ydfU	16	11	10	22
rspB	163	68	84	109
rspA	241	89	65	76
ynfC	681	393	445	613
ynfF	162	117	184	267
ynfG	26	28	37	32
ynfH	206	120	196	301
dmsD	275	150	343	470
clcB	50	28	31	67
ynfK	358	180	209	315
dgsA	3043	1437	828	1116
ynfL	115	51	77	107
ynfM	181	112	154	169
ydgD	541	325	315	511
ydgG	166	106	179	273
pntB	15124	8779	25474	38427
pntA	23843	13809	42379	61030
ydgH	4361	2391	3530	4700
ydgI	138	75	100	139
folM	297	166	238	309
rstA	1113	640	892	1075
rstB	1208	652	845	1136
tus	436	219	197	260
fumC	6108	2823	1974	2515
fumA	14053	5978	2396	3340
manA	1367	809	1211	1759
ydgA	4873	2829	4754	6473
uidC	62	38	11	19
uidB	81	31	10	11
uidA	384	163	50	63
hdhA	1865	1074	1289	1955
malI	175	89	80	158
malX	366	213	176	258
malY	467	239	382	505
add	425	240	193	310
ydgJ	2129	1137	1478	2029
rsxD	299	168	230	331
rsxG	228	130	161	252
rsxE	120	70	105	149
nth	141	69	118	140
ydgR	266	173	200	319
gst	1052	629	704	908
pdxY	624	336	669	1075
tyrS	4895	2689	5469	8055
pdxH	951	522	1149	1566
anmK	738	388	472	704
ydhJ	81	44	73	114
ydhF	995	429	494	714
nemA	303	208	306	412
rnt	176	118	134	180
ydhO	427	223	297	312
ydhP	139	97	271	370
purR	2500	1455	2504	3496
ydhB	212	131	157	220
ydhC	101	60	101	131
cfa	1982	1297	1610	2166
ribC	1832	1112	2229	3092
mdtK	560	352	404	592
ydhQ	1893	1171	1548	2222
ydhS	456	238	207	288
ydhT	74	39	57	55
ydhU	99	45	58	89
ydhX	80	30	48	70
ydhV	95	36	35	48
ydhY	15	5	7	10
pykF	5394	3532	8919	12056
ynhG	1046	674	786	1046
sufS	620	294	511	630
sufC	459	220	304	423
sufB	1395	664	930	1190
ydiK	528	292	411	596
ydiM	22	15	11	14
ydiN	11	3	9	10
ydiB	91	59	84	110
aroD	432	256	430	641
ydiF	36	21	27	28
ydiO	44	23	27	42
ydiP	117	80	101	126
ydiQ	21	22	17	20
ydiR	47	36	27	38
ydiS	43	21	40	44
ydiD	130	78	78	103
pps	14266	7191	6263	9489
ydiA	311	194	241	276
aroH	427	302	689	899
ydiV	118	78	183	244
btuD	552	318	405	561
btuC	325	148	224	359
pheT	12650	6979	12702	18312
pheS	3892	2114	5056	6757
thrS	32243	17185	25147	32844
ydiY	170	95	330	354
pfkB	94	49	107	112
yniA	1370	603	418	640
yniC	163	105	174	217
ydjN	4100	2556	8661	13446
katE	1954	1113	561	727
chbF	284	158	191	265
chbR	211	135	168	208
chbC	187	92	69	90
nadE	2581	1443	3006	4255
ydjQ	289	130	158	216
astE	101	39	22	33
astB	158	57	22	47
astA	225	88	33	43
astC	470	145	51	82
xthA	1003	518	977	1422
ydjX	124	52	86	112
ydjZ	98	52	54	98
ynjE	546	271	290	446
ynjF	110	49	57	96
gdhA	15576	9742	23864	36228
topB	1722	861	1488	2269
selD	2977	1475	2405	3602
sppA	1367	817	1482	2160
ansA	390	251	425	515
pncA	461	293	433	583
ydjE	68	38	41	43
ydjF	733	338	364	544
ydjG	156	107	85	131
ydjH	115	55	39	85
ydjI	149	70	52	63
ydjJ	114	42	45	49
ydjK	88	40	17	34
ydjL	116	58	48	56
gapA	43365	29905	72681	99485
yeaD	719	547	1135	1379
yeaE	507	280	351	495
mipA	2521	1720	3217	4223
yeaG	2946	1579	1109	1539
yeaH	618	339	251	298
yeaI	28	19	24	25
yeaJ	250	148	233	280
yeaM	145	111	159	190
yeaN	84	57	71	105
yeaP	1200	666	1337	1574
yeaS	115	44	52	72
yeaT	767	300	204	298
yeaU	160	73	97	149
yeaV	50	22	14	24
yeaW	53	39	23	28
yeaX	151	56	65	97
rnd	594	340	473	595
fadD	3506	1285	486	693
yeaZ	650	348	811	1077
yoaA	606	328	503	683
sdaA	367	224	265	373
adrB	161	88	103	151
yoaE	703	414	441	679
manX	35394	17045	7484	10399
manY	21810	11038	5202	7860
rrmA	354	190	456	555
kdgR	3164	1533	2102	2993
yebQ	53	36	28	33
htpX	5094	2988	3495	5526
prc	7374	4053	6818	10036
yebS	283	174	236	295
yebT	731	431	620	906
yebU	224	119	245	332
pphA	120	71	75	118
yebZ	483	322	1208	1558
yobB	198	98	127	197
exoX	382	188	215	312
ptrB	584	352	420	627
yebE	541	260	254	340
purT	1334	753	1725	2664
eda	1172	662	1312	2152
edd	1074	558	1358	1685
zwf	5368	2939	7329	9929
yebK	1778	860	635	809
pykA	6043	3028	2993	4126
lpxM	639	387	733	980
yebA	4610	2530	4992	6944
znuA	17829	10124	27900	39283
znuC	697	467	830	1048
znuB	578	324	621	866
ruvB	637	402	538	842
ruvA	695	391	419	609
yebB	33	20	13	25
yebC	3881	2116	3772	5296
aspS	4989	2813	4577	6751
yecE	239	188	160	225
yecO	329	205	441	590
yecP	288	199	552	784
torY	56	21	44	43
cutC	554	319	404	692
argS	2662	1513	3319	4773
flhA	2515	1405	1499	2235
flhB	1734	905	909	1329
cheZ	8795	4788	4530	7035
cheB	7382	3799	4259	5290
cheR	4673	2559	2204	3132
tap	25532	12883	10187	14033
tar	40772	20329	16618	22064
cheA	27799	14853	14148	20066
motB	7119	4137	3502	4511
motA	11594	6060	4248	5905
otsA	1900	1080	828	1090
otsB	1100	598	366	554
araH	332	177	152	169
araG	493	236	115	194
araF	975	409	84	87
tyrP	346	230	328	459
yecA	1731	1001	1441	1890
uvrC	1623	934	1678	2427
uvrY	1906	1065	1943	2591
sdiA	419	213	346	478
yecC	915	486	577	854
yecS	588	311	381	573
yedO	1853	966	1151	1627
fliY	22490	10645	14583	20634
fliA	21829	11173	9821	12939
fliD	10334	5771	5223	5758
amyA	3391	1860	1538	1992
yedE	3418	1522	691	905
fliF	5819	3105	3687	4903
fliG	4437	2411	2742	3950
fliH	2338	1310	1459	2275
fliI	1939	1021	1177	1644
fliM	2708	1531	2189	2928
fliP	437	256	348	506
fliR	251	126	215	264
rcsA	369	211	531	713
yedP	418	230	194	240
yedQ	407	261	291	370
yedI	694	401	541	737
yedA	39	24	36	40
dcm	1016	534	913	1324
yedJ	323	188	354	509
hchA	401	258	309	350
yedW	442	243	411	583
yedZ	93	50	78	84
yodA	10333	6120	25725	34581
yeeI	4478	1983	697	913
shiA	1113	613	1054	1539
amn	824	530	803	876
yeeN	2534	1461	3693	4980
yeeO	172	89	110	147
cbl	964	465	804	1080
nac	75	47	108	121
erfK	603	367	418	552
cobS	576	335	513	692
yeeA	433	287	260	391
dacD	300	151	287	360
yeeE	8326	3474	3830	5203
yeeF	2728	1708	5410	8007
yeeY	213	122	128	241
yeeZ	1091	625	931	1338
hisG	968	604	1559	1987
hisD	621	381	1119	1466
hisC	647	394	861	1262
hisB	1244	727	1741	2315
hisA	1077	605	1259	1907
hisF	787	422	1097	1593
ugd	246	117	323	409
gnd	12552	7394	30300	44212
galF	2841	1608	8064	11472
wcaL	26	15	17	45
wcaK	30	14	34	31
wzxC	19	12	24	31
wcaJ	21	10	26	27
cpsG	26	14	35	67
cpsB	46	21	58	64
fcl	23	11	70	58
gmd	38	29	87	126
wcaE	8	7	18	22
wcaD	19	19	37	42
wcaC	46	22	31	67
wcaA	13	10	16	26
wzc	34	16	47	64
wza	7	5	30	20
yegH	463	256	500	706
asmA	2201	1082	1413	1963
udk	399	254	434	539
yegL	26	7	24	34
mdtA	74	58	85	100
mdtB	197	110	144	211
mdtC	200	100	144	216
baeS	105	68	61	124
baeR	205	158	183	225
yegQ	526	347	659	830
yegS	298	181	154	189
gatD	9032	3752	981	1399
gatZ	138196	53318	24870	33291
gatY	114869	46727	23621	32651
fbaB	5116	2556	1782	2482
yegT	140	85	66	99
yegU	185	86	88	124
yegV	160	79	74	105
yegW	177	99	155	201
yegX	242	109	253	337
thiD	932	503	770	1122
thiM	1713	924	1542	2049
rncA	53	32	58	63
yehA	26	13	18	27
yehC	0	1	5	3
mrp	2991	1839	3858	5419
metG	1958	1230	2238	3022
yehL	7	4	1	3
yehP	15	8	11	10
yehT	654	305	281	389
yehU	1322	557	609	661
mlrA	216	130	95	150
yehW	101	40	48	54
yehX	153	81	56	112
yehY	171	87	59	98
yehZ	441	225	143	249
bglX	1966	1056	1742	2680
dld	4837	2543	2850	4061
pbpG	651	354	638	835
yohF	157	97	93	113
dusC	136	85	183	251
yohK	66	49	48	69
cdd	318	171	122	213
sanA	159	92	165	226
yeiT	258	122	50	69
yeiA	394	164	79	99
mglC	4938	1841	253	326
mglA	11074	3932	613	763
mglB	34380	14482	1277	1830
galS	1058	396	66	116
yeiB	305	184	380	517
folE	1432	937	2077	2358
frmC	1464	920	1242	1636
cirA	2699	1405	2852	4167
lysP	2929	1835	4691	6423
yeiE	406	276	344	422
yeiH	163	107	152	188
nfo	613	395	731	880
yeiJ	14	17	19	37
rihB	18	7	5	7
yeiL	47	23	18	21
yeiC	209	68	13	10
fruA	1542	847	908	1593
fruK	779	407	463	703
fruB	699	415	449	732
setB	80	38	36	57
yeiQ	462	256	232	278
yeiR	246	144	267	366
yeiU	159	103	316	411
rtn	532	331	364	426
yejB	98	59	77	125
yejE	160	112	112	147
yejF	583	347	449	622
bcr	443	235	389	515
rsuA	467	319	625	787
yejH	85	63	88	110
yejK	1608	846	1814	2569
yejM	1238	629	934	1181
narP	924	521	878	1383
ccmH	186	130	145	229
ccmF	235	106	182	289
ccmC	151	67	90	134
ccmB	74	40	56	75
ccmA	152	85	125	132
napC	313	141	149	254
napH	72	37	39	55
napG	54	32	24	42
napA	477	236	177	343
mqo	236	146	1291	1916
yojI	924	497	1350	1803
alkB	36	18	34	25
ada	148	105	95	129
yojL	137	59	130	174
rcsB	4012	2301	3931	5079
rcsC	1379	769	1365	1834
yfaP	33	10	12	18
yfaQ	111	40	31	79
yfaT	8	4	5	11
gyrA	10828	6352	12108	18568
ubiG	547	306	529	690
nrdA	2604	1674	2492	3217
nrdB	1914	1168	1926	2959
inaA	587	288	596	690
glpQ	58669	22142	3567	5236
glpT	65214	23551	3546	4804
glpA	8019	3147	515	837
glpB	4667	1789	328	463
glpC	3090	1230	209	317
yfaY	570	324	525	798
ais	18	11	17	27
yfbE	189	102	104	117
yfbF	48	36	36	36
yfbG	228	118	113	168
yfbH	78	42	33	64
arnT	103	51	55	64
menE	301	173	345	585
menC	376	223	446	790
menB	853	478	929	1513
yfbB	271	171	329	425
menD	315	172	286	426
menF	622	369	517	677
elaC	302	226	330	453
nuoN	2052	1283	1201	2153
nuoM	2437	1436	1414	2265
nuoL	5194	2886	2740	4413
nuoH	4651	2381	2528	3724
nuoG	15597	7707	8174	12737
nuoF	6760	3386	3729	5934
nuoC	9723	4848	4949	7006
nuoB	5449	2648	2357	3295
lrhA	2898	1330	1112	1785
yfbQ	1132	658	775	1179
yfbS	346	187	195	310
yfbT	1504	883	1631	2375
ackA	2263	1264	1766	2341
pta	3673	2109	2411	3531
yfcF	201	125	167	182
yfcG	88	56	40	63
yfcH	908	534	844	1249
hisP	1222	573	924	1298
hisM	903	435	717	908
hisQ	2074	957	1325	1746
hisJ	10101	4285	7200	9659
purF	2648	1638	3840	5623
dedD	827	417	623	1007
folC	1638	855	1465	2166
accD	6977	3831	5926	8958
truA	998	598	835	1161
usg	918	533	935	1442
pdxB	1452	886	1552	2525
flk	440	238	440	614
yfcJ	78	62	101	155
fabB	4142	2786	3667	5649
trmC	476	315	468	662
yfcA	429	224	525	654
mepA	550	333	483	845
aroC	2090	1243	2456	3529
prmB	1646	965	1828	2611
yfcY	1421	534	140	190
fadL	3423	1435	904	1022
vacJ	1351	762	1738	2647
yfdC	182	83	62	95
dsdA	197	128	229	277
emrY	14	9	30	22
emrK	32	15	33	44
evgA	320	216	1016	1464
yfdE	48	13	21	45
yfdV	12	9	12	18
oxc	52	18	34	45
frc	41	19	37	50
yfdX	25	8	21	36
ddg	65	35	117	102
yfdZ	844	478	633	1057
ypdA	369	200	323	420
ypdB	428	212	335	509
ypdC	87	53	76	96
ypdD	118	63	61	85
ypdE	42	16	21	32
ypdF	56	29	17	26
ypdG	24	12	11	15
glk	1769	923	930	1358
yfeO	190	113	115	157
mntH	847	509	789	1013
nupC	885	539	870	1286
yfeA	743	412	674	868
gltX	5581	3237	7044	9991
yfeR	162	101	121	171
yfeH	677	358	430	627
ligA	1117	612	1112	1669
zipA	4455	2255	3636	5251
cysZ	381	228	264	361
cysK	36048	17702	29380	42910
ptsI	45565	26519	36131	51724
pdxK	685	368	732	1140
cysM	3598	1615	3830	5320
cysA	2727	1262	2449	3554
cysW	1836	802	1307	1880
cysU	1764	682	1241	1759
cysP	4240	1922	2583	4032
ucpA	3992	1529	815	1085
yfeT	127	58	72	148
yfeU	173	68	47	85
murP	181	70	78	104
murQ	211	111	80	121
yfeX	2022	1105	1556	2243
amiA	743	455	785	1195
hemF	238	140	231	373
yfeG	151	54	91	148
eutL	133	54	118	156
eutC	180	110	127	206
eutB	851	549	628	937
eutA	15	7	8	11
eutH	24	14	14	26
eutG	22	13	11	25
eutJ	14	11	7	8
eutE	27	9	21	22
eutI	71	46	23	28
eutT	38	23	7	17
eutQ	61	22	8	20
maeB	19269	8874	5605	7960
talA	1833	1187	940	1345
tktB	3137	1997	1495	2276
ypfG	280	166	186	234
aegA	127	58	76	142
narQ	247	137	197	274
acrD	216	107	124	224
dapE	776	450	1015	1382
ypfH	360	160	291	435
ypfJ	990	592	1029	1399
purC	4089	2289	4750	7522
nlpB	4710	2705	4616	7212
dapA	7453	4052	7035	10061
hyfA	4	5	0	1
hyfC	8	5	11	13
hyfD	22	12	11	17
hyfE	17	5	10	15
hyfG	40	19	32	48
hyfI	20	9	14	19
perM	375	230	326	435
yfgC	1964	1076	1526	2035
hda	968	534	996	1422
uraA	2524	1389	3279	5099
upp	4406	2393	6661	8778
purM	2994	1733	2878	4784
purN	866	549	1100	1589
ppk	1258	740	1347	1624
ppx	1154	633	1097	1541
yfgF	102	62	73	102
guaA	5591	3126	8514	13991
guaB	3041	1981	6107	9202
xseA	526	350	813	1013
der	2747	1605	2589	3569
yfgL	3749	2111	3439	5264
yfgM	2542	1343	2204	3269
hisS	5528	3139	5345	7466
ispG	3107	1744	2395	3341
yfgA	2003	1154	1612	2076
yfgB	1921	1063	1398	1857
pbpC	139	60	83	143
sseA	1575	683	578	766
sseB	933	538	749	1197
pepB	3184	1628	1816	2678
hscA	2815	1659	2551	3988
iscS	9476	5727	5579	7794
yfhQ	1053	642	968	1575
suhB	1564	918	2136	2840
yfhR	32	21	26	37
hcaT	248	113	106	141
hcaR	5669	2045	474	633
hcaE	337	157	123	186
hcaB	77	42	23	62
yphB	110	58	74	97
yphC	124	49	58	92
yphD	31	10	21	34
yphE	78	41	25	35
yphF	79	37	18	37
yphH	480	218	328	464
glyA	19496	10100	26485	39053
hmp	896	476	498	925
yfhA	488	265	544	787
yfhG	392	202	295	377
yfhK	661	360	491	659
yfhD	328	170	322	449
yfhB	416	244	328	526
yfhH	257	140	180	269
pdxJ	1220	588	1428	2170
recO	614	350	617	917
era	1589	874	1913	2607
rnc	1225	765	1574	2080
lepB	2243	1268	1979	2825
lepA	5080	2840	4172	6390
rseB	2156	1114	1354	1878
rseA	6715	3520	3763	5640
yfiC	289	162	287	427
srmB	707	423	616	837
yfiE	166	91	147	257
ung	753	409	789	1042
yfiF	1294	764	1446	1962
yfiP	118	54	143	150
yfiQ	3850	1554	619	859
pssA	5024	2360	2818	3655
kgtP	21628	10824	11109	14316
clpB	9327	5774	7236	11636
yfiH	390	184	503	712
rluD	1129	631	1408	1768
yfiO	5662	3265	5919	7482
pheA	2456	1470	3375	4150
tyrA	1773	1050	3246	4547
aroF	3410	1827	5827	7532
yfiN	105	65	130	175
trmD	31582	16544	35920	48359
ffh	2287	1305	2626	3986
ypjD	443	253	349	455
yfjD	552	359	704	949
yfjB	371	243	331	432
recN	783	431	519	664
gabT	790	396	125	207
gabP	231	126	50	72
csiR	391	185	156	235
nrdF	260	149	114	124
proV	1437	870	1399	1691
proW	408	272	366	519
proX	1865	974	1020	1279
ygaZ	724	383	714	1035
emrA	446	253	617	861
emrB	267	173	365	557
gshA	3538	2069	3539	5098
alaS	15332	8634	17716	25082
recA	7236	3950	5053	7480
mltB	178	86	159	199
srlE	75	40	22	22
srlD	150	90	104	143
srlR	543	241	299	422
gutQ	351	170	203	334
norV	75	44	64	96
norW	27	32	31	27
ascG	909	462	646	907
ascF	116	65	63	92
hycG	57	22	36	56
hycE	29	15	19	21
hycD	5	7	8	9
hycC	13	3	5	15
hycB	11	3	1	4
hypB	130	72	58	104
hypD	643	317	280	408
hypE	170	66	101	172
fhlA	152	95	103	122
mutS	1028	565	981	1535
ygbI	739	375	397	476
ygbJ	63	46	35	46
ygbK	78	51	47	80
ygbL	36	22	28	49
ygbM	42	28	34	49
ygbN	111	48	66	94
nlpD	61037	28516	26066	35717
pcm	980	486	819	1126
surE	628	337	807	1146
truD	1967	967	1614	2252
ispD	429	243	582	909
cysC	2170	887	2022	2938
cysN	8003	3569	7554	11395
cysD	5447	2381	5250	7397
iap	304	184	290	414
cysH	4823	2110	5027	7259
cysI	9405	4290	9208	14204
cysJ	6832	3154	7565	11203
ygcQ	37	34	24	56
ygcR	15	13	18	16
ygcS	31	11	16	18
ygcU	56	28	27	35
ygcW	25	10	2	4
yqcE	87	42	44	48
ygcF	691	400	688	928
eno	28639	17373	37245	59259
pyrG	6330	3792	8532	12711
mazG	948	502	901	1204
relA	3444	1797	2947	4130
barA	794	463	762	1052
gudD	222	122	130	235
gudX	98	39	65	98
gudP	54	28	12	24
truC	225	116	208	325
queF	885	517	875	1144
ygdH	1115	570	739	849
sdaC	941	655	641	856
sdaB	367	233	268	487
exo	255	170	145	211
fucO	1288	467	117	142
fucA	452	158	32	51
fucP	98	40	26	30
fucI	283	143	46	82
fucK	247	151	144	181
fucR	1465	642	386	469
ygdE	815	441	623	943
gcvA	430	211	399	528
csdA	339	190	384	508
ygdL	427	209	381	616
mltA	954	468	972	1354
amiC	1399	726	756	1314
argA	3746	1655	4819	7010
recD	822	420	687	1125
ptr	1603	843	1333	1976
recC	1097	582	1049	1368
thyA	1010	619	1306	1721
lgt	819	460	827	1133
ptsP	2755	1637	2443	3425
mutH	236	102	171	224
ygdQ	148	127	163	181
tas	908	572	841	1161
ygeD	279	126	247	292
aas	878	538	902	1255
galR	448	201	337	419
lysA	1488	752	1444	2143
lysR	114	72	68	104
ygeA	727	358	453	602
araE	236	105	142	210
kduD	219	119	103	120
kduI	202	92	67	97
yqeF	5164	2217	740	992
yqeG	80	43	51	85
yqeH	35	25	34	51
yqeI	65	32	56	101
ygeH	21	13	13	32
ygeR	1117	544	624	755
xdhA	178	90	49	80
xdhB	71	34	23	39
ygeV	1376	508	113	157
ygeW	28	10	14	12
ygeX	51	23	25	28
ygeY	41	24	33	29
hyuA	53	18	44	44
yqeA	138	71	68	109
yqeB	407	144	83	140
yqeC	195	58	15	32
ssnA	20	9	16	18
ygfM	30	12	21	37
xdhD	158	95	101	154
ygfO	96	65	100	110
guaD	214	111	188	227
ygfT	159	62	44	61
ygfU	41	22	8	13
lysS	5726	3111	6442	9330
prfB	4401	2499	4958	6533
recJ	1032	623	1245	1913
dsbC	1289	734	1316	1769
xerD	994	555	1001	1359
ygfZ	2234	1171	1495	2160
yqfA	600	322	380	440
bglA	2391	1519	2453	3565
ygfF	116	48	102	135
gcvP	2815	1227	2840	4698
gcvT	1461	693	1878	2782
visC	990	601	982	1366
serA	16583	11578	35610	51539
rpiA	3556	1902	3076	4474
argP	801	446	665	945
yliK	83	38	47	80
argK	28	18	21	25
ygfG	37	21	38	37
ygfH	78	52	56	76
ygfI	120	47	73	115
yggE	1460	892	1221	1828
argO	173	71	254	308
mscS	1807	1300	2498	4019
fbaA	17142	9705	19427	28689
pgk	18382	10606	17603	25594
epd	3393	1943	3669	5143
yggF	52	37	42	41
cmtA	31	15	13	18
tktA	5715	3959	5810	7720
yggG	1360	643	801	1069
speB	947	496	1066	1598
speA	6953	3720	8480	12436
metK	4401	3115	8253	11750
galP	215	126	593	802
endA	42	9	36	47
yggJ	456	253	443	634
gshB	1392	766	1245	1656
yggS	486	308	440	659
yggW	500	267	515	695
yggM	91	46	65	90
ansB	135	72	81	127
yggN	1123	570	920	1278
yggH	2040	1214	2462	3102
mutY	875	499	848	1219
mltC	822	473	777	900
nupG	1201	482	221	310
yqgA	57	23	51	89
yghK	429	252	65	102
glcF	1186	622	157	231
glcD	1012	572	54	62
glcC	1595	638	203	291
ECIAI1_3132	17	11	120	139
yghR	9	4	5	14
yghS	16	10	10	18
yghT	7	4	7	10
pitB	48	25	36	58
gss	1069	666	2006	2912
yghU	1668	846	773	1091
hybC	520	282	391	596
hybB	117	76	67	117
hybA	142	45	53	93
hybO	122	82	71	117
yghZ	3144	1152	251	360
yghA	266	145	99	124
exbB	3527	2046	4012	5685
metC	3022	1504	3015	4178
yghB	430	220	300	439
yqhC	215	114	249	287
yqhD	568	580	536	843
dkgA	473	337	279	360
yqhG	89	47	55	80
ygiQ	735	441	861	1106
sufI	759	454	595	838
plsC	584	314	540	692
parC	2407	1252	2360	3476
qseB	53	27	57	88
parE	1752	955	1727	2748
cpdA	1826	909	986	1425
nudF	1060	582	910	1095
tolC	4044	2473	4052	5235
ygiC	2214	1273	2041	2735
ygiE	698	451	513	752
ribB	2849	1534	2055	2612
yqiJ	36	16	26	31
yqiK	46	37	33	60
rfaE	1740	1028	2119	3156
htrG	627	330	362	481
cca	771	396	481	801
bacA	761	387	848	1234
plsY	416	221	268	363
ygiP	105	52	76	87
ttdA	23	13	12	12
ttdB	6	4	9	5
ygjE	74	38	63	98
gcp	574	322	638	855
dnaG	2282	1358	2434	3273
rpoD	7717	4710	6541	9813
yqjH	302	171	244	382
yqjI	383	197	188	322
aer	9324	4143	2287	3009
ygjG	1606	826	517	805
ebgR	112	68	97	119
ygjI	18	9	14	8
ygjJ	10	7	6	9
ygjK	56	42	46	44
ygjO	183	133	242	348
ygjQ	11	8	22	22
ygjR	992	434	317	433
alx	84	60	65	104
sstT	1765	876	914	1538
uxaA	926	405	239	345
uxaC	1115	464	247	322
exuT	687	279	55	74
exuR	1014	519	936	1219
yqjA	592	335	623	839
yqjG	491	273	304	398
yhaJ	913	513	851	1177
yhaK	80	31	38	60
yhaM	137	77	95	140
yhaO	58	28	50	79
tdcG	99	45	56	84
tdcE	530	272	318	472
tdcD	62	23	33	35
tdcC	182	90	90	141
tdcB	68	28	13	12
tdcA	39	27	6	8
garK	248	117	150	166
garR	207	117	87	143
garL	58	34	21	16
garP	23	7	7	6
garD	386	140	74	109
agaR	1393	729	1075	1437
kbaZ	157	60	28	40
agaS	36	17	21	22
kbaY	26	8	14	17
agaC	10	7	13	10
agaD	24	16	7	19
agaI	17	5	20	25
yraI	11	7	10	16
yraL	504	248	537	789
yraQ	1093	523	759	1153
yraR	200	108	83	148
yhbU	39	17	61	90
yhbV	33	23	28	71
yhbW	196	132	204	327
mtr	322	163	272	413
deaD	1623	1087	2393	3284
nlpI	8761	4635	7190	9228
pnp	16017	8867	13630	19469
truB	1583	811	1656	2491
infB	23919	12503	19838	28430
nusA	8087	4322	6907	9729
argG	8918	4314	15789	23469
yhbX	155	82	118	181
glmM	3838	2030	3474	5330
folP	973	485	836	1265
ftsH	13173	8065	12191	18771
rrmJ	4096	2454	3077	4170
dacB	185	115	254	315
obgE	1787	985	1721	2480
yhbE	1289	684	1246	1639
ispB	1796	1042	1713	2326
murA	3106	1750	3814	5074
yrbC	2312	1356	1824	2855
yrbE	1111	626	1088	1589
yrbF	2306	1242	2145	3002
yrbG	469	248	415	552
kdsD	2029	1107	1748	2269
lptB	2262	1323	1554	2246
rpoN	7529	4205	5556	7343
yhbJ	1736	1014	1503	1901
yrbL	4940	2880	3322	4844
mtgA	1029	569	650	900
elbB	1293	669	722	1205
arcB	2404	1209	1445	1841
yhcC	35	19	22	46
gltB	13185	8943	29527	44479
gltD	7480	4901	16077	24852
nanE	133	59	26	48
nanT	274	122	39	51
nanA	509	200	86	137
nanR	701	452	675	911
dcuD	53	14	36	41
sspA	2973	1783	2752	4417
degQ	1755	1108	1242	1782
degS	538	333	525	722
mdh	32481	18179	18029	25462
aaeB	91	57	76	91
aaeA	185	95	162	204
aaeR	179	99	161	220
tldD	1604	883	1601	2572
rng	2001	1106	1977	2884
mreC	766	462	868	1348
mreB	3238	1943	2843	4132
csrD	1004	539	746	1058
yhdH	1241	642	658	1012
accC	7948	4371	7848	12026
panF	233	122	261	359
prmA	641	350	703	1022
dusB	7596	4270	7192	10040
yhdJ	91	43	60	82
envR	93	60	16	42
acrE	14	13	9	29
acrF	245	139	211	277
aapQ	65	38	30	67
aapP	143	72	125	127
aroE	870	482	1010	1338
smf	1028	584	694	962
fmt	1716	1129	1999	2669
rsmB	975	596	1032	1544
trkA	928	561	1023	1369
rpoA	64514	33859	63750	99111
rpsD	57743	30167	56084	79228
secY	67703	35654	62194	94262
rpsC	44913	21849	43710	65367
rplB	41895	21598	43190	65015
rplD	26961	15293	27394	44924
rplC	40280	22323	43073	66164
tufA	172475	90219	159018	235885
fusA	152172	77938	134798	196610
yheO	1330	850	1315	1806
fkpA	6181	3750	6371	8509
kefB	597	334	487	707
yheS	861	575	885	1163
yheT	257	143	221	347
prkB	630	345	520	636
crp	5687	3445	5196	7214
yhfK	1040	620	943	1463
argD	4099	1944	6085	9503
fic	379	181	185	219
tsgA	96	72	228	310
nirB	129	80	99	184
nirC	81	47	67	134
cysG	698	392	650	939
frlA	37	22	20	23
frlB	38	21	12	24
frlC	49	23	35	50
frlD	83	53	34	69
frlR	196	125	141	210
yhfS	43	38	38	53
yhfT	40	25	29	43
php	42	15	28	30
yhfZ	373	180	207	287
trpS	3480	1940	4400	6398
gph	1256	655	1427	2014
rpe	1239	678	1177	1640
dam	828	532	913	1203
aroB	5064	2915	5148	7190
hofQ	83	39	53	90
yrfD	99	62	66	84
mrcA	1251	787	1347	1906
igaA	1270	630	695	1017
yrfG	651	364	526	839
hslO	1067	590	976	1573
pck	17349	7644	1424	2140
envZ	990	497	508	770
ompR	1533	839	840	1082
yhgF	1882	1145	2486	3912
feoB	1067	623	1106	1915
yhgA	105	61	105	166
bioH	246	153	261	393
gntX	241	152	191	219
gntT	376	203	232	440
malQ	2900	1493	1363	1856
malP	4306	2216	2117	2646
malT	23747	10353	4672	6637
rtcB	156	84	133	195
glpG	902	502	1090	1398
glpD	38309	18670	17703	25954
glgP	5953	3402	4766	7505
glgA	3500	1980	2495	3903
glgC	4808	2687	3777	5434
glgX	3972	2232	3035	4569
glgB	6542	3632	5762	8874
asd	12543	6878	18393	27357
gntU	93	47	86	185
gntR	414	254	382	491
yhhW	279	143	212	314
yhhX	697	402	818	1191
yhhZ	7	0	6	12
ggt	466	268	182	300
ugpC	420	227	162	226
ugpE	151	56	41	52
ugpA	89	46	21	24
ugpB	2296	852	514	664
livF	2726	1395	3635	5092
livG	2533	1256	2942	4135
livM	3501	1824	3577	5841
livH	3154	1619	3000	4862
livK	11536	5527	10480	14682
livJ	49247	26926	30391	41741
rpoH	3579	2010	2459	3999
ftsX	974	638	978	1568
ftsE	722	393	701	1027
ftsY	3505	1834	3505	4730
yhhN	172	97	112	195
yhhQ	132	84	101	136
yhhS	162	95	188	258
yhhT	212	135	103	139
nikA	12	16	22	35
nikB	19	6	13	28
nikC	14	5	12	18
nikD	22	13	23	29
nikE	23	13	13	31
yhhI	501	284	65	125
yhhJ	526	330	491	681
rbbA	1342	849	1150	1933
yhiI	1740	960	1397	2342
yhiM	54	28	54	60
yhiN	462	263	616	856
pitA	2045	1234	2525	3542
yhiP	166	103	117	146
yhiQ	204	132	224	366
prlC	1964	1253	1908	3084
yhiR	204	133	201	279
gor	1764	1005	1486	2257
arsB	69	49	59	71
yhiD	41	26	36	56
mdtE	25	14	17	25
mdtF	162	106	175	229
gadW	140	101	291	403
gadX	305	157	498	801
gadA	337	190	312	492
yhjA	106	46	79	99
treF	280	201	241	341
yhjB	127	50	77	118
yhjC	209	107	146	221
yhjD	250	164	153	238
yhjE	2419	1833	3702	5614
yhjG	3212	1665	1603	2188
yhjH	8808	4459	3962	5340
kdgK	1284	606	683	1032
yhjJ	1016	554	724	1023
dctA	2990	1310	317	415
yhjK	521	290	460	618
bcsC	475	231	352	481
bcsZ	51	26	53	66
bcsB	61	47	66	93
bcsA	192	97	73	109
bcsE	1004	594	1039	1347
bcsG	273	203	261	341
yhjV	576	275	307	401
dppF	2225	1215	1111	1765
dppD	2420	1221	1028	1491
dppC	2096	1001	825	1349
dppB	2509	1201	944	1440
dppA	44393	22780	12379	16311
eptB	644	289	233	296
yhjX	36	24	25	27
yhjY	560	300	261	363
yiaD	213	113	264	375
tiaE	1509	1028	1607	2251
yiaF	2726	1471	2806	4111
glyS	7560	4445	8261	12842
glyQ	4205	2408	4284	6655
yiaH	92	46	108	126
xylB	284	143	227	298
xylA	340	142	162	201
xylF	411	162	23	29
xylG	371	193	101	153
xylH	148	69	71	73
xylR	247	145	211	307
bax	14156	6629	2949	3801
avtA	1417	846	1581	1919
yiaJ	326	175	306	484
yiaK	62	33	9	13
yiaN	22	11	11	5
yiaO	21	10	4	8
sgbH	18	13	10	12
sgbU	26	13	25	17
sgbE	36	17	13	28
yiaT	42	24	54	47
yiaU	107	61	87	138
yiaV	40	23	32	40
aldB	1382	478	47	69
yiaY	16	9	7	15
selB	1216	653	1567	2378
selA	571	299	642	917
yibF	232	125	178	253
yibH	99	66	54	69
mtlA	3119	1491	1041	1786
mtlD	1432	741	921	1294
lldP	723	349	148	186
lldR	305	142	120	168
lldD	442	230	161	274
cysE	1304	663	784	953
gpsA	2836	1421	1857	2752
gpmI	2255	1564	4611	6532
envC	911	569	1075	1601
yibQ	264	177	316	455
yibD	51	30	37	35
tdh	403	228	404	540
kbl	728	391	369	646
waaD	2021	1213	2520	3405
waaF	1353	819	1482	2109
kdtA	510	282	406	624
mutM	268	136	296	399
yicR	746	440	940	1327
dfp	674	484	754	816
pyrE	76	35	132	185
yicC	1417	802	1685	2311
yicG	28	15	32	32
ligB	212	96	71	124
gmk	2462	1414	2644	3414
spoT	2603	1572	2913	4275
trmH	431	243	484	631
gltS	178	112	182	288
yicE	1102	667	949	1271
yicH	1292	752	1016	1426
yicI	228	131	101	177
yicJ	43	23	40	41
setC	26	10	11	15
yicL	534	275	500	605
nlpA	3310	1605	3002	4060
yicM	64	53	114	170
uhpT	4167	2480	895	1796
uhpC	113	63	94	140
uhpB	229	124	166	311
ilvB	6871	3306	3058	4252
emrD	14	3	6	9
yidJ	73	35	33	39
yidK	30	19	13	18
yidL	133	69	49	62
yidP	30	12	14	30
yidE	887	475	543	759
yidR	619	277	326	431
cbrA	41	14	16	28
dgoT	44	27	25	35
dgoD	108	73	31	52
dgoA	54	22	18	25
dgoR	424	166	184	301
yidX	202	112	163	248
yidA	426	269	580	761
gyrB	4459	2486	4943	7133
recF	434	243	643	832
dnaN	1319	715	1302	1826
dnaA	2421	1268	2022	2946
yidC	6093	3475	5730	8032
trmE	732	462	646	904
tnaA	5628	2130	82	91
tnaB	481	167	27	25
mdtL	35	23	27	44
yidZ	162	87	193	216
yieE	283	121	186	266
yieH	199	136	211	251
yieK	58	40	40	95
yieL	41	19	24	37
bglH	43	22	20	35
bglB	45	34	23	52
bglG	39	13	15	15
phoU	835	521	696	1106
pstB	1042	722	898	1037
pstA	237	175	219	341
pstC	406	334	336	489
pstS	1344	1205	1027	1300
glmS	5772	3713	9530	15498
glmU	4200	2382	6436	9892
atpD	25515	13439	17790	27349
atpG	19393	9788	14162	18495
atpA	44964	24469	31168	47074
atpB	23931	12006	16653	21903
gidB	373	218	425	570
gidA	1892	1177	2031	2883
asnA	463	269	608	907
yieM	384	224	309	414
ravA	332	196	260	378
trkD	641	374	651	833
rbsA	1971	870	593	904
rbsC	1966	890	412	610
rbsB	18005	8337	2861	3898
rbsK	2050	1009	784	1030
rbsR	441	203	199	247
hsrA	177	124	182	237
yieP	491	296	700	1002
hdfR	602	334	502	708
yifB	199	129	210	277
ilvE	1544	854	2340	3412
ilvD	1684	916	2200	3304
ilvA	715	368	1039	1654
ilvY	136	86	156	217
ilvC	34908	18283	50213	75232
rep	725	429	856	1155
gpp	1218	715	979	1160
rhlB	3098	1836	2842	3538
rho	3185	1915	3366	3879
rfe	1364	820	1540	2236
wzzE	853	573	958	1465
rffE	800	429	1020	1543
rffD	684	358	1004	1412
rffG	537	300	735	1026
rffH	324	197	414	574
rffC	203	129	295	406
rffA	441	246	566	790
wzxE	374	200	469	694
rffT	284	149	306	446
wzyE	199	107	265	347
rffM	245	150	397	527
yifK	1558	752	1410	2055
hemY	1742	956	1329	1975
hemX	2504	1337	1606	2255
hemD	835	447	626	708
hemC	905	505	577	826
cyaA	3021	2312	4550	5944
dapF	1282	658	1111	1696
yigA	701	391	680	1012
xerC	1137	555	1069	1450
yigB	595	267	593	794
uvrD	971	520	838	1244
yigE	54	34	47	72
corA	987	537	960	1391
rarD	132	85	158	201
pldA	862	553	995	1425
recQ	681	346	666	977
rhtC	498	266	403	580
rhtB	452	228	287	397
pldB	740	417	779	1103
yigL	431	244	454	633
yigM	109	62	124	150
metR	445	251	344	510
ysgA	995	604	726	1071
udp	1787	984	806	1280
rmuC	1028	450	328	429
ubiE	1797	999	1497	2070
yigP	843	426	341	538
ubiB	1433	748	1246	1776
tatC	855	489	853	1264
tatD	347	183	278	417
ubiD	3095	1528	1945	2855
fre	2098	1063	1350	2032
fadA	1595	613	108	157
fadB	5725	2062	220	275
pepQ	4458	2524	3657	5104
yigZ	518	285	405	628
trkH	701	434	706	982
yihE	1225	785	1533	2007
dsbA	3075	1754	3608	5027
yihG	98	55	127	171
polA	4214	2118	3180	4311
hemN	1129	633	976	1399
glnG	660	315	635	968
glnL	535	263	538	737
glnA	4478	2858	6752	8620
bipA	8281	5336	13873	21448
yihL	177	101	108	156
yihM	424	199	152	194
yihN	184	101	47	68
ompL	22	8	13	9
yihO	47	34	32	32
yihP	24	14	28	43
yihQ	45	35	28	26
yihS	127	69	64	92
yihT	70	41	30	44
yihU	46	13	16	12
yihV	117	54	47	58
yihW	677	315	291	398
rbn	950	406	412	578
yiiD	1659	833	1211	1762
fdhE	588	284	338	500
fdoI	291	152	135	154
fdoH	444	231	135	212
fdoG	3997	2247	1626	2231
fdhD	388	207	325	539
frvB	20	16	15	29
rhaD	10	6	13	27
rhaA	17	11	14	28
rhaS	120	57	29	41
rhaR	95	37	37	49
sodA	31956	18070	32206	37809
kdgT	150	67	95	121
yiiM	477	262	402	523
cpxA	1884	1037	1537	2257
cpxR	2125	1247	1681	2433
fieF	1322	781	1321	1750
pfkA	4282	2588	4770	7143
sbp	1322	638	1225	1595
cdh	155	101	232	327
tpiA	7417	4474	8947	13466
fpr	1082	631	1012	1357
glpX	3549	1667	604	868
glpK	114725	49867	10067	14086
glpF	41923	17569	2347	2677
menA	481	278	477	668
hslU	2961	1840	3096	4503
ftsN	844	465	766	1072
cytR	1188	513	693	859
yiiX	113	58	235	351
metB	1803	943	1863	2135
metL	1984	984	1833	2988
metF	3952	2186	5735	8489
katG	8337	4471	4861	7665
yijE	98	46	90	117
yijF	12	9	12	19
gldA	199	108	103	191
fsaB	58	32	33	44
ptsA	65	28	25	42
frwC	73	33	12	17
pflD	144	70	74	126
pflC	65	28	24	53
yijO	61	32	60	53
yijP	727	402	1020	1237
ppc	7217	4581	9389	13235
argE	1746	954	2380	3492
argC	2565	1154	3400	4794
argB	2310	962	2756	4113
argH	3809	1686	4691	7738
oxyR	1450	864	1280	1887
sthA	3638	1960	1071	1366
fabR	3855	1730	1629	2173
trmA	970	567	813	1097
btuB	2556	1321	2290	3049
murI	269	182	230	362
murB	1960	1028	2073	2802
birA	715	360	766	1033
coaA	1398	742	1132	1500
tufB	163491	86230	149249	226426
rplA	24218	13173	26843	40361
rpoB	45068	25144	36343	53371
rpoC	45413	24416	36523	59020
thiH	2978	1841	3028	4179
thiG	1586	991	1439	2048
thiF	1809	994	1557	2284
thiE	1484	944	1332	2005
thiC	5701	3522	5570	7354
nudC	538	282	547	767
hemE	636	391	726	1051
nfi	309	159	279	461
yjaH	535	295	438	581
zraR	368	192	240	364
purD	1263	758	1663	2648
purH	1236	833	1839	2800
metA	2653	1441	3174	4665
aceA	65448	35218	14563	22214
aceK	7990	4299	2420	3354
iclR	929	569	973	1201
metH	7125	3736	7792	10602
yjbB	437	233	318	489
pepE	637	268	84	157
yjbC	456	272	644	854
lysC	2801	1494	5476	7951
pgi	8233	4844	10170	14411
yjbF	3	1	8	12
yjbG	5	6	8	11
yjbH	88	42	57	74
xylE	75	46	73	106
malG	521	285	41	58
malF	2060	951	122	143
malE	21429	10426	1274	1617
malK	5480	2452	243	271
malM	1808	924	159	186
ubiA	905	429	550	769
plsB	3183	1667	2437	3502
lexA	1670	928	1183	1737
dinF	139	81	122	180
yjbM	11	10	7	18
yjbN	590	394	678	938
qor	1239	709	757	1110
dnaB	1378	732	1450	2046
alr	503	297	544	811
tyrB	3675	2093	3219	4768
aphA	1276	451	148	207
uvrA	1065	656	852	1169
yjcC	172	95	131	166
yjcE	597	364	573	866
actP	7099	3164	134	193
acs	29064	11625	899	1224
nrfA	101	49	60	99
nrfC	6	6	7	6
nrfD	20	8	9	10
gltP	299	200	854	1338
yjcO	703	368	357	440
fdhF	355	195	241	386
yjcQ	37	21	38	35
yjcR	12	11	13	20
phnL	22	13	20	22
phnK	28	13	6	19
phnJ	5	2	2	1
phnI	3	2	1	3
phnF	3	1	3	5
phnD	10	6	3	10
phnC	10	4	0	6
yjcZ	3956	2270	1487	2231
proP	2081	1705	3017	4384
basS	224	144	169	198
basR	208	85	99	165
eptA	119	55	63	103
adiC	23	8	13	23
adiY	9	10	12	17
adiA	79	34	50	51
melR	376	156	85	129
melA	303	147	55	92
melB	172	89	86	113
yjdF	161	83	174	235
fumB	298	122	80	110
dcuB	32	20	21	30
dcuR	709	340	308	443
dcuS	1193	594	584	729
lysU	845	499	879	1218
yjdL	129	64	95	136
cadA	99	46	95	95
cadB	13	5	3	11
cadC	68	43	50	89
dipZ	676	405	588	798
dcuA	2433	1505	1836	2532
aspA	9153	3662	977	1374
yjeH	280	170	267	423
groL	44142	27485	40410	61987
yjeJ	459	264	351	466
yjeK	581	321	671	879
frdB	750	309	166	262
frdA	2287	881	441	797
poxA	246	136	254	385
yjeP	665	405	575	868
psd	1143	693	874	1221
rsgA	2129	1138	1725	2285
yjeS	425	216	330	438
yjeF	650	258	413	561
amiB	783	496	714	1096
mutL	1063	560	954	1293
miaA	8048	4535	5985	8590
hflX	6801	3826	5662	7978
hflK	5915	3499	5095	7364
hflC	4638	2790	4236	6143
purA	12336	7060	9093	13210
rnr	3886	2173	3533	5435
rlmB	451	284	425	706
yjfJ	20	15	14	17
yjfK	20	11	6	13
yjfC	20	4	23	42
aidB	264	158	177	262
yjfP	184	123	187	261
ulaR	489	237	369	488
ulaG	57	33	63	106
ulaA	53	34	20	20
ulaD	90	47	47	86
ulaE	96	37	51	84
ulaF	55	27	44	52
ytfB	1087	580	783	1017
fklB	650	360	613	715
cycA	4142	1799	1383	2226
ytfE	88	38	56	84
ytfF	66	44	42	72
ytfG	144	72	106	135
cpdB	2524	1097	1021	1367
cysQ	1147	575	703	1101
ytfL	260	158	166	259
msrA	359	223	274	352
ytfM	809	450	861	1295
ytfQ	1000	360	113	142
ytfT	90	32	16	36
yjfF	121	39	41	55
fbp	899	500	832	1130
mpl	1865	1022	1903	2772
pmbA	1383	795	1357	1943
nrdD	529	278	247	376
treC	232	104	54	91
treB	405	166	56	98
treR	205	135	165	214
mgtA	5325	2811	5191	6762
pyrB	13359	7167	9665	13557
yjgI	31	23	40	39
argI	3653	1584	3997	6088
valS	7928	4605	8826	13520
pepA	4719	2592	4109	6436
yjgP	1457	878	1340	1925
yjgQ	897	500	817	1234
yjgB	278	153	135	203
yjhT	312	171	168	241
yjhA	82	44	26	45
fimB	384	274	676	861
fimC	401	275	366	472
fimH	135	97	135	176
gntP	461	174	56	90
uxuA	895	422	159	290
uxuB	871	427	186	310
uxuR	555	286	396	622
yjiE	188	104	217	287
iadA	488	316	629	910
yjiH	14	12	23	28
yjiK	116	64	67	81
hgdC	58	22	7	20
yjiM	252	88	40	43
yjiN	127	61	98	140
yjiY	180	78	70	71
tsr	20189	10695	16027	23175
mdoB	1945	1117	1527	2089
dnaC	280	185	207	309
yjjP	61	35	39	52
yjjQ	6	3	4	5
bglJ	226	104	196	252
rsmC	520	320	530	743
yjjG	227	114	189	326
prfC	1775	1033	2587	3758
osmY	3084	1788	1804	2477
yjjU	723	378	543	849
yjjW	34	12	27	62
yjjI	64	47	67	87
deoC	311	173	240	384
deoA	706	332	326	520
deoB	1876	1037	1045	1561
deoD	2762	1537	2084	2904
ytjB	262	181	264	351
serB	836	416	870	1260
radA	988	571	1140	1690
nadR	886	468	1097	1553
slt	1256	636	868	1336
ytjC	1314	567	575	863
rob	1365	744	1125	1544
creB	506	279	569	837
creC	308	166	276	384
arcA	7551	4056	4094	5336
yjtD	232	143	240	290
