	YJ016_HS1	YJ016_HS2	YJ016_ASW1	YJ016_ASW2
VV1_RS00065	2147	3236	4266	1507
VV1_RS00070	711	995	942	283
VV1_RS00085	9895	7934	1889	664
VV1_RS00095	67967	14761	3332	1052
VV1_RS00120	567	294	474	318
VV1_RS00130	122	187	829	124
VV1_RS00135	55	66	564	56
VV1_RS00140	967	154	3800	687
VV1_RS00145	85	103	402	124
VV1_RS00150	40	31	135	59
VV1_RS00155	22	36	110	32
VV1_RS00160	201	67	1037	655
VV1_RS00165	937	203	1435	954
VV1_RS00170	1259	101	1270	743
VV1_RS00180	471	418	16970	4381
VV1_RS00190	6312	974	1019	437
VV1_RS00195	2265	999	1079	564
VV1_RS00205	1516	798	522	288
VV1_RS00210	3678	4040	2179	2037
VV1_RS00230	552	739	167	108
VV1_RS00240	784	806	304	153
VV1_RS00245	567	710	252	89
VV1_RS00255	802	701	252	141
VV1_RS00265	512	305	474	422
VV1_RS00270	728	524	494	338
VV1_RS00285	774	842	799	637
VV1_RS00575	545	553	615	282
VV1_RS00580	229	314	282	107
VV1_RS00590	108	73	146	26
VV1_RS00595	335	499	323	78
VV1_RS00600	2322	3466	1341	760
VV1_RS00625	3290	1889	1600	343
VV1_RS00630	6229	1980	1447	501
VV1_RS00635	479	159	462	170
VV1_RS00650	855	836	1038	450
VV1_RS00690	91855	126149	2802	1714
VV1_RS00705	1168	1350	322	220
ZNUC	1723	825	846	2101
VV1_RS00715	1097	425	589	356
VV1_RS00720	9093	5722	14331	5153
VV1_RS00730	16625	5643	19452	6446
VV1_RS00765	1600	1351	688	322
VV1_RS00770	251	196	652	211
VV1_RS00775	1662	1156	1005	261
VV1_RS00780	1459	827	797	235
VV1_RS00790	2084	494	984	628
VV1_RS00795	3111	2979	1006	516
VV1_RS00805	399	437	532	165
VV1_RS00830	4380	20019	1530	765
VV1_RS00835	35383	8499	38891	9789
VV1_RS00845	6176	1727	3034	1840
VV1_RS00850	3788	3392	1220	1015
VV1_RS00865	185	135	218	66
VV1_RS00885	103608	3548	882	366
VV1_RS00890	4824	3760	924	326
VV1_RS00925	1764	152	7930	4589
VV1_RS00930	3438	105	7455	2003
VV1_RS00935	2506	909	23754	3687
VV1_RS00945	17275	2046	870	464
VV1_RS00950	4666	5487	2235	1143
VV1_RS00975	2886	2603	2439	1290
VV1_RS00985	4052	4456	1146	587
VV1_RS00995	32107	40790	13913	4492
VV1_RS01005	11250	13471	37003	17067
VV1_RS01020	44482	33105	43244	13092
VV1_RS01080	4881	4611	18577	3600
VV1_RS01085	20416	18267	63816	18429
VV1_RS01110	6599	6102	6501	1990
VV1_RS01115	6337	4492	6533	5113
VV1_RS01155	2050	845	4361	875
VV1_RS01180	278	206	2880	326
VV1_RS01195	3974	5823	5023	1003
VV1_RS01200	4731	3029	5390	1532
VV1_RS01210	1409	530	1342	389
VV1_RS01235	1991	641	156	57
UBIF	419	318	287	88
VV1_RS01330	2598	1158	1856	576
VV1_RS01335	2555	1521	2228	674
VV1_RS01345	2949	2870	2187	546
VV1_RS01390	379	252	238	94
VV1_RS01395	585	461	701	173
VV1_RS01400	2668	1910	1154	634
VV1_RS01415	2699	2505	920	219
VV1_RS01435	2002	272	619	331
VV1_RS01440	4444	378	852	269
VV1_RS01460	333	353	221	56
VV1_RS01470	228	341	281	79
VV1_RS01485	776	908	399	164
VV1_RS01490	5300	5132	10709	2439
VV1_RS01495	9970	5696	117199	54166
VV1_RS01505	64	44	52	14
VV1_RS01510	5572	2280	348	132
VV1_RS01520	3748	1533	310	172
VV1_RS01525	3374	1332	209	109
VV1_RS01530	1268	598	768	305
VV1_RS01540	4455	3076	5934	2173
VV1_RS01550	3473	427	3380	1351
VV1_RS01555	4040	912	2641	1237
VV1_RS01565	318	256	142	64
VV1_RS01580	13162	5461	9313	2475
VV1_RS01585	785	950	1513	230
VV1_RS01625	162	274	59	26
VV1_RS01630	4787	1990	790	518
VV1_RS01640	4343	9910	18637	4608
VV1_RS01655	6014	6810	1346	366
VV1_RS01660	3020	1289	582	255
VV1_RS01670	1909	1203	599	165
VV1_RS01675	1272	890	1444	398
VV1_RS01685	3414	1077	1222	309
VV1_RS01715	63625	7785	464	209
VV1_RS01730	380	213	396	169
VV1_RS01745	177	76	349	70
VV1_RS01760	22561	3804	10481	4755
VV1_RS01955	2526	2474	3455	2015
VV1_RS01975	47	44	64	34
VV1_RS01985	98	49	92	53
VV1_RS01990	33	67	62	20
VV1_RS01995	1156	758	697	292
VV1_RS02000	150	106	63	23
VV1_RS02005	229	280	1216	276
VV1_RS02010	1314	882	38035	8463
VV1_RS02015	1223	535	1075	441
VV1_RS02020	382	10237	1631	449
VV1_RS02025	1329	2074	244937	119125
VV1_RS02035	261	386	2148	625
VV1_RS02045	2274	760	864	245
VV1_RS02060	3233	1214	6920	3986
VV1_RS02065	403	379	1105	487
VV1_RS02075	2282	1953	742	382
VV1_RS02080	3332	2646	938	422
VV1_RS02095	9927	6252	6226	2515
VV1_RS02100	455	281	186	60
VV1_RS02110	3682	5290	2520	928
VV1_RS02145	1301	1721	11570	4177
VV1_RS02155	1359	730	1335	217
VV1_RS02160	434	213	318	409
VV1_RS02190	517	285	1097	474
VV1_RS02200	4261	6500	3399	4082
VV1_RS02205	7318	17771	2562	4836
VV1_RS02210	3805	2527	1154	557
VV1_RS02215	23748	4458	13187	3933
VV1_RS02225	2864	1511	22948	7199
VV1_RS02240	148	214	444	146
VV1_RS02250	1446	1530	1314	588
VV1_RS02255	2699	2019	2080	853
VV1_RS02265	5986	2171	3869	1861
VV1_RS02270	4046	1706	22229	5622
VV1_RS02275	4535	2155	13434	3472
VV1_RS02280	781	371	736	238
VV1_RS02290	5113	2733	4366	1030
VV1_RS02300	1285	459	643	149
VV1_RS02345	402974	21907	4289	1357
VV1_RS02360	4438	3629	2505	1191
PHEA	767	1127	384	140
VV1_RS02385	13143	13810	4789	2050
VV1_RS02390	5157	5026	10400	1575
VV1_RS02400	553	325	837	344
VV1_RS02410	32918	25106	1430	1240
VV1_RS02415	1196	1387	159	124
VV1_RS02425	2544	2932	2352	848
VV1_RS02440	24449	2054	1213	260
VV1_RS02445	1000	492	489	151
VV1_RS02450	330	220	115	42
VV1_RS02480	975	1453	1274	728
VV1_RS02500	71	85	347	107
VV1_RS02505	1277	1753	2548	945
VV1_RS02515	1190	741	373	232
VV1_RS02520	1149	679	411	160
VV1_RS02525	8930	6173	3297	1715
VV1_RS02535	606	1023	2881	935
VV1_RS02545	1314	4279	2198	1526
VV1_RS02555	31815	29499	11728	4102
VV1_RS02565	2458	3869	974	325
VV1_RS02570	1976	1321	456	391
VV1_RS02575	2364	1350	1089	430
VV1_RS02590	70	109	158	42
VV1_RS02595	342	298	239	108
VV1_RS02600	686	490	294	149
VV1_RS02605	5944	3257	1217	990
VV1_RS02610	620	340	517	245
VV1_RS02625	1301	33305	1796	818
VV1_RS02630	1180	3528	898	470
VV1_RS02640	3972	19517	4983	1725
VV1_RS02645	6513	26761	3089	1769
VV1_RS02670	29747	21337	4673	2162
VV1_RS02680	13515	7621	7826	3476
VV1_RS02685	679	1004	1807	653
VV1_RS02690	1153	1931	200	98
VV1_RS02720	1257	519	1197	410
VV1_RS02730	369	91	63	63
VV1_RS02735	128	58	40	16
VV1_RS02740	278	92	138	75
VV1_RS02745	48	53	108	17
VV1_RS02760	905	960	391	100
VV1_RS02765	2496	3054	816	356
VV1_RS02790	37292	39663	65268	21260
VV1_RS02800	7204	6796	6163	2937
VV1_RS02815	620	373	360	192
MURF	933	890	943	290
VV1_RS02840	424	329	150	65
VV1_RS02855	7041	5128	8326	3302
VV1_RS02860	4254	5531	3748	2235
VV1_RS02890	12161	7064	8394	4573
VV1_RS02895	9448	5612	8202	3642
VV1_RS02915	2167	1422	3644	3286
VV1_RS02925	27582	3014	1033	382
VV1_RS02930	483	797	405	180
VV1_RS02935	1900	1697	1041	308
VV1_RS02940	1311	919	429	153
VV1_RS02950	1472	1390	1847	752
NUDF	2313	3241	1014	317
VV1_RS02970	10398	7225	3213	1566
VV1_RS02975	8260	10088	3226	1778
VV1_RS02980	42452	10385	16067	7076
VV1_RS02985	704	775	2769	1301
VV1_RS02990	8084	8950	2957	1230
VV1_RS02995	8281	1352	6395	1396
VV1_RS03000	1111	361	696	140
VV1_RS03005	791	477	188	79
VV1_RS03035	1089	1517	3076	1587
VV1_RS03045	1397	445	3517	989
VV1_RS03065	22517	7265	19501	5103
VV1_RS03075	4926	5278	2880	1138
VV1_RS03080	347	126	602	172
VV1_RS03085	2416	1567	1079	309
VV1_RS03090	8082	605	8307	20552
VV1_RS03095	5738	924	6527	6674
VV1_RS03105	2750	20580	4104	4164
VV1_RS03110	688	6884	3445	3708
VV1_RS03115	10627	16851	13059	4358
VV1_RS03120	1038	406	499	232
VV1_RS03130	3665	1694	3028	859
VV1_RS03140	28635	12502	4249	3471
VV1_RS03145	3693	3029	1304	340
VV1_RS03155	72	65	100	47
VV1_RS03165	399	992	306	104
VV1_RS03170	3957	6464	2703	1128
VV1_RS03175	4573	7612	3445	917
VV1_RS03180	2512	5428	2362	701
VV1_RS03190	530	490	1053	220
VV1_RS03200	4662	5120	2817	1406
VV1_RS03205	1262	1518	5462	1376
VV1_RS03260	1673	2934	1394	787
VV1_RS03265	4995	1449	11993	9832
VV1_RS03275	3395	3710	2955	973
VV1_RS03280	1115	2773	6398	2378
VV1_RS03290	269	228	359	92
VV1_RS03295	2693	2272	2829	717
VV1_RS03310	3848	2611	6511	1855
VV1_RS03320	1282	697	1448	541
VV1_RS03325	2108	1120	4254	980
VV1_RS03330	450	203	442	180
VV1_RS03335	1826	1185	5343	1327
VV1_RS03355	4186	1357	797	397
VV1_RS03360	17652	9580	86555	33827
VV1_RS03375	391	219	1232	1008
VV1_RS03385	1300	2048	2089	652
VV1_RS03400	101	80	121	51
VV1_RS03415	1724	1578	22352	6265
VV1_RS03420	8298	5777	132547	17128
VV1_RS03425	2143	1034	8600	2852
VV1_RS03450	2409	1169	1288	510
VV1_RS03455	908	1099	6745	2525
VV1_RS03475	108	80	862	147
VV1_RS03480	77	69	300	114
VV1_RS03485	181	332	607	327
VV1_RS03495	7369	3784	3328	3136
VV1_RS03500	236	546	1548	405
VV1_RS03505	508	1198	4761	1005
VV1_RS03515	318	2744	10356	2000
VV1_RS03520	126	118	4079	978
VV1_RS03540	152	142	646	382
VV1_RS03565	6354	11318	11954	3450
VV1_RS03775	1983	3517	2095	1379
VV1_RS03850	584	631	676	181
VV1_RS03915	5973	6185	3971	2066
VV1_RS03930	299	215	177	79
VV1_RS03945	2132	1212	2370	707
VV1_RS03950	4316	2810	1233	492
VV1_RS03965	965	864	397	209
VV1_RS03990	29403	1685	8461	5535
VV1_RS03995	985	1750	777	306
VV1_RS04020	684	1257	645	236
VV1_RS04025	53	79	48	18
VV1_RS04045	1096	4005	5498	3066
VV1_RS04050	1569	6734	12636	6576
VV1_RS04055	416	1594	2557	575
VV1_RS04060	248	534	2862	853
VV1_RS04070	50	361	442	673
VV1_RS04075	80	749	588	932
VV1_RS04090	140	283	428	657
VV1_RS04095	409	711	544	558
VV1_RS04110	1785	1715	1158	455
VV1_RS04115	34	30	29	13
VV1_RS04120	4314	3315	1203	741
VV1_RS04125	197	81	202	67
VV1_RS04155	475	454	194	53
VV1_RS04175	2137	2093	25689	6920
VV1_RS04180	479	368	361	186
VV1_RS04190	504	489	488	187
VV1_RS04195	1008	699	543	539
VV1_RS04200	671	375	267	324
VV1_RS04210	1894	806	396	470
VV1_RS04220	215	316	197	189
VV1_RS04225	528	602	332	298
VV1_RS04235	2032	1483	975	710
VV1_RS04250	245382	3850	29454	18103
VV1_RS04260	1475	1624	1700	354
VV1_RS04275	1876	1700	7469	6745
VV1_RS04285	540	1267	778	207
GLNG	1083	24431	3480	2250
VV1_RS04310	875	4501	28873	12922
VV1_RS04315	1399	506	418	163
VV1_RS04330	1534	676	3788	955
VV1_RS04335	7398	2735	4229	1992
VV1_RS04345	3814	5632	2530	1124
VV1_RS04350	5736	2268	421	197
VV1_RS04355	860	649	1099	557
VV1_RS04360	1181	758	917	380
VV1_RS04380	1292	1184	1223	486
VV1_RS04395	349	608	6989	1424
VV1_RS04400	1511	1604	55327	9986
VV1_RS04495	284	1518	5788	4768
VV1_RS04510	9816	6865	6044	4108
VV1_RS04515	5984	4957	2335	1666
VV1_RS04520	114	73	137	75
VV1_RS04530	293	236	2809	381
VV1_RS04535	486	356	334	114
VV1_RS04540	346	498	329	85
VV1_RS04545	70	48	97	30
VV1_RS04560	168	115	136	34
VV1_RS04565	44	12	41	8
VV1_RS04580	64	83	82	74
VV1_RS04585	97	88	53	45
VV1_RS04590	2029	2444	624	398
VV1_RS04610	40	86	25	5
VV1_RS04620	911	786	1076	571
VV1_RS04680	329	346	295	229
VV1_RS04685	371	446	320	209
VV1_RS04700	1716	3482	1115	585
VV1_RS04705	1635	1222	460	317
VV1_RS04770	2618	2481	1115	436
VV1_RS04780	378	161	1575	515
VV1_RS04785	256	220	1228	380
VV1_RS04790	229	161	514	155
VV1_RS04805	1455	2010	761	343
VV1_RS04830	7530	7823	2009	595
VV1_RS04835	12575	10474	2496	927
VV1_RS04845	8857	5814	5735	3799
VV1_RS04865	19799	14504	8487	7434
VV1_RS04870	5007	4794	2902	1378
VV1_RS04875	19682	15820	9519	3143
VV1_RS04890	255	274	480	189
VV1_RS04895	2340	675	22116	9438
VV1_RS04900	170	112	814	369
VV1_RS04905	291	226	355	73
VV1_RS04910	1087	2017	447	213
VV1_RS04915	4838	9598	2103	1010
VV1_RS04920	3098	4969	1248	560
VV1_RS04930	2521	4768	1131	612
VV1_RS04945	403	211	496	188
VV1_RS04950	1244	559	1201	280
VV1_RS04955	628	635	619	430
VV1_RS04960	4522	621	1829	799
VV1_RS04970	51956	6432	12195	6339
VV1_RS04975	2730	3093	1451	664
VV1_RS04980	970	552	384	197
VV1_RS04990	796	416	1216	5060
VV1_RS05005	409	184	451	239
VV1_RS05010	2429	3018	8130	1120
VV1_RS05025	2817	2028	491	152
VV1_RS05040	1805	1395	727	239
VV1_RS05105	232	205	191	141
VV1_RS05110	7117	16386	2202	1172
VV1_RS05120	14452	8164	6118	1452
VV1_RS05125	8990	4979	4192	1217
VV1_RS05135	1142	779	557	553
VV1_RS05170	3959	21707	12934	3287
VV1_RS05175	2403	34127	18511	4236
VV1_RS05180	508	5156	2411	522
VV1_RS05185	657	5200	3168	873
VV1_RS05200	106	87	50	53
VV1_RS05220	431	363	1747	650
VV1_RS05225	663	383	18598	4527
VV1_RS05230	416	271	3542	535
VV1_RS05235	572	330	1536	433
VV1_RS05240	3411	236	589	92
VV1_RS05250	11252	445	922	164
VV1_RS05255	4796	341	243	66
VV1_RS05275	10877	3268	6461	1496
VV1_RS05280	1256	1610	1964	1158
VV1_RS05285	2088	4158	15560	3704
VV1_RS05295	2403	1124	3171	960
VV1_RS05300	4828	3719	2989	1799
VV1_RS05310	6441	710	10225	3890
VV1_RS05330	118	75	433	171
VV1_RS05335	2927	1764	616	357
VV1_RS05340	1989	971	542	324
VV1_RS05370	6007	10511	2033	929
VV1_RS05380	509	1046	258	210
VV1_RS05390	191	174	564	255
VV1_RS05400	863	323	444	178
VV1_RS05415	17222	3431	672	330
VV1_RS05420	1334	778	854	324
VV1_RS05430	1150	702	1416	428
VV1_RS05440	1617	1025	145	74
VV1_RS05450	1333	788	374	205
VV1_RS05470	503	125	415	186
VV1_RS05495	2295	2428	847	443
VV1_RS05500	235	479	155	58
VV1_RS05505	1749	1739	827	321
VV1_RS05510	9909	8563	1894	683
VV1_RS05520	664	674	747	480
VV1_RS05540	775	925	165	47
VV1_RS05545	5688	4107	13020	6186
VV1_RS05550	6150	11575	831	334
VV1_RS05555	1734	1348	3397	2864
VV1_RS05560	2643	985	896	539
VV1_RS05570	814	589	4046	983
VV1_RS05580	389	161	293	104
VV1_RS05585	533	259	192	62
VV1_RS05655	3589	2061	1251	596
VV1_RS05660	1361	1043	712	383
VV1_RS05725	10808	18320	18343	3080
VV1_RS05745	250	430	215	84
VV1_RS05760	423	750	864	459
VV1_RS05770	10154	640	986	299
VV1_RS05780	5831	2084	3092	2580
VV1_RS05785	1057	2094	888	214
VV1_RS05800	255	288	1338	681
VV1_RS05810	1695	972	976	219
VV1_RS05820	420	624	997	289
VV1_RS05835	237	377	4742	3369
VV1_RS05840	115	51	426	319
VV1_RS05845	92	79	2002	1144
VV1_RS05850	2579	74	226	52
VV1_RS05855	1676	1718	3413	918
VV1_RS05875	157	157	15126	18146
VV1_RS05885	60	55	369	226
VV1_RS05890	1668	344	4539	2456
VV1_RS05900	15791	501	752	238
VV1_RS05930	14864	2345	5403	3036
VV1_RS05950	61	73	140	23
VV1_RS05975	185	416	259	83
VV1_RS05985	1995	4212	979	727
VV1_RS06000	15850	5244	3100	563
VV1_RS06005	106842	30009	18855	6557
VV1_RS06010	470	363	726	113
VV1_RS06020	1961	1085	5751	1453
VV1_RS06025	4168	4429	340	360
VV1_RS06030	751	418	567	167
VV1_RS06035	1091	713	394	320
VV1_RS06060	18399	50205	7845	2484
VV1_RS06065	906	465	421	319
VV1_RS06070	3705	827	1006	650
VV1_RS06080	4013	2753	4842	2685
VV1_RS06135	619	274	619	215
VV1_RS06145	3662	1563	1530	643
VV1_RS06165	6907	6134	6791	1961
VV1_RS06170	7892	6884	19070	3619
VV1_RS06175	10479	9819	17242	3957
VV1_RS06185	4415	7054	2223	793
VV1_RS06190	6709	5657	12316	7380
VV1_RS06195	317	109	400	185
VV1_RS06205	1467	359	372	154
VV1_RS06210	21085	12823	36813	12908
VV1_RS06215	2091	881	3614	1576
VV1_RS06220	475	263	250	119
VV1_RS06225	2075	4568	1028	469
VV1_RS06230	804	380	341	117
VV1_RS06250	1216	5485	33032	25144
VV1_RS06260	618	3103	23891	30300
VV1_RS06265	8364	14605	2090	1004
VV1_RS06270	755	1179	1840	998
VV1_RS06280	809	220	3251	1853
VV1_RS06290	1831	807	10248	2528
VV1_RS06300	2382	2784	4732	2328
VV1_RS06315	3522	2061	453	189
VV1_RS06325	819	206	744	268
VV1_RS06330	6014	3977	5384	2713
VV1_RS06335	2521	4653	2834	1301
VV1_RS06385	1528	2908	1604	512
VV1_RS06410	2098	760	1493	1426
VV1_RS06430	300	444	970	337
VV1_RS06450	12583	1470	6488	3091
VV1_RS06465	1542	1708	998	431
VV1_RS06475	786	1607	722	362
VV1_RS06490	2785	352	11988	3505
VV1_RS06495	4318	62330	2113	1158
VV1_RS06500	2116	7218	1504	693
VV1_RS06510	661	11158	137	61
VV1_RS06515	2674	38057	617	307
VV1_RS06520	3170	32121	441	206
VV1_RS06530	3414	1960	5902	1596
VV1_RS06535	5941	7496	4233	2884
VV1_RS06540	533	312	630	410
VV1_RS06560	1073	699	620	263
VV1_RS06575	5379	5434	10781	3766
VV1_RS06580	595	477	1473	295
VV1_RS06585	1870	286	331	141
VV1_RS06610	775	477	831	283
VV1_RS06615	8494	4914	2519	1175
VV1_RS06625	1864	1457	1070	268
VV1_RS06650	294	192	566	222
VV1_RS06660	1331	698	895	299
CYSJ	634	522	5186	1376
VV1_RS06675	1428	1433	6051	1230
VV1_RS06680	1022	1304	6523	1900
VV1_RS06715	5631	3300	90897	24982
VV1_RS06720	765	901	36342	10049
VV1_RS06725	1173	1251	13936	4642
VV1_RS06735	510	796	395	119
VV1_RS06740	9559	5446	1935	1364
VV1_RS06745	561	732	3133	2511
VV1_RS06755	4076	5327	24921	2717
VV1_RS06760	501	364	2885	2188
VV1_RS06770	5547	2448	18034	4335
VV1_RS06780	1620	744	7891	2473
VV1_RS06790	4344	2652	26765	9438
VV1_RS06795	2717	1619	26246	7640
VV1_RS06800	1918	1485	16089	4167
VV1_RS06805	2836	2575	15176	4148
VV1_RS06810	1528	852	8218	2320
VV1_RS06855	4463	2627	2272	866
VV1_RS06860	252	277	166	55
VV1_RS06875	2360	910	2657	946
VV1_RS06880	1539	1338	6722	1391
VV1_RS06885	1375	1265	4055	756
TLDD	5320	3844	12357	7758
VV1_RS06895	13898	15227	298938	116410
VV1_RS06905	231	411	402	87
VV1_RS06930	182	4904	207	66
VV1_RS06935	620	159	6128	2913
VV1_RS06945	521	221	361	222
VV1_RS06960	1954	568	542	231
VV1_RS06965	2100	910	627	320
VV1_RS06980	3446	3598	3894	848
VV1_RS06985	1986	2877	1036	466
VV1_RS06990	1437	1963	1065	518
VV1_RS07005	5565	687	466	329
VV1_RS07015	6109	476	104	22
VV1_RS07025	12698	2054	460	205
VV1_RS07030	4051	1215	732	306
VV1_RS07035	7767	2547	1598	815
VV1_RS07045	550	588	15724	3590
VV1_RS07090	434	451	25093	5621
VV1_RS07095	444	279	27023	6818
VV1_RS07150	738	763	609	162
VV1_RS07160	1407	1516	924	712
VV1_RS07170	1449	165	285	144
VV1_RS07175	320	226	246	84
VV1_RS07180	979	531	2089	764
VV1_RS07185	846	361	1540	515
VV1_RS07205	4588	1148	371	173
VV1_RS07210	4739	794	485	279
VV1_RS07215	5382	4354	44337	16321
VV1_RS07220	2009	2254	13810	3061
VV1_RS07235	8792	2636	18139	6476
VV1_RS07240	4653	993	343	173
VV1_RS07250	823	966	754	349
VV1_RS07260	307	358	60695	16495
VV1_RS07265	2024	2778	6141	1678
GAPA	2120	1649	657	316
VV1_RS07290	20177	32330	5002	1093
VV1_RS07295	9053	7907	3156	1266
VV1_RS07300	282	772	303	83
VV1_RS07305	1063	440	855	344
VV1_RS07310	3504	1784	5903	1203
VV1_RS07320	814	355	230	125
VV1_RS07340	1767	982	262	96
VV1_RS07345	2222	1695	717	501
VV1_RS07375	4391	7803	1587	944
VV1_RS07385	7198	2418	2892	1046
VV1_RS07400	2218	987	872	257
VV1_RS07405	210	236	447	113
VV1_RS07425	1863	2010	3026	1516
VV1_RS07435	7005	2501	19464	11968
VV1_RS07445	6119	1493	13119	4664
RELA	8163	9332	3831	1678
VV1_RS07510	20568	16193	206115	92434
VV1_RS07515	9575	13311	220835	158655
VV1_RS07520	1986	1697	2023	972
VV1_RS07600	15000	15838	1169	495
VV1_RS07605	7601	9435	899	341
VV1_RS07610	5017	4428	15789	5330
VV1_RS07620	8852	9748	26292	9651
VV1_RS07630	4597	2495	5457	2091
VV1_RS07640	430	581	337	118
VV1_RS07645	1998	2002	3299	2300
VV1_RS07650	6553	1909	1895	581
VV1_RS07680	11618	5219	2352	1403
VV1_RS07690	447	735	295	142
VV1_RS07695	114	154	148	92
VV1_RS07735	16369	4296	3478	1118
VV1_RS07740	4384	8220	10327	4057
VV1_RS07750	2245	1851	751	545
VV1_RS07755	291	275	274	108
VV1_RS07760	12369	210	216	77
VV1_RS07765	2548	235	91	45
VV1_RS07785	3361	2494	1073	695
VV1_RS07790	305	118	343	162
VV1_RS07800	4192	328	11355	3558
VV1_RS07810	1197	1440	1226	303
VV1_RS07820	16055	18915	12927	4020
VV1_RS07830	82	74	132	33
VV1_RS07835	701	590	183	126
VV1_RS07850	6712	249546	2951	705
VV1_RS07855	46445	21807	5081	4581
VV1_RS07860	2213	1420	347	307
VV1_RS07865	1029	921	290	118
VV1_RS07870	504	723	814	443
VV1_RS07875	514	836	1003	419
VV1_RS07880	288	308	621	266
VV1_RS07885	60	76	186	107
VV1_RS07895	113	109	427	353
VV1_RS07900	192	144	364	117
VV1_RS07905	33	38	876	97
VV1_RS07910	117	150	452	103
VV1_RS07915	767	706	3658	1593
VV1_RS07920	3949	1479	1396	617
VV1_RS07930	1642	1817	1050	767
VV1_RS07935	1092	589	416	215
VV1_RS07945	1134	810	6197	1138
VV1_RS07950	3596	3798	17856	3310
VV1_RS07955	1383	257	553	280
VV1_RS07960	2673	2091	570	355
VV1_RS07970	3978	3139	1539	766
HFLB	33479	30717	36832	11657
FOLP	1203	573	537	253
VV1_RS08070	92	183	96	45
VV1_RS08090	21664	29386	7040	3160
VV1_RS08095	2403	4747	2582	1968
VV1_RS08110	244	526	314	82
VV1_RS08115	177	618	115	32
VV1_RS08120	1519	2260	1601	1488
VV1_RS08145	1576	1158	46504	14383
VV1_RS08150	3156	1065	2625	975
VV1_RS08160	3089	1192	2119	1156
VV1_RS08165	28947	3107	12092	3351
VV1_RS08170	17775	2540	13402	2692
VV1_RS08180	8506	2022	6065	1660
VV1_RS08190	1029	979	574	145
VV1_RS08200	8963	4602	11850	6061
VV1_RS08205	1193	2028	1232	495
VV1_RS08210	3220	1885	6254	2711
VV1_RS08215	1133	643	1352	658
VV1_RS08220	788	496	2017	484
VV1_RS08240	709	1017	61204	36033
VV1_RS08245	220	357	13561	14452
VV1_RS08270	71	47	3778	726
VV1_RS08275	214	281	8328	2029
VV1_RS08285	174	152	6175	1129
VV1_RS08300	568	582	15268	3936
VV1_RS08305	304	389	9464	1832
VV1_RS08310	226	300	5445	1591
VV1_RS08315	375	306	4737	990
VV1_RS08320	1076	1031	33005	9467
VV1_RS08325	45	36	141	50
VV1_RS08330	419	118	965	346
VV1_RS08335	356	203	2087	590
VV1_RS08345	353	32	187	41
VV1_RS08350	3500	47	794	264
VV1_RS08375	9850	199	623	439
VV1_RS08380	7824	402	613	481
VV1_RS08385	1196	135	261	165
VV1_RS08395	1760	785	34130	15145
VV1_RS08400	3748	812	3307	957
VV1_RS08425	1449	6399	746	454
VV1_RS08430	11483	14690	3384	2787
VV1_RS08435	943	1402	876	545
VV1_RS08445	5430	4338	1964	1376
VV1_RS08455	38371	1278	1254	1104
VV1_RS08460	9254	8124	561	224
VV1_RS08470	107	106	76	54
VV1_RS08475	3478	512	156	67
VV1_RS08480	1087	1133	947	341
VV1_RS08505	604	7801	4216	698
VV1_RS08520	125	143	547	80
VV1_RS08575	5032	3137	107023	25421
VV1_RS08580	245	253	4164	1622
VV1_RS08595	1901	1211	1612	708
VV1_RS08605	22213	8111	3890	889
VV1_RS08610	9220	4441	1761	282
VV1_RS08615	3325	1489	839	120
VV1_RS08620	4753	1901	854	365
VV1_RS08630	9145	5564	3083	599
VV1_RS08635	282	403	415	301
VV1_RS08645	3923	3319	5514	2107
VV1_RS08650	1407	1046	3695	1033
VV1_RS08655	1078	1674	600	292
VV1_RS08660	1291	1001	792	378
VV1_RS08665	203	272	1838	412
VV1_RS08670	445	332	7522	3588
VV1_RS08685	35361	33016	1148	1837
VV1_RS08690	2334	2904	687	244
VV1_RS08695	216	283	185	153
VV1_RS08705	135	164	181	43
VV1_RS08760	6257	406	171	69
VV1_RS08770	489	174	293	133
VV1_RS08780	4005	8848	1841	1273
VV1_RS08785	1684	1756	531	172
VV1_RS08810	2965	1314	694	353
VV1_RS08815	375	211	266	107
VV1_RS08820	239	240	197	118
VV1_RS08825	8585	6295	2884	2584
VV1_RS08830	8476	7292	4249	2230
VV1_RS08850	2004	1242	877	188
VV1_RS08870	5839	2509	865	303
VV1_RS08875	1364	1388	245	165
VV1_RS08890	1001	577	1235	238
VV1_RS08895	386	241	732	331
VV1_RS08900	206	193	451	172
VV1_RS08905	692	1885	1766	1187
VV1_RS08910	2836	2807	2912	1114
VV1_RS08920	1420	1313	817	927
VV1_RS08925	3487	2627	4221	2271
VV1_RS08930	1445	1453	1557	850
VV1_RS08935	2320	2124	3651	1779
VV1_RS08940	287	146	3034	549
VV1_RS08970	2220	2157	1443	405
VV1_RS08980	5187	5120	805	216
VV1_RS08990	579	695	923	276
VV1_RS08995	2064	2151	1206	755
VV1_RS09015	4708	3137	4452	1532
VV1_RS09025	1400	1117	2564	848
VV1_RS09045	10031	6856	1705	735
VV1_RS09055	377	878	258	154
VV1_RS09060	2310	4797	1407	622
VV1_RS09095	2635	4348	3178	357
VV1_RS09100	5560	4197	14203	6922
VV1_RS09105	132478	105904	362718	144936
VV1_RS09110	65580	35070	54910	30093
VV1_RS09135	8791	3899	3190	1058
VV1_RS09140	1824	1337	4435	3628
VV1_RS09145	1302	1753	3265	1162
VV1_RS09235	11849	12016	15701	3846
VV1_RS09250	17380	9523	30142	12085
VV1_RS09255	24945	18043	42965	16441
VV1_RS09260	3523	3079	7917	2018
VV1_RS09265	5126	5220	11868	4606
VV1_RS09270	12191	10290	34239	10048
VV1_RS09285	2490	1255	999	442
VV1_RS09290	880	666	1932	371
VV1_RS09295	494	355	781	183
VV1_RS09310	1018	978	1528	386
VV1_RS09325	689	477	883	243
VV1_RS09330	1533	1678	622	385
VV1_RS09335	572	553	530	191
VV1_RS09340	1074	358	40779	7462
VV1_RS09345	5093	1897	2171	825
VV1_RS09365	18666	8330	76482	29028
VV1_RS09380	3222	3518	2235	1007
VV1_RS09385	4679	8618	2744	1392
VV1_RS09390	195	39	80	22
VV1_RS09410	2548	2178	2286	784
VV1_RS09420	1930	1437	1869	440
VV1_RS09435	10638	1509	1227	332
VV1_RS09440	1377	1487	365	150
VV1_RS09455	1774	1357	300	171
VV1_RS09460	16075	40563	2556	1466
VV1_RS09465	3488	3569	136254	46963
VV1_RS09500	140	139	172	51
VV1_RS09505	1304	1029	2585	1452
VV1_RS09510	541	185	762	333
VV1_RS09515	288	256	446	167
VV1_RS09545	170	107	59	20
VV1_RS09565	326	491	70	17
VV1_RS09695	839	317	204	94
VV1_RS09705	4415	15413	8292	2347
VV1_RS09720	153	146	327	89
VV1_RS09725	824	214	18432	6089
VV1_RS09740	21011	9285	14952	4110
VV1_RS09745	64903	4272	316	207
VV1_RS09750	13941	4263	8920	4196
VV1_RS09760	1944	3749	685	317
VV1_RS09775	4491	7485	3536	1580
VV1_RS09785	1903	3768	510	254
VV1_RS09795	1034	1278	851	483
VV1_RS09800	2468	3828	4158	1854
VV1_RS09810	684	714	388	281
VV1_RS09815	749	775	245	192
VV1_RS09820	830	742	234	117
VV1_RS09830	1125	1189	622	736
VV1_RS09835	1675	1519	424	213
VV1_RS09850	869	587	166	80
VV1_RS09855	267	180	3854	1400
VV1_RS09860	3135	4012	496819	236004
VV1_RS09865	7058	6961	734277	210575
VV1_RS09870	13473	10646	966927	417875
VV1_RS09880	240	154	1808	428
VV1_RS09890	151	417	18307	6142
VV1_RS09895	397	215	1643	604
VV1_RS09900	43384	384523	6704	2077
VV1_RS09905	7415	32620	4551	1279
VV1_RS09915	384	3233	16234	6136
VV1_RS09920	944	17139	24943	8824
VV1_RS09925	121	2284	3923	2308
VV1_RS09930	93	541	1534	1150
VV1_RS09940	3985	1872	552	177
VV1_RS09945	1754	6820	6944	4332
VV1_RS09960	229	113	135	89
VV1_RS09975	1821	1434	964	395
VV1_RS09980	1232	970	2173	1160
VV1_RS09985	11055	17087	4908	1905
VV1_RS10010	1264	1063	14191	3894
VV1_RS10025	3552	4303	797	410
VV1_RS10050	960	1031	2321	868
VV1_RS10060	77	87	369	113
VV1_RS10070	1144	948	1049	240
VV1_RS10080	1361	1386	2047	427
VV1_RS10085	3709	1293	1454	328
VV1_RS10090	863	733	923	931
VV1_RS10095	1531	1397	694	413
VV1_RS10100	2033	2403	988	458
VV1_RS10110	425	585	657	357
VV1_RS10125	3154	1363	698	175
VV1_RS10130	2703	908	853	296
VV1_RS10135	1243	863	1372	713
VV1_RS10140	279	296	241	110
VV1_RS10145	115	163	132	116
VV1_RS10150	746	610	687	447
VV1_RS10165	574	410	960	882
VV1_RS10180	14989	7326	3476	915
VV1_RS10185	3881	4029	1104	225
VV1_RS10205	4913	2731	918	401
VV1_RS10215	2225	2034	724	376
VV1_RS10230	4288	3326	1979	973
VV1_RS10235	5191	4461	1233	460
VV1_RS10240	219	140	99	47
VV1_RS10255	142	115	148	61
VV1_RS10265	5745	6755	32824	16109
VV1_RS10360	803	901	380	282
VV1_RS10365	654	469	291	93
VV1_RS10370	4470	4392	2399	1389
VV1_RS10375	146	111	76	26
VV1_RS10380	10344	568	213	115
VV1_RS10390	329	263	316	171
VV1_RS10395	1797	1779	3294	1643
VV1_RS10400	316	292	346	148
VV1_RS10405	2208	904	1536	1063
VV1_RS10410	1087	451	420	157
VV1_RS10415	50079	4873	33710	15348
VV1_RS10420	3515	787	6841	2100
VV1_RS10425	57	25	40	13
VV1_RS10435	349	288	759	229
VV1_RS10445	3747	20795	1255	459
VV1_RS10450	9133	28993	1484	546
VV1_RS10460	544	3176	2271	1129
VV1_RS10465	174	578	730	324
VV1_RS10470	335	586	463	138
VV1_RS10480	904	468	911	240
VV1_RS10485	245	72	47	49
VV1_RS10490	638	302	107	35
VV1_RS10505	2263	3152	1590	606
VV1_RS10520	286	185	1806	872
VV1_RS10530	124	134	401	160
VV1_RS10535	637	588	536	429
VV1_RS10540	559	757	1138	409
VV1_RS10550	585	377	384	139
VV1_RS10555	863	565	276	123
VV1_RS10560	98	100	186	57
VV1_RS10570	21214	1130	53428	11563
VV1_RS10575	3759	22593	1234	653
VV1_RS10580	203	142	2083	707
VV1_RS10610	3020	156	2031	726
VV1_RS10625	3175	3138	640	260
VV1_RS10630	1424	189	790	226
VV1_RS10635	4845	276	2391	1338
VV1_RS10640	508	353	5884	2378
VV1_RS10650	734	1326	60638	17777
VV1_RS10665	23276	6681	4060	1875
VV1_RS10680	3081	3918	442	238
VV1_RS10685	3261	2341	552	348
VV1_RS10705	1850	2940	82	47
VV1_RS10710	4169	3968	79	32
VV1_RS10720	458	780	163	56
VV1_RS10725	13883	5002	2867	2472
VV1_RS10730	849	495	824	352
VV1_RS10735	4262	1845	15553	4479
VV1_RS10745	3732	5707	17128	8334
VV1_RS10750	1915	5196	23089	6793
VV1_RS10755	619	461	965	715
VV1_RS10760	847	450	13854	3966
VV1_RS10765	66	50	99	49
VV1_RS10770	4990	828	5575	1600
VV1_RS10775	93	152	232	88
VV1_RS10780	228	225	2527	1257
VV1_RS10785	491	66	207	171
VV1_RS10790	7915	1116	1837	1224
VV1_RS10800	2880	2117	4542	977
VV1_RS10825	1180	6798	205	103
VV1_RS10830	69	79	358	71
VV1_RS10835	962	181	283	131
VV1_RS10850	585	788	328	161
VV1_RS10870	259	174	181	70
VV1_RS10875	125	110	68	23
VV1_RS10885	356	342	337	141
VV1_RS10895	1478	680	13383	5980
VV1_RS10900	3434	1644	35432	15687
VV1_RS10910	1931	1051	1593	352
VV1_RS10920	1910	352	85	22
VV1_RS10925	7645	665	132	65
VV1_RS10930	6851	241	84	39
VV1_RS10935	734	542	208	73
VV1_RS10955	1513	809	293	181
VV1_RS10980	485	535	20	20
VV1_RS10985	189	237	115	26
VV1_RS10995	341	580	62	49
VV1_RS11000	192	337	69	21
VV1_RS11005	41	105	39	33
VV1_RS11010	54	72	33	11
VV1_RS11015	37	38	20	6
VV1_RS11030	268	97	130	36
VV1_RS11040	164	124	136	27
VV1_RS11045	4181	2161	4270	3779
VV1_RS11070	76	83	4860	1631
VV1_RS11100	1286	658	247	119
VV1_RS11105	4207	2257	449	99
VV1_RS11115	156	101	4844	376
VV1_RS11130	1526	1888	457	152
VV1_RS11140	26	72	51	15
VV1_RS11145	3438	1716	414	130
VV1_RS11155	103	55	112	47
VV1_RS11160	343	200	1660	879
VV1_RS11165	9947	1414	18571	5121
VV1_RS11180	2301	3116	537	135
VV1_RS11185	1843	908	164	28
VV1_RS11190	1839	1964	111	43
VV1_RS11200	25484	4091	2838	1200
VV1_RS11205	567	719	776	359
VV1_RS11215	2268	497	748	148
VV1_RS11225	639	584	1140	634
VV1_RS11230	461	558	176	106
VV1_RS11235	238	141	65	21
VV1_RS11240	4032	2213	22666	5055
VV1_RS11245	4954	26641	3481	1497
VV1_RS11255	16224	6037	2257	833
VV1_RS11260	123	45	308	272
VV1_RS11270	545	102	22761	12621
VV1_RS11275	363	213	10939	6976
VV1_RS11285	750	189	1576	627
VV1_RS11290	1056	720	231	137
VV1_RS11295	1368	749	1002	357
THRS	11831	16740	3889	1261
VV1_RS11320	417	365	1372	396
VV1_RS11675	1350	1172	575	233
VV1_RS11900	2490	1210	1421	645
VV1_RS12160	296	284	230	54
VV1_RS12210	532	1093	236	105
VV1_RS12215	1164	1153	2775	1456
VV1_RS12225	23095	1295	29942	11489
VV1_RS12230	2141	484	830	222
VV1_RS12235	1791	517	858	258
VV1_RS12255	278	472	127	41
VV1_RS12265	12483	920	948	435
VV1_RS12275	2671	692	428	151
VV1_RS12285	2540	579	340	245
VV1_RS12290	971	255	166	71
VV1_RS12295	6551	4517	2738	788
VV1_RS12300	9116	3938	480	342
VV1_RS12305	4604	2083	504	263
VV1_RS12310	441	367	516	131
VV1_RS12320	759	300	357	128
VV1_RS12330	3313	8707	1488	349
VV1_RS12345	6777	1342	1233	318
VV1_RS12350	1805	530	747	173
VV1_RS12360	5100	2192	2129	421
VV1_RS12365	827	363	351	78
VV1_RS12370	1341	525	422	112
VV1_RS12395	225	1400	171	39
VV1_RS12400	2532	1992	1237	1234
POTD	1689	1104	345	101
VV1_RS12430	283	157	4920	1370
VV1_RS12435	1195	227	5763	3000
VV1_RS12440	375	175	1967	808
VV1_RS12445	457	206	1170	461
VV1_RS12450	27609	10041	47874	18765
VV1_RS12455	28722	10315	17985	9774
VV1_RS12460	196	159	240	90
VV1_RS12480	6564	5397	1806	581
VV1_RS12490	15875	10494	4930	1494
VV1_RS12495	8331	7387	3384	1074
VV1_RS12505	3382	2381	2248	1034
VV1_RS12510	3376	1086	2310	881
VV1_RS12515	1864	1337	22524	5511
VV1_RS12535	1184	503	239	139
VV1_RS12555	3365	1608	4929	3090
VV1_RS12575	3149	1109	505	158
VV1_RS12590	532	442	20353	6662
VV1_RS12595	7064	9149	16529	4395
VV1_RS12600	7086	4666	27384	4058
VV1_RS12610	4469	1444	10704	2512
VV1_RS12615	581	508	970	428
VV1_RS12620	2181	862	957	372
VV1_RS12630	2962	2276	2206	427
VV1_RS12635	1147	952	541	291
VV1_RS12645	638	641	124	57
VV1_RS12660	688	286	190	72
VV1_RS12670	29	95	49	26
VV1_RS12675	140	261	374	121
VV1_RS12680	47	74	98	51
VV1_RS12685	129	134	4407	2682
VV1_RS12690	723	739	26986	7514
VV1_RS12695	2334	1508	46090	12228
VV1_RS12710	179	179	5054	1349
VV1_RS12720	59	67	2539	688
VV1_RS12725	28	59	587	150
VV1_RS12730	174	106	287	116
VV1_RS12735	117	76	137	38
VV1_RS12750	262	438	99	78
VV1_RS12780	4004	2079	2140	855
VV1_RS12785	1653	891	1203	546
VV1_RS12790	3619	1326	3213	1424
VV1_RS12795	923	685	1123	839
VV1_RS12800	1082	648	1667	769
VV1_RS12815	2606	2646	223	76
VV1_RS12820	670	503	70	45
VV1_RS12825	479	402	125	70
VV1_RS12830	2470	1210	640	357
VV1_RS12835	14575	12285	6506	3496
VV1_RS12845	478	1146	347	111
VV1_RS12855	1802	2197	338	213
VV1_RS12865	957	97	103	37
VV1_RS12880	1260	964	1439	506
VV1_RS12885	8362	25263	160909	44687
VV1_RS12890	528	1702	4454	1089
VV1_RS12895	826	2141	5185	949
VV1_RS12900	3642	8361	36358	7470
VV1_RS12925	11407	9691	6337	3069
VV1_RS12945	13181	11560	13300	6624
VV1_RS12950	29029	18104	14715	7915
VV1_RS12960	743	146	221	105
VV1_RS12965	418	204	211	71
VV1_RS12970	288	235	313	59
VV1_RS12975	425	357	82	72
VV1_RS12980	1170	157	136	42
VV1_RS12985	475	317	165	109
VV1_RS12990	501	346	687	439
VV1_RS13025	1202	651	15254	5209
VV1_RS13035	940	277	6880	2385
VV1_RS13045	41	304	636	148
VV1_RS13055	157	182	149	40
VV1_RS13070	58	326	74	14
VV1_RS13080	2096	1334	1692	647
VV1_RS13095	1122	3206	6206	2510
VV1_RS13100	4470	943	4237	2965
VV1_RS13105	28	22	276	78
VV1_RS13110	16	15	15	10
VV1_RS13115	88	56	43	25
VV1_RS13125	35	28	71	14
VV1_RS13130	5357	1279	4422	1317
VV1_RS13150	346	332	567	454
VV1_RS13165	2414	1413	16915	5533
VV1_RS13170	2422	1849	1651	655
VV1_RS13180	155	263	3623	814
VV1_RS13190	698	300	3439	660
VV1_RS13195	5002	816	13770	3423
VV1_RS13200	2197	215	17462	4028
VV1_RS13205	210	310	158	64
VV1_RS13215	188	487	316	152
VV1_RS13220	201	38	389	440
VV1_RS13245	10329	468	1039	809
VV1_RS13250	567	913	182	136
VV1_RS13265	220	110	67	30
VV1_RS13270	487	194	237	107
VV1_RS13275	5752	2274	1156	378
VV1_RS13280	4900	7297	2541	1695
VV1_RS13285	937	1354	780	663
VV1_RS13305	5075	187	5517	3196
VV1_RS13320	79	122	177	47
VV1_RS13340	3684	3594	1552	877
VV1_RS13350	3345	2972	2895	694
VV1_RS13355	1121	701	524	183
VV1_RS13360	121	34	386	277
VV1_RS13365	1747	1106	4333	1347
VV1_RS13370	722	382	352	182
VV1_RS13380	292	209	6143	679
VV1_RS13385	9195	8075	2145	1149
VV1_RS13390	341	190	178	42
VV1_RS13395	319	286	219	94
VV1_RS13400	1629	10374	489	224
VV1_RS13405	5905	7011	5304	5869
VV1_RS13430	2292	1997	2082	1205
VV1_RS13435	423	1005	344	231
VV1_RS13445	1495	675	472	200
VV1_RS13450	34934	7887	9060	4337
VV1_RS13455	25235	2695	22510	2761
VV1_RS13465	1201	759	719	429
VV1_RS13470	2067	3552	1394	389
VV1_RS13475	27146	2804	15620	5165
VV1_RS13480	5594	196	1456	476
VV1_RS13490	322	143	71	49
VV1_RS13495	1340	671	423	195
VV1_RS13500	170	97	83	23
VV1_RS13505	2240	2858	1479	1139
VV1_RS13510	274	293	750	315
VV1_RS13515	121	214	36	20
VV1_RS13520	339	949	304	61
VV1_RS13525	372	153	251	73
VV1_RS13530	526	250	92	28
VV1_RS13540	7612	5949	429	253
VV1_RS13545	2941	1639	228	215
VV1_RS13555	536	204	290	133
VV1_RS13560	396	316	475	151
VV1_RS13565	2393	1336	2204	879
VV1_RS13585	1894	1216	20467	5179
VV1_RS13590	160	184	1418	462
VV1_RS13595	214	148	1975	433
VV1_RS13600	49	44	646	171
VV1_RS13605	461	1059	172	82
VV1_RS13610	202	158	146	50
VV1_RS13615	486	266	63	34
VV1_RS13620	29	13	26	10
VV1_RS13625	133	214	187	95
VV1_RS13630	2314	2671	2660	1134
VV1_RS13635	3188	17374	20858	10068
VV1_RS13645	1836	5202	820	418
VV1_RS13655	3990	4304	12487	2241
VV1_RS13665	4659	4490	22173	5654
VV1_RS13680	16042	5715	3962	1726
VV1_RS13685	736	1565	685	286
VV1_RS13690	6231	1277	5130	1836
VV1_RS13695	989	239	2265	654
VV1_RS13700	220	91	270	152
VV1_RS13705	701	326	2255	584
VV1_RS13710	272	150	1033	393
VV1_RS13725	1244	863	756	270
VV1_RS13745	927	255	4056	2684
VV1_RS13755	6355	4508	5580	987
VV1_RS13760	4348	2342	3669	796
VV1_RS13770	1892	213	371	182
VV1_RS13775	209	174	192	55
VV1_RS13780	996	2835	1064	406
VV1_RS13795	1161	134	1075	663
VV1_RS13825	329	329	136	63
VV1_RS13830	1950	442	745	214
VV1_RS13840	1240	1974	815	274
VV1_RS13845	634	1290	321	126
VV1_RS13850	1893	4432	771	515
VV1_RS13860	1617	3846	531	318
VV1_RS13865	3465	6506	946	446
VV1_RS13880	587	276	693	171
VV1_RS13890	1602	2082	1647	615
VV1_RS13905	6826	2581	1557	545
VV1_RS13910	1779	1252	5017	1890
VV1_RS13930	1901	1418	325253	122524
VV1_RS13935	347	269	73925	28819
VV1_RS13955	10167	971	838	244
VV1_RS13965	810	8488	180	40
VV1_RS13975	629	240	468	189
VV1_RS13985	10977	12294	2096	1055
VV1_RS13990	421	332	232	112
VV1_RS14010	9157	7168	6410	2493
VV1_RS14025	6117	2492	24765	11413
VV1_RS14030	119	178	151	132
VV1_RS14045	722	254	37925	7524
VV1_RS14050	608	276	3989	669
VV1_RS14060	933	1126	30046	21195
VV1_RS14065	345	341	225	91
VV1_RS14070	717	588	371	164
VV1_RS14075	949	391	386	131
VV1_RS14085	2250	1477	2550	1114
VV1_RS14110	2071	6045	4191	2072
VV1_RS14115	1375	1140	906	541
VV1_RS14120	476	1022	1372	705
VV1_RS14125	2124	723	388	169
VV1_RS14130	14712	7095	3474	2605
VV1_RS14155	4262	2223	2217	868
VV1_RS14160	556	411	453	206
VV1_RS14165	718	296	447	140
VV1_RS14170	799	403	750	417
VV1_RS14180	13532	3861	14563	3017
VV1_RS14185	21748	2678	3765	2125
VV1_RS14190	26698	3234	43442	10424
VV1_RS14195	13063	2516	27877	14573
VV1_RS14205	720	2850	983	517
VV1_RS14215	142611	84554	36236	5903
VV1_RS14220	346	415	152	64
VV1_RS14235	1090	923	438	203
VV1_RS14240	1030	817	399	264
VV1_RS14245	852	851	836	157
VV1_RS14260	714	483	669	188
VV1_RS14265	714	301	708	193
VV1_RS14270	651	224	520	313
VV1_RS14290	2826	534	347	139
VV1_RS14295	6959	3418	1267	338
VV1_RS14300	204	289	309	120
VV1_RS14310	342	372	168	81
VV1_RS14320	2187	1451	10455	2490
VV1_RS14325	2925	5752	1691	553
VV1_RS14335	8411	661312	413	220
VV1_RS14355	3831	480	471	246
VV1_RS14360	14136	809	1366	612
VV1_RS14365	6691	424	920	413
VV1_RS14385	530	172	73	34
VV1_RS14390	5636	4226	3068	975
VV1_RS14400	711	220	332	97
VV1_RS14405	402	593	2012	518
VV1_RS14420	4319	2639	1728	861
VV1_RS14425	2177	4289	1353	773
VV1_RS14435	402	468	3710	3185
VV1_RS14440	1048	1257	953	246
VV1_RS14445	2419	1786	3736	778
VV1_RS14495	623	535	301	144
VV1_RS14510	2514	975	1411	325
VV1_RS14515	667	5947	277	50
VV1_RS14520	1425	1254	3344	1178
VV1_RS14525	1403	869	2962	688
VV1_RS14535	1634	3900	2185	1711
VV1_RS14555	3861	7221	4022	3391
VV1_RS14565	1179	3385	127	20
VV1_RS14595	10702	2694	5044	998
VV1_RS14600	324	451	351	171
VV1_RS14610	1031	638	821	438
VV1_RS14620	6380	5926	17133	7200
VV1_RS14650	6452	1843	4794	1741
VV1_RS14660	54719	15765	5009	2384
VV1_RS14665	6008	6272	3307	1588
VV1_RS14700	820	379	222	171
VV1_RS14705	493	229	145	161
VV1_RS14710	620	442	292	192
VV1_RS14725	10987	10014	8967	4543
VV1_RS14730	184	268	196	38
VV1_RS14735	141	204	1716	557
VV1_RS14740	962	1125	709	450
VV1_RS14760	4362	177	48829	17849
VV1_RS14765	125187	637806	9776	3342
VV1_RS14770	418	178	201	93
VV1_RS14775	260	230	104	57
VV1_RS14785	7120	23755	1312	784
VV1_RS14790	237	157	291	108
VV1_RS14795	1539	520	2761	1153
VV1_RS14800	5823	1373	5882	1731
VV1_RS14805	2911	2772	2455	651
VV1_RS14815	1513	845	1443	547
VV1_RS14825	629	247	23	6
VV1_RS14845	1533	882	2673	1558
VV1_RS14850	3160	2041	10009	4812
VV1_RS14855	121	84	39	15
FADH	4584	1261	3441	2475
VV1_RS14875	2335	3880	2203	1433
VV1_RS14890	1906	771	2904	748
VV1_RS14900	22791	72953	5095	1349
VV1_RS14905	715	7249	326	154
VV1_RS14910	761	593	379	186
VV1_RS14925	13402	2333	349	231
VV1_RS14935	46135	7271	29280	9039
VV1_RS14950	1313	1039	6799	1991
VV1_RS14965	10231	664	1558	384
VV1_RS14980	813	1004	726	269
VV1_RS14985	584	1335	1170	840
VV1_RS15005	3532	3954	1547	701
VV1_RS15015	1180	1063	1091	412
VV1_RS15020	394	206	108	32
VV1_RS15035	1621	2985	1722	644
VV1_RS15040	2758	6332	1065	340
VV1_RS15055	1881	413	429	173
VV1_RS15060	743	3572	2560	802
