	IAI1_chemostat1	IAI1_chemostat2	IAI1_K12ref_chemostat1	IAI1_K12ref_chemostat2
thrA	7733	7707	7264	7226
thrB	2660	2674	2524	2509
thrC	4664	4889	4403	4614
yaaA	373	299	368	297
yaaJ	63	51	62	49
talB	3420	3203	3328	3126
htpY	23	22	20	19
dnaK	11029	10408	10842	10218
dnaJ	1931	1802	1998	1869
nhaA	509	446	497	433
nhaR	190	155	189	153
ribF	1544	1257	1487	1215
ileS	5972	5433	5603	5064
ispH	917	796	778	668
rihC	325	285	265	222
dapB	912	940	822	822
carA	2259	1927	2165	1825
carB	5096	4789	4583	4272
caiD	39	37	33	29
caiB	29	21	28	19
caiA	90	45	90	45
caiT	9	6	9	6
fixA	34	31	33	31
fixB	26	27	26	27
fixC	25	18	23	17
yaaU	13	12	13	12
kefC	243	207	243	207
apaH	286	212	260	188
ksgA	692	611	672	593
surA	4656	4226	4603	4184
imp	5115	4536	5108	4530
djlA	282	200	263	188
rluA	72	73	71	70
hepA	285	279	285	278
polB	96	82	87	76
araD	29	29	28	29
araA	166	149	153	134
araC	1380	1103	1349	1073
yabI	473	392	425	341
thiQ	105	95	73	70
tbpA	406	338	286	258
setA	659	538	655	533
leuD	2258	2037	2249	2028
leuC	3221	2907	3021	2718
leuB	2973	2688	2640	2352
leuA	3664	4258	3420	4036
leuO	395	344	381	336
ilvI	4333	3966	4097	3774
fruR	3405	3152	3300	3050
mraW	1224	1032	1215	1023
ftsI	1102	858	1081	844
murE	1364	1164	1316	1109
murF	1043	823	1035	819
mraY	948	818	922	793
murD	1451	1295	991	893
ftsW	1367	1084	1337	1063
murG	957	890	919	864
murC	1494	1327	1432	1264
ddlB	1459	1257	1425	1226
ftsQ	1356	1156	1324	1118
ftsA	3017	2681	2947	2606
ftsZ	6873	6163	6873	6163
lpxC	9956	8076	9944	8062
secA	5438	5031	5277	4891
yacF	298	255	278	238
coaE	353	359	353	356
guaC	908	844	880	812
hofC	50	40	49	38
hofB	58	50	58	50
nadC	156	164	156	164
ampE	583	495	583	495
aroP	5059	4688	5050	4680
pdhR	522	434	564	446
aceE	19329	17814	19838	18290
aceF	10550	9699	10083	9245
lpd	40564	37410	40008	36938
acnB	51359	46513	49369	44640
speD	918	985	917	980
speE	1317	1319	1317	1319
cueO	350	299	339	276
gcd	140	102	129	96
can	2397	2106	2392	2103
yadG	460	427	418	396
yadH	326	320	313	297
yadD	529	404	488	378
panC	1359	1278	1231	1142
yadL	46	48	27	24
ecpD	3	6	3	5
pcnB	1401	1277	1361	1249
yadB	273	216	275	217
sfsA	1647	1403	1647	1402
mrcB	1877	1679	1684	1522
fhuA	7427	6129	7371	6090
fhuC	609	470	579	450
fhuD	268	176	240	164
hemL	1906	1718	1682	1493
clcA	651	567	631	549
yadS	191	187	184	174
btuF	227	179	225	179
pfs	1091	1009	1091	1009
dgt	639	572	639	571
degP	5958	5536	5407	4984
cdaR	591	493	566	475
dapD	4065	4168	3863	3969
glnD	484	429	432	392
map	1286	1091	1170	1001
rpsB	20815	19475	20795	19461
tsf	12513	12785	12504	12771
pyrH	1701	1753	1654	1697
dxr	619	514	619	514
ispU	2978	2516	2978	2516
cdsA	1216	1005	1529	1242
yaeL	4575	4034	4570	4033
yaeT	13083	12086	13029	12043
lpxD	4387	4059	4386	4057
lpxA	2564	2419	2564	2419
lpxB	1377	1148	1337	1124
dnaE	2143	1935	2084	1904
accA	3429	3271	3246	3106
ldcC	209	171	198	166
nlpE	320	317	277	276
proS	3524	3307	3521	3296
yaeB	59	54	59	53
metQ	11363	10305	9945	9005
metI	2168	1948	2088	1878
metN	2330	2032	2288	1995
dkgB	337	264	337	264
yafC	294	274	294	274
yafD	852	757	824	731
mltD	11777	10698	11423	10396
gloB	390	308	373	294
yafS	281	254	277	246
dnaQ	587	487	505	417
yafT	17	15	17	15
yafV	165	140	150	132
fadE	1180	943	1087	858
yafJ	379	308	352	287
yafK	739	624	697	603
dinB	79	64	74	59
pepD	3004	2770	2869	2653
frsA	368	293	346	281
phoE	106	82	88	67
proB	856	731	834	714
proA	1435	1276	1409	1254
yagR	15	13	13	13
yagS	6	1	6	1
yagT	7	3	7	3
yagU	252	222	252	222
yagV	305	620	283	581
yagW	921	1960	900	1906
yagX	1336	2834	1309	2788
yagY	545	1316	545	1314
insF	44	45	235	235
ykgC	66	39	65	38
ykgD	90	77	90	77
ykgE	1456	1206	1450	1198
ykgF	2370	2116	2349	2100
ykgG	1193	1037	1045	924
betA	173	166	148	141
betT	346	292	328	280
yahB	144	123	134	116
yahD	35	25	35	25
yahG	4	8	4	7
yahI	19	17	14	11
yahJ	82	68	65	57
yahK	283	289	279	283
yahN	47	39	44	37
prpR	131	95	119	89
prpB	58	55	52	46
prpC	103	74	91	68
prpD	154	106	146	97
prpE	272	194	253	178
codB	368	404	342	372
codA	479	479	471	468
cynT	17	16	17	16
cynX	18	8	18	8
lacY	32	31	31	30
lacI	737	594	718	585
mhpR	1601	1421	1395	1253
mhpB	15	13	18	13
mhpC	38	33	36	32
mhpD	31	26	30	24
mhpF	39	44	38	43
mhpE	57	51	57	51
mhpT	53	54	45	52
frmA	398	395	362	369
yaiO	55	52	53	49
yaiP	17	12	17	13
tauA	32	39	28	38
tauB	20	21	20	21
tauD	30	25	26	22
hemB	962	882	914	844
yaiV	13	11	13	11
ampH	285	239	273	227
sbmA	212	182	208	179
yaiW	341	313	323	296
ddlA	2134	1798	2007	1708
phoA	224	182	222	179
yaiC	23	21	23	21
proC	178	170	178	170
aroM	82	79	81	75
rdgC	1013	991	939	923
mak	504	434	473	413
araJ	127	95	99	82
sbcD	284	241	275	232
phoB	189	179	189	179
phoR	154	169	149	166
brnQ	208	179	206	180
proY	246	217	238	212
malZ	309	313	290	294
queA	100	84	92	79
tgt	2801	2474	2801	2474
secD	7061	6604	6695	6225
secF	3694	3517	3562	3366
tsx	5387	4529	5337	4486
ribD	625	576	601	545
thiL	256	196	242	188
yajO	1319	1105	1153	984
dxs	1110	1009	1028	946
ispA	657	600	622	562
thiI	393	372	360	346
panE	247	217	216	195
yajR	295	243	268	231
cyoE	4450	4195	4272	4021
cyoC	3149	2924	3085	2861
cyoB	14175	13076	13991	12918
cyoA	10111	9355	9767	9056
ampG	199	163	187	155
tig	16101	15870	16057	15842
clpP	1534	1412	1531	1406
clpX	5279	4755	4943	4456
lon	5722	5384	5752	5399
ppiD	7845	7258	7599	7019
queC	477	468	440	425
ybaE	340	300	318	287
cof	163	155	190	183
mdlA	255	207	244	203
mdlB	173	157	170	151
amtB	92	75	82	68
tesB	167	163	167	162
ylaB	222	205	221	204
acrB	6312	5874	6129	5716
acrA	3166	3001	3166	2999
acrR	403	334	403	334
kefA	1403	1367	1316	1285
dnaX	969	819	921	788
recR	599	537	555	498
htpG	4626	4260	4532	4186
adk	3774	3686	3760	3672
hemH	207	193	202	188
aes	279	227	273	220
gsk	514	413	487	387
ybaL	599	489	548	448
fsr	159	114	157	114
ushA	1683	1453	1811	1575
ybaP	91	70	82	67
copA	537	476	478	428
ybaS	23	32	22	30
ybaT	47	41	47	41
ybbK	651	532	631	517
ybbL	211	178	201	173
ybbM	223	209	223	208
ybbN	735	728	711	710
ybbO	134	129	123	116
tesA	246	221	246	221
ybbA	177	136	172	135
ybbP	393	314	372	298
ybbB	68	61	64	58
ybbS	13	16	13	14
allR	894	693	886	686
gcl	34	41	29	34
hyi	14	12	14	12
glxR	16	17	16	17
ybbW	23	21	20	19
allB	120	127	108	116
ybbY	13	16	13	12
glxK	92	89	91	87
ylbA	228	210	220	203
allC	181	129	169	118
allD	72	65	71	62
ylbE	49	28	48	27
ylbF	14	18	13	16
ybcF	38	21	29	17
purK	886	717	740	601
lpxH	281	242	249	214
cysS	956	920	939	914
folD	551	512	522	486
sfmC	17	14	17	12
sfmH	10	8	10	8
fimZ	6	7	6	7
envY	36	38	36	40
ybcH	27	33	26	31
nfrB	69	63	66	60
cusR	82	80	81	77
cusC	7	7	127	130
cusB	13	15	13	15
cusA	63	63	60	61
pheP	402	349	382	335
ybdG	498	468	493	462
nfnB	730	735	712	719
ybdK	22	17	20	16
fepA	2257	2096	1907	1717
fepC	178	133	147	114
fepG	118	83	111	76
fepD	78	64	75	61
ybdA	140	112	139	111
fepB	197	190	176	161
entC	280	205	256	188
entE	421	364	402	350
entB	533	515	531	512
entA	353	344	329	312
cstA	55920	48127	49377	42578
ybdH	1630	1336	1138	937
ybdL	178	148	177	145
ibrB	47	38	45	36
ibrA	22	14	22	14
ybdO	24	12	23	11
dsbG	182	187	182	187
ahpF	2669	2552	2627	2510
ybdR	75	52	74	51
rna	199	171	196	168
citT	37	24	37	24
citG	8	6	8	5
citF	4	3	4	2
citE	7	7	7	7
citC	13	10	12	10
citA	167	174	163	172
citB	59	64	52	59
dcuC	49	37	49	35
lipA	1701	1412	1701	1412
ybeF	105	89	105	89
lipB	112	116	110	116
dacA	1078	936	1069	927
rlpA	969	883	905	811
mrdB	480	390	473	376
mrdA	555	534	530	512
phpB	62	71	62	71
nadD	152	117	152	117
holA	497	418	495	415
leuS	6364	5826	6278	5742
ybeQ	186	167	185	166
ybeU	15	9	15	9
hscC	227	179	218	167
rihA	2423	2137	2222	1944
gltL	2822	2592	2433	2253
gltK	2036	1731	1842	1582
gltJ	2500	2328	2303	2115
gltI	30500	26909	30565	27185
ybeX	1574	1355	1569	1348
ybeZ	1188	1059	1148	1019
miaB	696	574	658	537
asnB	983	979	812	817
nagD	426	391	337	311
nagC	546	452	543	447
nagA	999	856	992	854
nagB	717	623	637	565
nagE	5721	5140	5443	4901
glnS	2770	2556	2467	2276
ybfM	281	190	275	184
ybfF	248	219	243	208
pgm	8374	7844	7561	7131
potE	151	125	135	113
kdpE	57	39	49	35
kdpD	205	175	181	159
kdpB	74	96	68	85
ybgH	251	240	231	223
ybgI	1049	1005	1015	972
ybgJ	781	697	779	695
ybgK	957	870	831	782
nei	166	140	156	135
abrB	20	23	16	21
gltA	13613	13498	13016	12972
sdhA	23844	22192	21655	20105
sdhB	11231	10027	11130	9928
sucA	39832	37801	38937	36997
sucB	28326	25864	28161	25693
sucC	46950	44087	46738	43893
sucD	37599	34805	35277	32683
mngR	168	123	169	127
mngA	24	33	24	33
cydA	12265	11184	12264	11181
cydB	7694	7219	7161	6737
tolQ	1022	891	952	849
tolA	1935	1734	1935	1734
tolB	9056	8126	9051	8122
ybgF	3364	3014	3348	3006
nadA	928	839	898	816
pnuC	585	564	585	564
zitB	200	192	200	192
aroG	2604	2485	2526	2422
gpmA	7614	7320	7270	6975
galM	3530	3329	3134	2944
galK	1099	1193	1028	1127
galT	500	479	452	437
galE	376	392	362	378
modF	1250	1117	1218	1090
modE	336	309	336	308
modA	629	466	472	340
modB	274	240	270	239
modC	533	415	485	374
ybhA	271	225	266	219
pgl	560	477	528	456
ybhD	45	37	32	30
ybhH	18	9	15	8
ybhI	914	805	270	220
ybhJ	102	85	99	83
ybhC	1938	1807	1840	1722
bioB	1312	1154	1270	1113
bioC	326	252	262	210
bioD	366	292	333	268
uvrB	944	829	903	791
ybhK	540	456	540	456
moaA	950	700	945	699
ybhL	615	554	605	549
ybhN	24	10	20	10
ybhO	26	12	26	12
ybhP	29	19	29	18
ybhR	114	78	112	76
ybhS	136	104	136	104
ybhF	382	261	342	226
ybhG	246	241	236	236
ybiH	77	58	72	52
rhlE	37	25	34	26
dinG	186	179	169	165
ybiB	269	238	268	236
ybiC	2114	2055	2097	2038
ybiX	85	98	85	98
fiu	84	62	79	54
ybiN	148	156	132	148
ybiO	65	47	56	41
glnQ	2476	2320	2398	2258
glnP	2172	2091	2163	2083
glnH	14207	12784	14197	12773
rhtA	82	50	82	50
ybiR	308	282	305	280
ybiS	1049	983	1005	936
ybiT	1836	1668	1773	1615
ybiU	71	59	69	59
ybiV	153	135	149	132
ybiW	95	98	82	90
ybiY	22	16	22	15
fsaA	49	43	47	42
moeB	250	196	203	167
moeA	449	364	412	341
iaaA	1476	1289	1441	1261
yliA	1290	1151	1279	1138
yliB	1576	1446	1461	1345
yliC	506	437	498	429
yliD	352	280	327	263
yliE	180	149	172	143
yliF	58	50	57	47
yliG	323	276	323	276
yliI	40	36	40	35
yliJ	1277	1144	1273	1141
dacC	1052	945	1020	923
deoR	474	383	473	383
cmr	158	148	155	146
ybjI	223	202	208	187
ybjJ	88	87	88	87
ybjL	356	340	352	333
nfsA	458	383	457	383
rimK	394	349	379	337
potF	1608	1499	1460	1374
potG	727	605	543	428
potH	340	263	317	256
potI	315	221	272	200
rumB	117	130	96	103
artJ	2133	2033	1793	1717
artM	786	697	770	670
artQ	904	820	904	820
artI	2171	1876	2125	1847
artP	1015	898	1015	898
ybjR	307	248	305	243
ybjS	290	257	290	257
ybjT	614	583	567	537
ltaE	919	800	779	654
poxB	52	48	43	41
hcr	23	27	23	27
hcp	21	16	21	15
ybjE	61	72	61	72
aqpZ	89	59	81	56
ybjD	632	549	556	495
ybjX	1461	1208	1459	1206
macA	467	396	460	396
macB	505	446	462	404
clpA	13342	11653	13129	11457
aat	73	45	73	45
cydC	390	361	373	341
cydD	417	355	407	346
trxB	4145	4012	3904	3760
lolA	896	787	896	785
ycaJ	591	548	556	516
serS	5071	4538	4672	4247
dmsA	74	99	74	96
dmsB	35	33	33	32
dmsC	115	118	104	104
ycaC	94	73	94	75
ycaD	169	148	166	138
ycaM	59	38	58	37
ycaN	118	89	117	89
pflA	357	395	357	394
pflB	19681	17258	19560	17170
focA	2107	1744	1968	1642
ycaO	418	432	403	414
ycaP	644	465	634	459
serC	5372	5303	5210	5126
aroA	1782	1764	1765	1748
ycaL	80	72	57	55
cmk	2078	1847	2063	1830
rpsA	55787	53439	55666	53343
msbA	1660	1495	1604	1435
lpxK	341	320	341	320
kdsB	976	874	918	837
ycbJ	259	265	259	265
smtA	775	641	739	599
mukF	1457	1356	1406	1317
mukE	894	742	876	724
mukB	5726	5319	5403	5000
ycbB	513	432	513	432
ycbL	2414	1974	2405	1970
aspC	7375	6954	7275	6849
ompF	85427	73426	85382	73409
asnS	3005	2842	2912	2756
pncB	952	889	919	860
pepN	7058	6535	6121	5694
ssuC	14	13	13	12
ssuA	24	28	23	25
ycbR	20	16	20	16
ycbT	85	52	72	42
ycbF	44	36	41	36
pyrD	319	287	319	287
ycbX	555	449	554	447
ycbY	1081	902	1043	869
uup	1369	1161	1365	1153
pqiA	270	216	270	216
pqiB	635	575	610	546
ycbZ	973	812	966	805
yccR	413	377	413	377
yccS	355	341	353	339
helD	770	694	768	693
yccT	16	14	16	14
yccW	426	382	495	466
yccA	3579	2945	3451	2842
hyaA	5	4	4	4
hyaB	10	15	10	15
hyaC	14	13	14	13
hyaF	17	11	17	11
appC	194	169	194	169
appB	41	36	40	30
appA	77	65	77	65
yccC	3151	2545	3151	2540
yccZ	1667	1369	1667	1369
ymcA	1520	1136	1431	1052
ymcB	357	297	354	296
ymcC	1125	691	1114	683
yccM	47	48	46	47
torR	165	141	157	136
torC	42	35	41	34
torA	74	78	74	75
cbpA	310	311	302	306
agp	5207	4513	5098	4426
rutG	31	37	29	32
rutD	3	5	3	5
rutB	0	0	0	0
rutA	5	7	4	7
rutR	152	123	145	120
putP	7141	6119	6456	5586
efeO	2481	2200	2407	2127
efeB	1393	1175	1346	1144
phoH	1323	1098	1322	1098
ycdW	800	658	800	657
ycdX	957	890	953	888
csgG	105	76	87	58
csgD	45	42	44	40
ymdC	194	159	193	159
mdoC	89	61	82	57
mdoG	2598	2249	2492	2130
mdoH	1727	1574	1718	1570
mdtG	26	20	26	20
lpxL	140	105	137	102
yceA	972	753	909	712
solA	1084	1033	1030	977
pyrC	444	465	450	472
grxB	433	465	433	464
mdtH	106	92	100	88
yceH	505	501	489	485
mviM	648	562	624	542
mviN	152	147	152	147
flgA	33	34	33	34
flgD	14	12	14	12
flgF	7	3	4	2
flgG	9	6	8	6
flgH	9	8	9	8
flgI	12	11	11	11
flgJ	13	8	13	8
flgK	51	65	51	61
flgL	92	71	82	66
rluC	960	808	960	808
plsX	2706	2278	2694	2270
fabH	3742	3417	3733	3399
fabD	4737	4609	4717	4581
fabG	8908	8562	8894	8560
fabF	6542	6277	6225	5937
pabC	401	262	399	262
yceG	308	240	291	221
tmk	244	223	238	222
holB	276	261	257	252
ycfH	465	353	464	349
ptsG	32078	28405	32058	28394
fhuE	312	254	307	244
ycfM	1044	966	1016	948
ycfN	379	363	379	362
nagZ	926	903	901	879
ndh	263	262	255	253
ycfQ	247	213	246	213
ycfS	255	233	251	231
mfd	1383	1331	1306	1249
lolC	437	356	436	355
lolD	285	213	254	191
lolE	1138	1015	1129	1005
ycfX	1010	875	1057	924
cobB	1073	960	835	739
potD	4800	4627	3877	3698
potC	468	435	468	433
potB	199	182	194	177
potA	336	316	330	303
pepT	651	528	600	511
ycfD	1099	915	1058	892
phoQ	1480	1361	1475	1358
phoP	1329	1250	1258	1173
purB	878	835	815	762
hflD	176	177	175	177
trmU	841	702	841	702
ymfC	68	74	60	68
icd	84266	77839	77740	71596
ycgE	607	555	595	543
ycgF	373	332	373	332
ycgG	27	18	27	17
minD	5475	5239	5472	5236
minC	1498	1383	1468	1364
ycgM	1284	1156	1185	1050
umuC	82	74	82	74
nhaB	359	307	359	307
fadR	1097	842	1092	838
ycgB	62	44	60	43
dadA	1053	1027	967	934
dadX	637	506	616	489
cvrA	311	300	283	270
emtA	538	501	526	491
ycgR	80	54	79	53
treA	82	57	82	57
dhaH	636	588	624	579
dhaL	386	329	385	326
dhaK	692	665	679	655
dhaR	236	203	231	195
ychF	2367	2233	2365	2230
ychM	469	377	463	374
prsA	4219	4111	4218	4107
ispE	1113	1021	1113	1020
lolB	395	398	395	398
hemA	889	779	850	752
prfA	595	606	575	576
prmC	190	188	190	188
ychA	723	629	723	628
kdsA	1906	1879	1901	1876
chaA	1044	849	1002	819
chaC	194	193	157	165
ychP	113	93	137	124
narL	303	226	301	226
narX	215	141	217	140
narK	26	15	26	15
narG	84	82	84	82
narH	74	82	71	82
narJ	27	16	22	15
narI	46	26	46	26
purU	1079	1046	1048	1007
rssA	433	387	410	365
rssB	290	244	279	235
galU	2175	2140	2168	2139
tdk	407	341	407	341
adhE	3884	3538	3877	3526
ychE	66	68	64	68
oppA	3402	3119	3392	3115
oppB	508	457	505	456
oppC	658	620	657	620
oppD	815	810	755	748
oppF	841	699	774	639
cls	1048	869	988	825
kch	234	211	231	203
tonB	733	631	719	611
yciC	769	729	759	711
ompW	6992	8263	6751	7959
trpA	1370	1271	1337	1240
trpB	2366	2125	2340	2107
trpD	1247	1106	1123	999
trpE	511	482	432	415
yciV	495	472	495	472
yciO	372	381	337	337
rluB	686	692	580	572
yciK	888	834	861	809
sohB	1794	1558	1758	1526
topA	6384	5966	6362	5958
cysB	526	440	505	423
acnA	5041	4858	4780	4635
pgpB	349	300	349	300
yciM	1251	922	1234	917
pyrF	758	723	756	720
deoT	424	352	386	319
gmr	488	414	488	411
rnb	2439	2403	2397	2365
fabI	4804	4613	4734	4544
sapF	195	154	190	152
sapD	267	242	267	241
sapC	105	85	100	79
sapB	125	104	121	99
sapA	247	225	247	225
puuP	389	301	383	297
puuA	2011	1424	1818	1292
puuD	2766	2023	2730	2001
puuB	256	225	240	203
puuE	293	203	262	180
pspF	190	161	189	161
pspA	700	595	677	583
ycjM	67	37	67	37
ycjN	28	23	28	21
ycjO	21	10	19	10
ycjP	11	12	10	12
ycjQ	26	25	22	21
ycjR	24	16	22	16
ycjS	38	28	36	27
ycjU	7	4	7	3
ompG	19	18	18	14
ycjW	274	229	192	186
ycjX	282	229	192	162
ycjF	312	277	283	257
tyrR	1121	986	1112	981
ycjG	776	643	748	612
mpaA	225	187	219	176
ycjZ	216	166	212	162
mppA	2438	2044	2407	2022
ynaI	376	333	370	322
uspE	5007	4381	4993	4367
fnr	2988	2736	2988	2736
abgT	28	18	34	20
abgB	54	45	51	49
abgA	90	90	90	90
abgR	283	249	272	244
ydaM	93	58	89	57
ydaN	499	406	492	402
dbpA	137	95	134	92
ydaO	546	488	525	466
ompN	124	100	179	142
ldhA	685	615	662	582
feaR	2564	1735	2560	1734
feaB	406	328	396	322
maoC	190	144	189	144
paaA	231	171	231	170
paaC	159	134	151	132
paaJ	127	113	116	103
paaF	52	56	47	51
paaG	65	52	61	49
paaH	131	110	125	106
paaE	907	882	893	872
paaK	1352	1145	1289	1088
paaX	558	418	473	365
ydbC	1310	1147	1146	1024
azoR	370	306	356	286
hrpA	806	770	706	678
ydcF	216	209	212	206
aldA	11735	10493	11616	10390
trg	190	145	183	140
ydcI	3027	2597	3009	2580
ydcJ	175	135	175	135
mdoD	2242	1858	2305	1928
ydcK	72	68	68	63
tehA	145	103	145	103
ydcL	926	846	913	832
ydcO	110	75	106	75
ydcP	1035	973	999	935
ydcR	240	209	237	207
ydcS	53	51	52	51
ydcT	12	9	11	9
ydcU	18	14	18	14
ydcV	13	23	14	23
ydcW	135	122	136	120
yncB	966	812	985	831
yncC	133	102	133	102
yncD	218	160	218	160
yncE	7371	6550	7130	6352
ansP	190	161	188	158
yncG	24	13	19	12
nhoA	125	135	121	131
narV	42	40	40	36
narW	20	13	20	13
narY	57	41	54	38
narZ	68	63	68	63
narU	9	13	9	13
yddG	108	108	99	106
fdnG	197	188	239	219
fdnH	62	64	63	65
fdnI	75	69	72	67
adhP	91	87	80	78
sfcA	1903	1868	1765	1753
ddpD	84	73	78	67
ddpC	50	60	50	58
ddpB	31	39	30	39
ddpA	124	99	124	98
dos	322	234	307	222
yddV	351	239	329	223
yddW	377	352	364	344
gadC	119	103	117	99
gadB	172	154	172	154
ydeM	274	240	267	235
ydeN	2786	2577	2784	2571
ydeO	6	6	6	6
ydeP	231	203	211	184
ydeQ	15	15	14	15
lsrK	552	462	529	435
lsrR	1077	936	1007	882
lsrC	240	161	218	146
lsrD	175	127	174	127
lsrB	666	569	641	552
lsrF	751	693	723	668
tam	201	163	195	156
yneE	62	51	62	49
uxaB	275	239	258	218
yneF	253	205	206	162
yneH	227	206	223	204
yneI	143	110	128	97
ydeA	64	46	63	46
marC	95	83	95	81
eamA	721	574	683	545
ydeE	109	83	107	80
ydeH	656	527	652	525
dcp	2441	2236	2338	2154
ydfG	1971	1654	1934	1625
ydfH	419	352	413	349
ydfT	70	41	70	41
ydfU	13	12	13	12
rspB	242	168	220	152
rspA	738	572	456	380
ynfC	370	299	370	299
ynfF	85	64	85	64
ynfG	19	23	19	22
ynfH	123	122	122	122
dmsD	150	127	150	127
clcB	33	24	33	24
ynfK	745	632	745	632
dgsA	4282	3311	4211	3255
ynfL	55	43	55	39
ynfM	56	48	55	44
ydgD	231	198	202	175
ydgG	90	102	87	100
pntB	13964	13573	13597	13212
pntA	18161	17493	17514	16783
ydgH	6688	5705	6681	5699
ydgI	178	149	155	141
folM	355	331	350	329
rstA	742	762	741	761
rstB	882	685	872	680
tus	281	240	278	236
fumC	4777	3900	4422	3585
fumA	26011	24513	24905	23451
manA	1017	988	933	918
ydgA	2036	1908	1896	1770
uidC	46	28	46	28
uidB	63	43	60	41
uidA	273	234	256	220
hdhA	724	700	679	658
malI	137	144	132	138
malX	306	305	303	303
malY	601	557	547	506
add	428	351	428	351
ydgJ	1561	1313	1561	1311
rsxD	183	156	180	154
rsxG	146	107	145	105
rsxE	99	65	99	64
nth	108	84	108	84
ydgR	216	163	211	155
gst	1874	1653	1872	1650
pdxY	557	541	555	539
tyrS	4328	4031	4317	4019
pdxH	718	696	670	641
anmK	848	753	777	691
ydhJ	29	39	26	35
ydhF	508	446	506	446
nemA	236	250	231	238
rnt	95	88	95	88
ydhO	721	623	721	623
ydhP	91	75	91	75
purR	2180	1977	2087	1906
ydhB	125	89	122	86
ydhC	56	45	55	44
cfa	416	323	394	306
ribC	985	892	937	846
mdtK	211	150	208	149
ydhQ	938	760	869	697
ydhS	35	30	35	29
ydhT	50	40	50	39
ydhU	98	68	98	67
ydhX	43	56	42	55
ydhV	108	69	98	66
ydhY	11	6	11	6
pykF	1771	1740	1772	1735
ynhG	343	281	339	276
sufS	550	380	463	314
sufC	337	223	317	214
sufB	621	462	599	442
ydiK	453	380	451	379
ydiM	36	18	35	18
ydiN	52	41	52	41
ydiB	82	77	77	74
aroD	421	368	386	338
ydiF	20	26	18	23
ydiO	38	21	38	21
ydiP	138	137	138	137
ydiQ	21	13	21	13
ydiR	32	30	32	29
ydiS	23	19	22	16
ydiD	142	82	137	80
pps	25294	23474	24242	22545
ydiA	275	223	273	221
aroH	164	157	155	149
ydiV	433	312	403	282
btuD	337	288	322	283
btuC	317	235	299	227
pheT	9569	8861	9176	8519
pheS	2910	2611	2796	2534
thrS	24342	21660	22223	19885
ydiY	48	43	45	42
pfkB	187	174	186	170
yniA	1406	1235	1353	1190
yniC	324	312	307	283
ydjN	2626	2410	2558	2352
katE	180	198	162	172
chbF	202	241	195	238
chbR	249	226	245	223
chbC	217	187	217	187
nadE	1256	1169	1214	1120
ydjQ	63	56	60	55
astE	69	73	69	73
astB	102	68	98	67
astA	85	68	85	67
astC	144	101	144	101
xthA	584	546	583	545
ydjX	92	66	88	62
ydjZ	47	50	47	47
ynjE	912	871	808	753
ynjF	62	53	62	53
gdhA	10066	10826	8923	9680
topB	1775	1512	1642	1405
selD	2674	2390	2114	1936
sppA	1109	943	1083	947
ansA	393	347	385	343
pncA	582	481	538	449
ydjE	84	68	83	65
ydjF	525	400	525	400
ydjG	167	149	167	149
ydjH	69	88	69	88
ydjI	75	118	75	118
ydjJ	109	85	106	82
ydjK	78	86	76	83
ydjL	87	78	85	77
gapA	18990	17862	18944	17827
yeaD	297	281	287	266
yeaE	330	327	320	318
mipA	2640	2369	2633	2363
yeaG	327	286	316	269
yeaH	93	56	92	56
yeaI	10	5	10	5
yeaJ	165	115	161	115
yeaM	93	57	82	52
yeaN	58	37	56	35
yeaP	815	623	798	603
yeaS	52	42	51	42
yeaT	236	182	228	179
yeaU	90	57	85	55
yeaV	444	353	421	324
yeaW	1665	1601	1649	1592
yeaX	1104	1051	1068	1029
rnd	420	363	417	362
fadD	5864	5214	5549	4968
yeaZ	471	399	411	357
yoaA	476	421	443	390
sdaA	205	151	205	150
adrB	69	61	69	60
yoaE	507	469	507	469
manX	44991	40214	44968	40200
manY	33046	30451	33320	30618
rrmA	185	151	178	141
kdgR	2177	1910	2169	1904
yebQ	43	38	40	34
htpX	5256	4539	5238	4516
prc	5361	4981	5133	4767
yebS	200	137	189	130
yebT	439	358	398	324
yebU	231	199	222	191
pphA	73	54	73	54
yebZ	223	171	221	170
yobB	164	169	164	169
exoX	274	248	274	248
ptrB	194	185	187	183
yebE	471	439	468	438
purT	1003	819	975	789
eda	545	502	538	500
edd	305	288	304	288
zwf	2229	2050	2182	1996
yebK	1147	996	1135	984
pykA	2861	2940	2849	2927
lpxM	580	527	571	520
yebA	3733	3229	3711	3202
znuA	8837	8091	8700	7940
znuC	744	653	696	621
znuB	609	555	585	539
ruvB	713	585	628	522
ruvA	443	389	442	387
yebB	21	15	21	14
yebC	2404	2336	2320	2237
aspS	4289	4011	4050	3793
yecE	106	94	102	92
yecO	174	137	159	130
yecP	334	289	239	202
torY	55	40	52	37
cutC	696	600	695	600
argS	2313	2034	2243	1955
flhA	159	149	159	149
flhB	11	12	11	12
cheZ	55	38	55	38
cheB	16	14	15	14
cheR	10	5	10	5
tap	24	19	24	19
tar	13	11	13	11
cheA	67	55	65	53
motB	18	20	17	19
motA	14	6	14	6
otsA	165	129	165	129
otsB	40	35	40	35
araH	407	384	392	376
araG	794	739	750	698
araF	1714	1451	1714	1451
tyrP	301	218	301	218
yecA	1809	1467	1809	1467
uvrC	728	599	727	599
uvrY	1238	968	1238	968
sdiA	296	230	267	201
yecC	261	204	246	193
yecS	185	152	174	142
yedO	461	432	441	414
fliY	4945	4854	4655	4529
fliA	7	9	7	8
fliD	25	18	24	15
amyA	257	222	246	211
yedE	6468	5953	6199	5720
fliF	7	4	7	4
fliG	7	10	6	10
fliH	9	3	9	3
fliI	6	4	6	4
fliM	14	16	12	12
fliP	4	12	4	12
fliR	45	25	45	22
rcsA	334	245	322	238
yedP	42	44	38	44
yedQ	280	232	247	201
yedI	425	387	415	374
yedA	44	30	41	26
dcm	729	593	703	581
yedJ	192	151	184	148
hchA	232	195	197	173
yedW	371	287	367	283
yedZ	77	63	68	59
yodA	4414	4222	4398	4208
yeeI	4103	3400	4090	3397
shiA	422	363	403	345
amn	414	402	405	395
yeeN	1432	1248	1431	1247
yeeO	152	99	140	93
cbl	1054	991	1015	962
nac	53	54	50	53
erfK	501	385	483	374
cobS	280	241	257	224
yeeA	148	145	133	131
dacD	71	62	62	54
yeeE	2655	2125	2611	2106
yeeF	1691	1694	1510	1506
yeeY	175	130	173	126
yeeZ	692	622	690	620
hisG	1919	1789	1643	1546
hisD	1651	1630	1204	1191
hisC	1585	1448	1366	1277
hisB	2607	2498	2088	2003
hisA	2129	2085	2129	2085
hisF	2123	2086	1818	1765
ugd	752	654	603	525
gnd	4246	4073	2857	2801
galF	4608	4046	2141	1954
wcaL	32	35	15	23
wcaK	16	11	13	11
wzxC	11	9	8	9
wcaJ	6	16	5	13
cpsG	1249	1209	14	10
cpsB	743	742	29	28
fcl	22	26	20	21
gmd	33	20	30	20
wcaE	8	2	8	2
wcaD	17	13	16	10
wcaC	18	17	14	12
wcaA	11	7	11	7
wzc	31	27	28	26
wza	6	3	6	3
yegH	427	370	397	343
asmA	1601	1229	1528	1176
udk	365	313	365	311
yegL	18	12	13	9
mdtA	35	32	33	30
mdtB	105	79	101	76
mdtC	100	84	92	78
baeS	60	62	57	57
baeR	132	111	126	108
yegQ	241	243	241	243
yegS	51	41	43	34
gatD	34	28	32	27
gatZ	42	50	42	49
gatY	34	28	33	28
fbaB	1360	1181	1333	1151
yegT	130	101	128	100
yegU	116	91	112	89
yegV	89	82	89	81
yegW	194	146	194	146
yegX	109	86	107	84
thiD	1606	1374	1562	1339
thiM	1869	1531	1820	1473
rncA	63	61	55	55
yehA	28	28	28	27
yehC	0	0	0	0
mrp	2013	1975	1677	1658
metG	2138	2146	1887	1912
yehL	24	10	17	9
yehP	37	37	32	29
yehT	793	636	792	635
yehU	1551	1260	1493	1212
mlrA	54	51	54	48
yehW	27	14	30	17
yehX	34	26	33	25
yehY	28	18	25	15
yehZ	44	27	44	27
bglX	2015	1940	1970	1912
dld	5144	4611	4988	4453
pbpG	443	427	442	427
yohF	35	27	29	21
dusC	291	217	274	202
yohK	32	24	32	24
cdd	444	393	419	369
sanA	131	87	131	87
yeiT	674	650	663	627
yeiA	790	649	775	636
mglC	3127	2770	3106	2759
mglA	6085	5389	5750	5066
mglB	24056	21562	23103	20741
galS	968	742	957	735
yeiB	164	143	161	136
folE	800	835	795	831
frmC	612	514	734	610
cirA	1873	1567	1685	1431
lysP	1854	1686	1851	1684
yeiE	285	229	283	229
yeiH	260	206	260	206
nfo	308	273	296	265
yeiJ	131	113	90	70
rihB	64	56	56	48
yeiL	112	57	108	53
yeiC	53	37	50	37
fruA	1209	1032	1120	957
fruK	557	463	557	460
fruB	489	468	491	471
setB	50	52	31	32
yeiQ	200	167	196	156
yeiR	182	165	181	164
yeiU	141	100	142	101
rtn	375	300	362	293
yejB	150	149	137	139
yejE	169	130	169	129
yejF	392	384	388	382
bcr	259	195	242	183
rsuA	274	251	247	231
yejH	45	40	38	35
yejK	1134	1066	1061	1010
yejM	870	674	851	659
narP	323	328	315	335
ccmH	307	322	253	267
ccmF	374	363	304	316
ccmC	139	129	139	127
ccmB	64	82	64	80
ccmA	146	141	136	136
napC	220	215	220	215
napH	128	115	118	104
napG	126	117	126	117
napA	684	736	638	687
mqo	128	116	121	107
yojI	703	603	647	542
alkB	28	24	28	21
ada	132	105	123	100
yojL	80	71	61	58
rcsB	2425	2217	2412	2207
rcsC	952	814	1017	882
yfaP	17	15	16	13
yfaQ	59	48	58	46
yfaT	4	2	5	2
gyrA	8148	7428	7981	7263
ubiG	485	416	436	362
nrdA	1833	1639	1621	1432
nrdB	1635	1512	1461	1343
inaA	283	236	283	236
glpQ	3210	2701	2975	2466
glpT	1575	1240	1513	1187
glpA	21	22	21	22
glpB	18	12	17	12
glpC	46	31	43	29
yfaY	297	246	290	243
ais	143	146	123	126
yfbE	1415	1130	1274	1032
yfbF	259	247	259	243
yfbG	717	623	703	608
yfbH	326	303	319	299
arnT	406	335	401	332
menE	278	235	248	215
menC	368	370	288	289
menB	666	651	620	596
yfbB	168	146	163	137
menD	311	286	298	279
menF	353	326	344	320
elaC	171	135	169	133
nuoN	2747	2429	2463	2177
nuoM	2474	2212	2465	2203
nuoL	4454	3970	4370	3889
nuoH	2765	2530	2763	2529
nuoG	9240	8690	8924	8387
nuoF	4013	3693	3543	3274
nuoC	5491	5075	5136	4757
nuoB	3580	3292	3539	3243
lrhA	3181	2811	3165	2805
yfbQ	1434	1392	1432	1390
yfbS	442	395	435	389
yfbT	1081	885	1055	858
ackA	3601	3501	3795	3672
pta	5469	5214	5468	5213
yfcF	108	88	108	88
yfcG	24	19	23	18
yfcH	702	662	612	586
hisP	1140	1099	1136	1095
hisM	954	866	935	854
hisQ	2443	2162	2412	2130
hisJ	11776	10555	11742	10525
purF	2409	2228	2386	2213
dedD	634	512	631	511
folC	943	868	919	845
accD	5512	4702	5500	4695
truA	557	517	525	489
usg	997	968	895	855
pdxB	1029	998	949	923
flk	279	205	268	202
yfcJ	57	59	54	57
fabB	9821	9027	9614	8855
trmC	382	306	382	306
yfcA	328	345	307	308
mepA	425	376	420	372
aroC	1327	1119	1105	924
prmB	1277	1135	1080	961
yfcY	853	796	785	740
fadL	1081	1006	1025	952
vacJ	1645	1404	1679	1406
yfdC	68	40	63	38
dsdA	98	98	97	95
emrY	13	8	13	7
emrK	11	10	10	9
evgA	143	139	140	133
yfdE	41	26	41	26
yfdV	14	24	14	24
oxc	51	64	51	64
frc	43	62	43	62
yfdX	29	37	28	37
ddg	43	32	65	42
yfdZ	866	788	726	671
ypdA	137	89	134	88
ypdB	196	164	196	164
ypdC	69	41	61	36
ypdD	103	90	96	84
ypdE	28	30	26	27
ypdF	53	38	50	34
ypdG	47	38	41	33
glk	984	828	934	781
yfeO	116	103	114	102
mntH	416	382	386	353
nupC	2472	2140	2294	1992
yfeA	563	448	563	448
gltX	2310	2143	2282	2095
yfeR	116	100	117	100
yfeH	515	410	423	318
ligA	916	802	937	826
zipA	3328	3112	3316	3096
cysZ	387	303	373	300
cysK	18922	18332	18498	17921
ptsI	25773	23771	25737	23743
pdxK	558	577	521	551
cysM	1398	1433	1241	1277
cysA	1940	1963	1524	1528
cysW	1217	1095	1111	1010
cysU	854	823	810	792
cysP	2337	2011	2337	2011
ucpA	7036	6406	6726	6111
yfeT	139	128	128	125
yfeU	269	218	228	186
murP	230	198	212	183
murQ	402	370	370	343
yfeX	864	780	863	779
amiA	397	299	378	286
hemF	176	134	145	119
yfeG	61	59	50	54
eutL	59	45	41	33
eutC	53	52	52	51
eutB	86	93	82	91
eutA	28	28	27	26
eutH	54	40	49	36
eutG	25	23	23	19
eutJ	7	10	5	9
eutE	17	25	13	18
eutI	137	116	137	113
eutT	86	84	85	84
eutQ	121	115	121	115
maeB	18584	18886	16573	16815
talA	375	298	364	286
tktB	275	235	274	234
ypfG	135	137	127	134
aegA	102	100	100	97
narQ	212	200	205	186
acrD	193	188	182	183
dapE	707	721	646	648
ypfH	234	237	234	237
ypfJ	671	531	650	513
purC	3751	3274	3419	3002
nlpB	5250	4800	5250	4800
dapA	6314	5828	6313	5826
hyfA	4	5	4	5
hyfC	5	10	5	10
hyfD	9	9	9	9
hyfE	7	0	7	0
hyfG	19	20	18	20
hyfI	14	8	14	8
perM	320	245	316	243
yfgC	1642	1487	1624	1472
hda	436	356	423	353
uraA	576	554	569	545
upp	2141	2143	2092	2088
purM	2791	2517	2769	2497
purN	499	460	496	457
ppk	915	784	873	739
ppx	659	605	641	596
yfgF	110	89	110	88
guaA	2036	1880	1999	1852
guaB	1433	1247	1297	1122
xseA	253	215	238	200
der	1605	1421	1584	1410
yfgL	4217	3794	4205	3777
yfgM	1800	1712	1800	1712
hisS	3265	2891	3337	2948
ispG	1607	1445	1631	1479
yfgA	1339	1118	1278	1061
yfgB	1031	948	1013	928
pbpC	229	195	225	186
sseA	2619	2158	2617	2156
sseB	592	489	575	480
pepB	1578	1384	1532	1337
hscA	1698	1661	1661	1621
iscS	7660	8281	7629	8252
yfhQ	488	388	458	361
suhB	878	721	861	707
yfhR	25	26	24	23
hcaT	299	216	290	211
hcaR	5498	4341	5204	4106
hcaE	43	37	43	37
hcaB	29	29	29	29
yphB	69	65	69	65
yphC	82	56	79	46
yphD	35	31	33	25
yphE	114	98	89	81
yphF	112	93	96	77
yphH	187	160	179	154
glyA	16726	15274	15946	14578
hmp	963	832	956	826
yfhA	444	335	382	289
yfhG	286	262	227	191
yfhK	477	374	463	359
yfhD	184	168	195	174
yfhB	242	200	258	217
yfhH	272	217	272	215
pdxJ	1408	1266	1156	1048
recO	339	352	336	347
era	1106	949	823	734
rnc	691	590	736	615
lepB	1490	1339	1370	1240
lepA	3573	3253	3516	3203
rseB	1648	1264	1647	1263
rseA	7225	5984	7221	5981
yfiC	218	200	208	186
srmB	327	287	308	272
yfiE	125	120	102	102
ung	391	341	366	313
yfiF	737	683	681	627
yfiP	74	49	70	45
yfiQ	3946	3295	3757	3177
pssA	4029	3503	3991	3473
kgtP	4746	4081	4412	3788
clpB	5540	5135	5380	4973
yfiH	179	159	167	144
rluD	561	498	517	462
yfiO	3585	3271	3567	3258
pheA	883	849	832	786
tyrA	1470	1481	1355	1375
aroF	2007	1884	2003	1882
yfiN	107	78	103	75
trmD	16382	15633	16378	15623
ffh	1428	1321	1535	1394
ypjD	348	278	335	271
yfjD	582	470	571	468
yfjB	315	279	314	278
recN	309	271	308	271
gabT	1048	820	901	707
gabP	262	229	228	196
csiR	338	227	327	223
nrdF	106	71	106	71
proV	283	225	278	224
proW	76	92	69	83
proX	248	223	227	191
ygaZ	597	490	596	489
emrA	141	123	140	119
emrB	135	139	123	125
gshA	2255	2150	2186	2088
alaS	11708	11123	11499	10943
recA	3726	3311	3626	3201
mltB	106	91	106	91
srlE	31	34	31	34
srlD	92	93	92	93
srlR	412	347	383	333
gutQ	420	347	387	307
norV	24	17	22	17
norW	17	17	17	17
ascG	419	359	413	356
ascF	35	41	35	38
hycG	64	56	52	37
hycE	21	22	16	17
hycD	8	5	6	4
hycC	12	11	10	9
hycB	2	2	2	1
hypB	126	105	126	103
hypD	121	107	97	75
hypE	100	99	86	90
fhlA	87	84	80	78
mutS	656	589	570	520
ygbI	701	596	698	596
ygbJ	62	35	62	35
ygbK	83	56	73	52
ygbL	28	27	31	30
ygbM	48	34	46	34
ygbN	64	35	64	35
nlpD	40216	35415	40414	35632
pcm	632	533	630	530
surE	570	503	351	331
truD	1164	1052	1158	1044
ispD	468	424	434	400
cysC	1011	867	1008	866
cysN	3931	3748	3531	3352
cysD	1964	1837	1963	1835
iap	230	202	220	195
cysH	2368	2318	1974	1994
cysI	4546	4707	4065	4228
cysJ	2541	2493	2465	2424
ygcQ	38	30	38	30
ygcR	21	22	21	22
ygcS	10	9	10	9
ygcU	99	111	93	104
ygcW	71	59	71	59
yqcE	66	64	61	58
ygcF	473	429	469	426
eno	13729	12550	13705	12519
pyrG	3528	3354	3439	3282
mazG	818	662	762	629
relA	3245	2915	2884	2598
barA	605	521	592	514
gudD	174	153	169	137
gudX	94	81	78	70
gudP	40	45	39	42
truC	181	123	175	117
queF	673	534	663	523
ygdH	1449	1239	1444	1233
sdaC	117	100	115	98
sdaB	112	96	104	90
exo	272	231	271	229
fucO	4493	3809	4489	3807
fucA	887	756	910	779
fucP	153	110	144	100
fucI	418	400	404	393
fucK	277	269	277	269
fucR	2031	1791	2031	1791
ygdE	549	490	549	490
gcvA	284	243	273	231
csdA	237	195	205	170
ygdL	295	279	285	274
mltA	2118	1791	1988	1677
amiC	560	467	510	413
argA	2756	2681	2597	2543
recD	569	517	537	481
ptr	1278	1115	1216	1061
recC	758	617	728	600
thyA	699	658	620	583
lgt	470	386	453	376
ptsP	1402	1164	1400	1163
mutH	257	201	257	201
ygdQ	128	92	124	91
tas	457	477	457	477
ygeD	345	333	345	333
aas	1065	940	1046	919
galR	281	243	280	241
lysA	933	865	922	855
lysR	91	68	86	64
ygeA	284	202	282	199
araE	380	333	357	316
kduD	118	90	117	89
kduI	99	78	94	70
yqeF	6353	5556	6231	5455
yqeG	106	79	102	77
yqeH	47	22	47	22
yqeI	42	21	40	21
ygeH	10	6	10	6
ygeR	657	611	582	558
xdhA	355	347	355	347
xdhB	122	111	122	110
ygeV	2790	2293	2738	2254
ygeW	49	40	49	37
ygeX	58	31	58	31
ygeY	47	41	43	40
hyuA	24	22	24	21
yqeA	99	65	97	65
yqeB	336	297	332	297
yqeC	217	177	217	175
ssnA	33	16	30	13
ygfM	12	28	12	28
xdhD	122	118	122	118
ygfO	36	46	36	44
guaD	201	167	199	165
ygfT	147	170	144	162
ygfU	111	75	101	72
lysS	3967	3484	3734	3239
prfB	2960	2705	2842	2577
recJ	739	633	703	602
dsbC	651	591	646	588
xerD	589	519	550	476
ygfZ	1066	919	1064	914
yqfA	204	179	192	170
bglA	926	885	848	816
ygfF	19	24	17	22
gcvP	1126	986	1066	939
gcvT	907	787	902	783
visC	469	406	446	385
serA	5919	5939	5842	5878
rpiA	1560	1498	1559	1497
argP	514	448	513	448
yliK	58	39	57	39
argK	10	16	10	16
ygfG	19	16	19	16
ygfH	48	49	48	49
ygfI	118	76	117	76
yggE	548	507	545	503
argO	140	122	96	84
mscS	771	688	771	686
fbaA	10477	10134	10132	9808
pgk	8986	8268	8984	8265
epd	1618	1544	1618	1544
yggF	17	13	17	11
cmtA	40	31	37	30
tktA	9907	8983	9481	8632
yggG	2400	2113	2269	1996
speB	471	377	391	317
speA	6825	6755	6082	6073
metK	4886	4353	4698	4185
galP	65	63	65	60
endA	19	22	19	22
yggJ	309	293	308	291
gshB	794	748	793	748
yggS	381	356	361	335
yggW	359	327	347	309
yggM	101	90	99	90
ansB	143	151	143	151
yggN	534	540	529	536
yggH	743	621	744	621
mutY	174	164	167	161
mltC	343	278	337	273
nupG	3086	2437	3080	2436
yqgA	40	34	39	34
yghK	492	401	481	386
glcF	1500	1322	1455	1264
glcD	1253	1135	1243	1129
glcC	2282	1797	2271	1791
ECIAI1_3132	22	21	14	13
yghR	18	8	18	7
yghS	16	17	16	17
yghT	9	9	9	9
pitB	45	27	37	29
gss	642	577	636	570
yghU	1587	1348	1537	1301
hybC	611	628	580	593
hybB	147	156	142	148
hybA	129	146	126	142
hybO	192	188	186	178
yghZ	1932	1691	1873	1632
yghA	21	18	21	18
exbB	2103	1708	2059	1674
metC	1378	1250	1310	1187
yghB	286	246	286	246
yqhC	137	108	135	106
yqhD	462	424	461	423
dkgA	212	170	212	170
yqhG	69	39	69	39
ygiQ	341	309	313	286
sufI	628	496	627	495
plsC	370	263	355	254
parC	1330	1241	1318	1229
qseB	145	128	144	128
parE	1529	1477	1322	1268
cpdA	1837	1479	1791	1447
nudF	451	382	435	367
tolC	2151	2089	1899	1836
ygiC	2848	2715	2492	2316
ygiE	613	526	610	526
ribB	592	554	555	520
yqiJ	43	42	40	39
yqiK	113	75	90	58
rfaE	1489	1356	1194	1106
htrG	815	753	773	738
cca	630	522	587	489
bacA	492	417	448	389
plsY	205	155	205	155
ygiP	33	30	32	30
ttdA	7	6	7	6
ttdB	9	5	9	5
ygjE	24	19	24	17
gcp	417	360	381	326
dnaG	1768	1577	1763	1571
rpoD	5243	4819	5202	4786
yqjH	135	101	133	101
yqjI	112	120	112	119
aer	174	123	156	113
ygjG	107	90	106	89
ebgR	101	76	100	75
ygjI	15	19	15	19
ygjJ	7	3	7	3
ygjK	40	27	38	24
ygjO	125	102	111	96
ygjQ	30	26	26	23
ygjR	756	658	694	608
alx	27	34	30	34
sstT	2654	2279	2408	2089
uxaA	345	333	327	323
uxaC	488	406	473	396
exuT	402	362	359	331
exuR	558	482	491	416
yqjA	373	303	373	303
yqjG	83	79	73	72
yhaJ	501	477	473	450
yhaK	58	45	58	44
yhaM	81	81	78	80
yhaO	54	47	55	46
tdcG	103	73	100	72
tdcE	490	431	486	431
tdcD	141	103	141	103
tdcC	446	342	436	332
tdcB	225	155	223	155
tdcA	185	128	180	122
garK	131	99	118	92
garR	176	146	173	139
garL	42	34	41	34
garP	82	56	79	56
garD	482	404	440	372
agaR	528	443	521	437
kbaZ	88	98	82	93
agaS	22	19	21	18
kbaY	26	18	26	18
agaC	18	13	18	13
agaD	30	22	29	21
agaI	15	19	9	15
yraI	15	13	14	12
yraL	346	315	336	306
yraQ	367	301	364	301
yraR	82	75	78	70
yhbU	43	30	42	29
yhbV	30	26	26	22
yhbW	62	57	56	55
mtr	310	245	232	173
deaD	776	734	693	669
nlpI	5728	4807	5728	4807
pnp	12633	11762	11372	10546
truB	995	1009	788	820
infB	12568	12430	12336	12203
nusA	5342	5182	5305	5142
argG	4183	4073	3918	3786
yhbX	74	64	74	64
glmM	1802	1763	1802	1763
folP	395	406	395	406
ftsH	10765	9667	10548	9479
rrmJ	2357	2069	2355	2066
dacB	156	122	156	120
obgE	1176	1060	1036	951
yhbE	457	363	457	362
ispB	978	903	969	896
murA	2315	2330	2272	2277
yrbC	1229	1153	1226	1149
yrbE	640	560	640	560
yrbF	950	900	937	889
yrbG	338	282	337	281
kdsD	1037	1013	1013	995
lptB	1199	1094	1199	1094
rpoN	4766	4073	4565	3903
yhbJ	981	818	980	818
yrbL	2651	2484	2647	2479
mtgA	662	608	630	569
elbB	1418	1267	1414	1259
arcB	1550	1403	1539	1396
yhcC	20	23	20	23
gltB	2349	2495	2053	2188
gltD	1313	1308	1206	1173
nanE	132	127	145	135
nanT	293	208	238	174
nanA	211	179	211	179
nanR	573	403	531	366
dcuD	68	42	57	39
sspA	2457	2199	2457	2199
degQ	1057	923	1057	922
degS	351	264	346	258
mdh	28976	26620	26332	24177
aaeB	53	51	52	51
aaeA	62	58	62	56
aaeR	93	68	90	65
tldD	944	863	893	802
rng	981	894	920	845
mreC	411	339	449	363
mreB	2280	2270	2218	2189
csrD	1086	973	1084	973
yhdH	1092	1049	1053	1009
accC	7193	7198	6754	6760
panF	172	168	150	151
prmA	408	382	408	382
dusB	4212	3724	4212	3724
yhdJ	81	86	80	85
envR	32	16	32	16
acrE	22	11	20	10
acrF	229	189	228	186
aapQ	64	49	61	48
aapP	106	86	97	75
aroE	475	417	455	397
smf	757	645	741	635
fmt	1003	918	992	905
rsmB	496	449	476	435
trkA	490	456	479	451
rpoA	41803	39530	41798	39522
rpsD	29833	28012	29833	28012
secY	39647	38127	38109	36746
rpsC	24030	24096	24030	24096
rplB	24211	24319	24211	24319
rplD	19199	18662	19199	18662
rplC	24179	24243	24179	24243
tufA	96211	89262	96234	89270
fusA	58585	56492	57809	55796
yheO	991	787	987	787
fkpA	8453	7456	8396	7427
kefB	338	301	318	280
yheS	491	446	482	440
yheT	167	141	153	123
prkB	354	325	347	322
crp	4021	3524	4268	3725
yhfK	634	543	611	531
argD	1745	1601	1695	1550
fic	53	57	52	53
tsgA	58	45	58	45
nirB	77	48	77	46
nirC	24	22	24	22
cysG	634	520	585	487
frlA	17	13	17	13
frlB	11	11	11	11
frlC	28	31	27	31
frlD	34	38	34	38
frlR	145	134	145	134
yhfS	53	38	53	38
yhfT	53	49	47	47
php	21	20	20	20
yhfZ	376	351	312	296
trpS	2175	1973	1971	1814
gph	665	695	656	678
rpe	837	757	818	733
dam	569	511	568	511
aroB	3256	2996	3253	2996
hofQ	94	86	94	86
yrfD	119	107	113	102
mrcA	1121	927	1068	881
igaA	1078	954	1012	909
yrfG	328	289	328	289
hslO	706	679	704	673
pck	30557	27715	26455	24033
envZ	656	510	587	462
ompR	1388	1210	1381	1200
yhgF	1595	1470	1564	1437
feoB	1216	1113	1202	1105
yhgA	51	49	41	41
bioH	209	147	208	147
gntX	218	175	217	174
gntT	2017	1899	1962	1846
malQ	1255	1203	1211	1159
malP	1325	1231	1310	1217
malT	16032	13690	14655	12471
rtcB	62	66	62	64
glpG	405	341	386	328
glpD	81	83	71	66
glgP	7656	6802	7504	6665
glgA	3890	3531	3888	3527
glgC	4335	4263	4315	4243
glgX	3686	3496	3681	3491
glgB	6931	6372	6871	6313
asd	4625	4518	4624	4514
gntU	98	69	91	59
gntR	234	225	207	192
yhhW	168	161	159	152
yhhX	709	619	701	617
yhhZ	6	5	6	5
ggt	70	41	69	41
ugpC	160	161	149	148
ugpE	62	72	59	72
ugpA	44	50	43	49
ugpB	895	753	854	708
livF	902	847	656	601
livG	1056	832	888	723
livM	1682	1459	1507	1305
livH	1850	1687	1685	1536
livK	4774	4384	4384	4017
livJ	16109	14481	15135	13670
rpoH	4340	3933	4207	3793
ftsX	995	844	866	730
ftsE	553	521	538	499
ftsY	2306	1991	2156	1837
yhhN	165	167	156	155
yhhQ	71	63	62	56
yhhS	71	73	71	72
yhhT	70	56	63	55
nikA	32	22	29	21
nikB	13	12	13	12
nikC	13	8	13	7
nikD	10	6	10	6
nikE	10	8	5	6
yhhI	889	558	189	125
yhhJ	1294	1173	1093	1002
rbbA	2006	1796	1875	1704
yhiI	1899	1743	1748	1605
yhiM	62	60	61	60
yhiN	271	214	257	206
pitA	1355	1249	1351	1244
yhiP	47	34	46	33
yhiQ	73	69	61	50
prlC	1028	1003	931	903
yhiR	122	99	111	93
gor	908	795	906	795
arsB	57	42	57	42
yhiD	33	27	33	27
mdtE	18	7	18	7
mdtF	97	87	91	84
gadW	36	28	36	25
gadX	89	66	75	64
gadA	159	140	157	140
yhjA	81	63	81	62
treF	78	75	77	74
yhjB	59	44	58	44
yhjC	70	68	66	68
yhjD	57	51	55	50
yhjE	2219	2001	2028	1816
yhjG	48	66	40	57
yhjH	15	20	9	15
kdgK	289	263	278	254
yhjJ	965	795	887	739
dctA	7155	6717	7144	6703
yhjK	394	352	399	356
bcsC	668	597	639	584
bcsZ	227	184	226	181
bcsB	312	310	310	309
bcsA	425	389	296	268
bcsE	338	255	338	255
bcsG	171	157	164	155
yhjV	179	140	175	139
dppF	624	579	526	497
dppD	839	727	784	673
dppC	681	718	679	717
dppB	879	825	905	842
dppA	16999	15663	15461	14357
eptB	883	662	882	663
yhjX	29	23	24	16
yhjY	76	62	76	61
yiaD	116	77	116	77
tiaE	601	518	594	511
yiaF	2103	1932	1946	1817
glyS	4552	4214	4242	3877
glyQ	1891	1721	1879	1706
yiaH	65	48	65	48
xylB	250	209	229	193
xylA	356	304	328	286
xylF	674	617	643	599
xylG	375	288	371	287
xylH	255	195	249	187
xylR	507	411	523	427
bax	15891	13900	15042	13165
avtA	1216	1063	1160	1015
yiaJ	236	200	233	194
yiaK	96	102	90	89
yiaN	28	32	28	32
yiaO	94	72	80	63
sgbH	64	61	43	42
sgbU	92	78	72	51
sgbE	77	60	64	47
yiaT	30	36	29	36
yiaU	111	84	111	83
yiaV	30	21	28	18
aldB	428	314	421	312
yiaY	52	59	50	57
selB	943	905	863	809
selA	402	351	390	348
yibF	206	173	203	172
yibH	68	56	68	56
mtlA	1701	1312	1655	1280
mtlD	753	659	637	570
lldP	327	264	294	239
lldR	126	93	117	91
lldD	180	169	163	162
cysE	1137	1031	1050	975
gpsA	2357	2234	2066	1976
gpmI	514	467	446	415
envC	600	453	528	394
yibQ	238	207	225	198
yibD	78	38	75	37
tdh	437	357	283	243
kbl	553	472	522	445
waaD	991	854	875	760
waaF	809	712	806	712
kdtA	591	493	561	472
mutM	190	144	187	144
yicR	813	696	959	847
dfp	414	398	408	388
pyrE	337	300	259	236
yicC	938	865	853	780
yicG	14	5	11	4
ligB	89	73	86	72
gmk	735	637	735	637
spoT	1841	1600	1762	1547
trmH	285	278	285	278
gltS	335	268	316	257
yicE	605	523	605	523
yicH	1059	888	1028	869
yicI	113	93	108	91
yicJ	58	37	58	37
setC	21	11	21	11
yicL	331	259	331	259
nlpA	984	944	983	943
yicM	34	20	28	17
uhpT	115	81	115	79
uhpC	39	39	39	39
uhpB	105	63	98	61
ilvB	2187	2505	1837	2041
emrD	26	12	26	12
yidJ	128	101	106	86
yidK	46	30	46	30
yidL	120	109	107	100
yidP	26	18	25	16
yidE	1639	1436	1637	1431
yidR	336	276	268	230
cbrA	32	33	27	27
dgoT	89	51	85	49
dgoD	168	132	146	112
dgoA	59	57	58	56
dgoR	308	319	290	298
yidX	167	92	167	92
yidA	220	170	196	151
gyrB	2625	2513	2516	2391
recF	198	173	193	166
dnaN	854	699	834	682
dnaA	1546	1346	1534	1338
yidC	4049	3768	4033	3746
trmE	427	374	395	331
tnaA	1184	993	1130	939
tnaB	109	95	97	86
mdtL	21	17	19	16
yidZ	119	77	110	65
yieE	408	330	406	328
yieH	248	186	241	182
yieK	35	32	31	30
yieL	45	37	44	35
bglH	22	26	23	26
bglB	18	17	18	14
bglG	30	19	29	19
phoU	977	886	940	862
pstB	819	682	818	681
pstA	211	169	196	151
pstC	245	185	245	185
pstS	760	667	760	667
glmS	2860	2647	2305	2148
glmU	2669	2443	2353	2166
atpD	26002	24286	25689	24027
atpG	15487	14304	15487	14304
atpA	39671	37096	39671	37096
atpB	15310	14055	15298	14043
gidB	247	214	247	214
gidA	1094	1017	1087	1011
asnA	786	691	701	605
yieM	244	197	244	197
ravA	225	229	201	213
trkD	332	263	323	256
rbsA	414	358	407	350
rbsC	586	411	582	410
rbsB	9857	7878	9736	7771
rbsK	1659	1493	1652	1482
rbsR	484	390	482	390
hsrA	119	90	118	89
yieP	170	149	156	142
hdfR	313	289	313	289
yifB	67	54	64	52
ilvE	6079	6109	5767	5775
ilvD	6268	5972	5523	5326
ilvA	3408	3150	2542	2391
ilvY	132	124	99	90
ilvC	8549	8392	6877	6753
rep	560	463	487	398
gpp	1002	885	993	873
rhlB	2006	1733	1985	1705
rho	2606	2270	2502	2207
rfe	972	826	992	838
wzzE	786	664	781	659
rffE	430	378	419	368
rffD	475	379	455	365
rffG	409	362	399	353
rffH	282	265	266	259
rffC	141	131	135	124
rffA	348	306	348	306
wzxE	258	225	247	211
rffT	216	185	202	176
wzyE	136	149	132	147
rffM	173	151	159	131
yifK	597	578	589	577
hemY	2186	1892	1998	1763
hemX	2366	2165	2179	2005
hemD	632	577	624	570
hemC	820	749	752	695
cyaA	1208	1080	1162	1040
dapF	705	572	705	572
yigA	462	365	436	349
xerC	452	409	442	403
yigB	249	274	249	273
uvrD	652	557	565	487
yigE	57	44	56	44
corA	1183	1059	1172	1046
rarD	114	113	102	102
pldA	842	711	810	681
recQ	605	527	531	478
rhtC	453	350	404	310
rhtB	285	240	244	212
pldB	389	311	562	451
yigL	196	179	186	168
yigM	151	110	144	104
metR	592	457	518	410
ysgA	3022	2750	2795	2563
udp	4260	3815	4232	3776
rmuC	676	567	658	557
ubiE	1179	1119	1179	1119
yigP	779	649	456	385
ubiB	1075	1007	1074	1007
tatC	744	646	744	646
tatD	204	141	204	141
ubiD	2652	2179	2552	2091
fre	1476	1271	1447	1239
fadA	2276	1971	2215	1933
fadB	6971	6022	6744	5784
pepQ	3311	3112	2991	2820
yigZ	388	390	382	375
trkH	544	455	533	439
yihE	924	871	908	852
dsbA	2466	2219	2462	2205
yihG	91	66	80	61
polA	2405	2134	2402	2130
hemN	977	795	977	795
glnG	312	271	312	271
glnL	206	175	206	175
glnA	4268	4189	4170	4113
bipA	4874	4531	4832	4488
yihL	107	85	91	73
yihM	187	181	187	181
yihN	94	111	92	108
ompL	3	5	1	5
yihO	24	16	24	16
yihP	53	37	47	31
yihQ	89	80	89	80
yihS	172	161	172	161
yihT	90	106	90	106
yihU	41	34	40	33
yihV	111	86	111	86
yihW	516	416	516	416
rbn	518	459	499	441
yiiD	816	755	756	688
fdhE	611	527	530	458
fdoI	269	269	269	268
fdoH	504	441	497	432
fdoG	3740	3451	3631	3353
fdhD	298	257	294	254
frvB	11	17	10	17
rhaD	16	18	11	12
rhaA	15	8	16	7
rhaS	257	189	262	196
rhaR	286	200	282	196
sodA	19138	14676	19121	14671
kdgT	126	106	126	106
yiiM	303	254	295	248
cpxA	1603	1405	1572	1368
cpxR	1636	1375	1636	1375
fieF	573	525	572	525
pfkA	1569	1384	1559	1374
sbp	427	473	401	436
cdh	113	117	95	102
tpiA	5094	4892	4567	4345
fpr	674	517	612	473
glpX	195	159	195	159
glpK	1685	1390	1600	1319
glpF	490	355	490	355
menA	303	302	301	302
hslU	1718	1775	1713	1762
ftsN	657	561	632	536
cytR	447	391	437	386
yiiX	127	116	71	71
metB	1344	1168	1332	1164
metL	1768	1537	1673	1454
metF	3173	2722	2897	2475
katG	8468	7404	7563	6658
yijE	96	76	83	72
yijF	19	10	17	8
gldA	348	338	317	322
fsaB	52	63	43	50
ptsA	75	69	58	54
frwC	98	76	98	76
pflD	135	116	127	108
pflC	46	54	41	51
yijO	53	28	48	25
yijP	943	884	863	795
ppc	2301	2123	2263	2078
argE	802	748	783	732
argC	1225	1076	1222	1076
argB	876	916	876	916
argH	1744	1617	1723	1593
oxyR	1288	1168	1253	1151
sthA	3528	2967	3419	2884
fabR	1808	1534	1803	1530
trmA	554	474	521	444
btuB	1435	1257	1435	1252
murI	279	269	251	244
murB	1064	964	1010	902
birA	550	471	516	433
coaA	990	868	982	862
tufB	98636	91204	98578	91153
rplA	15297	15336	15297	15336
rpoB	34632	31699	34616	31692
rpoC	38008	35815	37621	35454
thiH	2552	2018	2299	1823
thiG	1904	1456	1874	1419
thiF	2112	1613	2105	1603
thiE	1847	1436	1843	1433
thiC	7550	5897	7539	5887
nudC	250	220	250	220
hemE	581	547	579	547
nfi	259	215	259	215
yjaH	762	568	684	510
zraR	340	328	332	323
purD	868	775	842	750
purH	790	677	719	624
metA	3606	3032	3481	2929
aceA	3848	3644	3624	3440
aceK	503	473	518	489
iclR	269	238	259	232
metH	6322	5731	5852	5350
yjbB	340	246	324	237
pepE	1278	1107	1277	1105
yjbC	711	601	600	484
lysC	2275	2146	2219	2100
pgi	3449	3069	3224	2887
yjbF	3	8	2	8
yjbG	9	1	9	1
yjbH	33	22	30	21
xylE	52	32	50	30
malG	839	731	830	715
malF	1919	1700	1886	1688
malE	12946	11690	12405	11197
malK	3337	3035	3302	3000
malM	2134	1824	2127	1819
ubiA	647	538	622	521
plsB	2009	1882	1937	1808
lexA	863	783	859	780
dinF	118	120	113	110
yjbM	6	4	6	4
yjbN	467	477	507	507
qor	587	520	569	504
dnaB	678	620	597	550
alr	301	266	291	256
tyrB	2642	2269	2636	2264
aphA	1013	879	980	859
uvrA	630	632	533	530
yjcC	61	59	61	59
yjcE	674	619	654	604
actP	7858	6913	7115	6235
acs	22400	21202	22015	20845
nrfA	64	59	64	58
nrfC	14	10	13	8
nrfD	22	19	22	19
gltP	79	72	75	70
yjcO	874	810	840	778
fdhF	173	136	171	134
yjcQ	40	26	36	25
yjcR	19	10	17	8
phnL	0	1	0	0
phnK	18	20	18	20
phnJ	9	4	8	3
phnI	0	5	0	3
phnF	3	1	2	1
phnD	7	2	4	1
phnC	9	4	7	4
yjcZ	17	12	17	12
proP	284	285	282	278
basS	414	343	381	297
basR	420	340	390	317
eptA	456	436	434	417
adiC	17	12	17	12
adiY	13	12	13	12
adiA	36	31	35	30
melR	306	228	306	228
melA	320	297	315	295
melB	172	123	170	123
yjdF	108	85	105	80
fumB	500	471	500	471
dcuB	61	36	61	36
dcuR	793	689	749	639
dcuS	889	776	833	737
lysU	539	492	519	470
yjdL	33	27	33	25
cadA	97	78	97	77
cadB	15	7	14	7
cadC	58	52	58	51
dipZ	457	417	432	407
dcuA	2483	2175	2478	2169
aspA	20727	16754	20693	16722
yjeH	175	139	164	135
groL	30232	28015	29080	26969
yjeJ	151	134	149	133
yjeK	267	268	224	226
frdB	1205	1085	1198	1080
frdA	3142	2968	3121	2947
poxA	135	124	135	124
yjeP	755	693	679	656
psd	859	726	856	726
rsgA	958	809	956	806
yjeS	110	98	106	96
yjeF	201	201	194	195
amiB	509	464	475	438
mutL	867	769	842	749
miaA	5344	4757	5343	4753
hflX	4244	3358	4232	3341
hflK	4728	4521	4724	4519
hflC	4173	3899	4166	3894
purA	5639	5159	5616	5140
rnr	4018	3628	3926	3555
rlmB	603	577	573	537
yjfJ	44	38	42	36
yjfK	11	17	9	15
yjfC	69	63	61	52
aidB	136	116	129	111
yjfP	167	156	165	148
ulaR	262	198	253	195
ulaG	58	42	50	36
ulaA	59	53	52	45
ulaD	93	64	92	63
ulaE	79	88	60	68
ulaF	47	36	36	24
ytfB	659	562	602	518
fklB	552	525	551	525
cycA	6804	5754	6431	5462
ytfE	140	93	136	83
ytfF	58	54	52	47
ytfG	48	32	46	32
cpdB	2779	2370	2398	1991
cysQ	559	464	561	457
ytfL	245	211	243	207
msrA	211	167	210	166
ytfM	417	358	394	346
ytfQ	971	777	725	566
ytfT	70	48	60	41
yjfF	79	80	65	68
fbp	1108	1080	1104	1073
mpl	1493	1250	1343	1124
pmbA	726	604	704	583
nrdD	202	183	183	168
treC	112	137	110	135
treB	145	122	136	118
treR	192	186	180	177
mgtA	1980	1696	1926	1658
pyrB	231	228	231	228
yjgI	20	18	20	18
argI	858	802	666	626
valS	5487	5189	5057	4789
pepA	3791	3474	3505	3232
yjgP	986	806	981	801
yjgQ	914	768	839	701
yjgB	48	35	40	29
yjhT	243	167	224	155
yjhA	99	100	99	100
fimB	237	206	237	206
fimC	665	768	647	751
fimH	321	310	303	287
gntP	209	148	207	148
uxuA	509	427	481	402
uxuB	599	525	583	515
uxuR	358	306	340	292
yjiE	133	115	133	114
iadA	365	347	347	328
yjiH	13	10	13	10
yjiK	105	68	72	49
hgdC	73	66	65	61
yjiM	202	229	193	223
yjiN	74	55	59	45
yjiY	814	746	656	629
tsr	107	84	99	81
mdoB	1881	1478	1816	1422
dnaC	200	184	198	183
yjjP	74	55	70	53
yjjQ	13	15	11	14
bglJ	54	26	54	24
rsmC	312	263	307	260
yjjG	161	144	139	120
prfC	826	770	720	669
osmY	45	39	43	39
yjjU	235	196	232	195
yjjW	20	24	16	21
yjjI	40	25	40	25
deoC	298	289	283	276
deoA	726	595	689	564
deoB	1480	1299	1334	1177
deoD	1316	1206	1123	1023
ytjB	228	206	223	202
serB	688	619	665	596
radA	869	818	774	742
nadR	978	853	688	617
slt	986	833	949	792
ytjC	1138	953	1123	933
rob	1283	1066	1196	1003
creB	517	420	411	330
creC	241	231	219	217
arcA	4677	3951	4532	3863
yjtD	138	155	133	145
