	K12_IAI1ref_starvation1	K12_IAI1ref_starvation2	K12_chemostat1	K12_chemostat2
thrA	120	173	19203	11206
thrB	141	159	6026	3377
thrC	152	180	9930	5701
yaaA	16	15	593	357
yaaJ	25	21	116	67
talB	184	180	7185	4166
htpY	10	10	43	21
dnaK	2576	2710	30091	19089
dnaJ	383	451	4609	2820
nhaA	478	624	838	438
nhaR	27	33	343	205
ribF	55	61	2654	1478
ileS	143	182	9661	5544
ispH	14	20	1456	850
rihC	7	9	311	147
dapB	29	40	2292	1178
carA	11	20	5545	2739
carB	52	57	12812	6571
caiD	1	1	14	10
caiB	6	3	61	34
caiA	17	22	175	99
caiT	0	1	17	11
fixA	1	0	15	11
fixB	1	0	18	13
fixC	1	1	61	29
yaaU	1	2	40	21
kefC	19	12	384	191
apaH	27	39	475	257
ksgA	187	181	1310	708
surA	508	567	5295	2968
imp	1096	1145	8035	4679
djlA	11	13	669	302
rluA	27	34	214	141
hepA	45	45	976	622
polB	22	23	303	146
araD	10	8	26	11
araA	63	57	114	68
araC	248	316	1453	622
yabI	89	93	521	231
thiQ	5	4	222	126
tbpA	4	7	497	311
setA	26	31	487	270
leuD	78	79	5847	3469
leuC	78	70	8864	5137
leuB	69	68	6644	4128
leuA	70	64	10466	6214
leuO	13	18	127	79
ilvI	28	34	4993	2857
fruR	207	231	2730	1365
mraW	71	99	1753	934
ftsI	42	59	1720	930
murE	40	39	1855	1032
murF	27	23	1498	788
mraY	32	22	895	483
murD	14	23	1820	971
ftsW	25	34	1527	805
murG	24	18	1333	687
murC	25	29	1865	946
ddlB	110	123	2058	1084
ftsQ	172	162	2203	1144
ftsA	187	223	5713	2915
ftsZ	380	406	13743	7141
lpxC	4486	5390	15302	8233
secA	199	215	6711	3733
yacF	28	21	476	324
coaE	32	39	474	269
guaC	13	17	1298	924
hofC	5	5	106	58
hofB	3	3	98	59
nadC	11	14	316	236
ampE	53	37	470	270
aroP	151	146	6551	3777
pdhR	31	32	712	390
aceE	430	494	30260	15805
aceF	339	419	16526	8721
lpd	603	696	41154	22474
acnB	554	722	32808	18695
speD	49	61	2432	1549
speE	32	38	3044	1801
cueO	18	19	553	319
gcd	108	105	710	551
can	42	41	6403	3882
yadG	26	29	1102	623
yadH	35	32	652	375
yadD	9	17	690	348
panC	44	56	2904	1665
yadL	0	3	49	30
ecpD	0	0	9	6
pcnB	16	20	1829	1148
yadB	13	7	436	277
sfsA	1564	1589	3096	1506
mrcB	34	48	1926	972
fhuA	283	335	5884	2938
fhuC	16	16	417	231
fhuD	0	2	283	148
hemL	193	244	2374	1479
clcA	122	138	954	494
yadS	6	7	262	119
btuF	2	3	239	138
pfs	121	104	1807	1049
dgt	11	21	1050	631
degP	202	205	5758	3284
cdaR	39	56	877	379
dapD	90	105	8433	4652
glnD	29	23	942	570
map	120	125	2989	1936
rpsB	438	576	36719	19323
tsf	166	218	21794	11724
pyrH	58	75	3921	2072
dxr	40	63	776	391
ispU	44	45	4412	2201
cdsA	69	73	1712	992
yaeL	141	150	6949	3504
yaeT	202	253	18922	9932
lpxD	144	177	7188	4251
lpxA	102	121	3355	1931
lpxB	12	27	1747	946
dnaE	61	45	3223	1855
accA	63	73	3406	1851
ldcC	120	129	637	423
nlpE	43	41	592	275
proS	144	145	6045	3606
yaeB	9	13	98	72
metQ	75	59	12369	6376
metI	28	26	2535	1342
metN	14	25	2377	1359
dkgB	9	13	586	304
yafC	46	38	433	264
yafD	238	198	1154	599
mltD	111	146	17179	9601
gloB	68	51	1052	490
yafS	25	29	493	269
dnaQ	92	85	1085	608
yafT	0	0	7	6
yafV	48	53	341	211
fadE	1796	1959	2657	1154
yafJ	10	11	730	405
yafK	23	21	1714	954
dinB	49	54	187	116
pepD	135	157	5823	3386
frsA	45	32	489	295
phoE	2	1	32	26
proB	41	49	1983	1133
proA	137	138	2781	1704
yagR	14	15	55	29
yagS	2	2	12	11
yagT	3	3	11	10
yagU	26	42	456	257
yagV	4	3	47	20
yagW	11	8	115	87
yagX	9	13	92	48
yagY	1	1	17	13
insF	9	15	2236	1502
ykgC	30	34	244	127
ykgD	8	6	116	54
ykgE	13	16	331	131
ykgF	28	18	624	197
ykgG	7	8	326	153
betA	1	4	321	177
betT	100	104	540	298
yahB	18	9	247	106
yahD	9	10	103	53
yahG	2	1	35	19
yahI	0	2	26	20
yahJ	10	9	269	181
yahK	58	57	1664	799
yahN	29	21	46	31
prpR	80	121	358	156
prpB	100	250	415	45
prpC	10	49	289	52
prpD	26	47	350	58
prpE	22	65	528	89
codB	5	9	3069	1856
codA	19	27	5053	2710
cynT	4	1	37	17
cynX	1	0	25	21
lacY	13	9	62	29
lacI	117	137	894	324
mhpR	513	615	2401	695
mhpB	0	1	30	17
mhpC	1	2	55	41
mhpD	1	1	47	42
mhpF	3	5	69	35
mhpE	6	5	101	46
mhpT	14	19	101	54
frmA	25	27	867	559
yaiO	38	36	44	24
yaiP	12	12	45	24
tauA	2	3	71	35
tauB	0	1	50	25
tauD	5	2	53	31
hemB	19	5	1393	881
yaiV	1	1	33	15
ampH	9	16	583	312
sbmA	27	53	435	265
yaiW	31	40	611	331
ddlA	81	70	1366	754
phoA	17	17	496	267
yaiC	7	19	35	22
proC	11	13	428	204
aroM	14	21	419	208
rdgC	19	24	1278	726
mak	101	113	723	362
araJ	23	17	158	88
sbcD	7	9	291	163
phoB	18	16	250	196
phoR	5	9	198	129
brnQ	272	310	364	211
proY	14	26	368	222
malZ	16	15	497	289
queA	2	2	344	221
tgt	47	36	6108	2824
secD	115	121	9276	4972
secF	177	187	4193	2338
tsx	122	110	5219	2515
ribD	37	56	965	594
thiL	5	9	516	291
yajO	929	924	1877	885
dxs	35	49	2718	1379
ispA	12	15	1205	600
thiI	33	44	802	513
panE	102	110	474	274
yajR	9	14	382	219
cyoE	142	156	7546	3825
cyoC	57	88	5686	2861
cyoB	251	258	24833	12601
cyoA	190	196	16821	9026
ampG	2	1	389	232
tig	189	208	29156	15467
clpP	241	282	3201	1839
clpX	1187	1319	7784	4553
lon	225	245	8660	5513
ppiD	141	173	9069	4773
queC	26	16	1167	624
ybaE	66	82	355	148
cof	26	21	174	117
mdlA	17	19	297	162
mdlB	2	5	246	157
amtB	10	10	213	104
tesB	20	20	412	184
ylaB	57	81	361	186
acrB	173	237	8682	4971
acrA	73	80	5706	3290
acrR	17	25	679	414
kefA	30	35	1799	980
dnaX	33	35	1801	903
recR	30	36	1192	691
htpG	305	348	7078	4813
adk	26	36	6181	3307
hemH	97	113	303	160
aes	23	20	198	59
gsk	12	6	752	482
ybaL	139	134	1319	752
fsr	8	8	308	189
ushA	173	161	2317	1209
ybaP	8	5	196	106
copA	78	97	1015	539
ybaS	20	27	75	45
ybaT	20	28	58	64
ybbK	801	776	547	326
ybbL	9	10	369	208
ybbM	10	13	272	169
ybbN	49	59	1825	1090
ybbO	9	9	288	174
tesA	34	40	486	259
ybbA	33	26	220	114
ybbP	26	22	432	254
ybbB	10	9	213	98
ybbS	0	1	8	5
allR	1908	2352	1602	912
gcl	30	30	81	41
hyi	4	3	24	10
glxR	3	1	25	20
ybbW	12	9	13	13
allB	22	36	166	92
ybbY	4	3	33	21
glxK	10	12	100	44
ylbA	2	6	367	231
allC	5	8	202	117
allD	1	1	24	17
ylbE	2	1	34	17
ylbF	1	1	14	13
ybcF	2	3	46	31
purK	2	8	1725	927
lpxH	4	4	592	379
cysS	32	34	1750	1086
folD	21	14	752	518
sfmC	0	0	14	0
sfmH	2	0	11	9
fimZ	2	0	11	16
envY	3	1	35	41
ybcH	5	3	60	39
nfrB	23	19	165	79
cusR	2	8	151	70
cusC	3	1	915	460
cusB	3	0	34	16
cusA	5	9	91	56
pheP	7	9	410	236
ybdG	17	21	573	372
nfnB	11	18	930	533
ybdK	301	294	167	117
fepA	23	28	1848	791
fepC	1	1	184	106
fepG	3	6	120	47
fepD	8	14	81	48
ybdA	4	8	245	106
fepB	5	12	258	134
entC	13	20	542	255
entE	32	31	725	330
entB	18	22	697	284
entA	11	17	439	180
cstA	9899	10389	32937	12211
ybdH	147	155	1888	834
ybdL	5	16	583	340
ibrB	3	3	93	51
ibrA	2	3	38	17
ybdO	5	1	32	16
dsbG	26	28	350	185
ahpF	73	84	3766	2094
ybdR	16	21	287	119
rna	77	68	424	262
citT	2	3	35	27
citG	6	1	19	13
citF	1	2	8	4
citE	2	1	16	12
citC	0	1	20	12
citA	7	8	327	186
citB	4	3	128	81
dcuC	9	9	62	31
lipA	193	223	2849	1558
ybeF	5	10	126	76
lipB	2	4	436	258
dacA	13	10	1671	1127
rlpA	38	43	1946	1054
mrdB	14	16	969	485
mrdA	15	10	1120	656
phpB	7	5	102	53
nadD	3	9	251	170
holA	14	18	880	533
leuS	424	441	9905	5540
ybeQ	125	162	201	137
ybeU	0	0	18	8
hscC	8	8	156	67
rihA	31	28	2407	1034
gltL	12	5	1136	533
gltK	8	14	621	316
gltJ	6	7	622	277
gltI	307	313	7493	3923
ybeX	603	687	3644	2062
ybeZ	812	807	3195	1880
miaB	63	81	1692	979
asnB	66	55	2706	1544
nagD	12	15	897	512
nagC	44	66	1029	570
nagA	121	123	1182	625
nagB	109	120	740	418
nagE	484	510	3857	1835
glnS	51	44	4741	2884
ybfM	6	7	140	53
ybfF	8	8	302	184
pgm	142	198	5697	3065
potE	29	43	160	80
kdpE	42	50	85	42
kdpD	263	306	461	225
kdpB	2	3	116	54
ybgH	9	6	254	97
ybgI	125	93	2476	1331
ybgJ	61	61	1298	662
ybgK	63	62	1345	718
nei	2	3	188	101
abrB	5	4	45	34
gltA	986	1121	21985	13146
sdhA	241	314	18132	8745
sdhB	129	162	9537	4529
sucA	380	433	24432	13095
sucB	212	264	13412	7584
sucC	241	369	25587	14242
sucD	232	293	19705	12029
mngR	10	11	362	207
mngA	2	2	19	17
cydA	569	650	5126	2736
cydB	468	547	3531	1777
tolQ	13	15	1242	669
tolA	103	123	2391	1163
tolB	268	296	9230	5221
ybgF	86	99	5304	3035
nadA	79	77	4009	2125
pnuC	145	143	1618	877
zitB	66	61	442	224
aroG	41	61	4413	3194
gpmA	996	1064	15851	8205
galM	51	64	2712	1516
galK	52	79	2942	1494
galT	41	53	741	356
galE	126	148	864	504
modF	26	37	1704	963
modE	8	17	462	267
modA	28	41	2801	1532
modB	13	20	1234	635
modC	21	24	1900	1068
ybhA	8	10	525	273
pgl	51	68	1052	606
ybhD	1	2	61	30
ybhH	0	0	9	5
ybhI	131	132	815	419
ybhJ	4	5	122	67
ybhC	30	25	2364	1369
bioB	25	20	2040	1178
bioC	3	4	434	242
bioD	3	3	497	324
uvrB	230	236	1519	886
ybhK	13	8	837	428
moaA	91	90	1588	948
ybhL	1682	1730	939	626
ybhN	15	12	73	54
ybhO	40	41	181	137
ybhP	42	31	213	124
ybhR	10	14	146	77
ybhS	4	11	107	56
ybhF	19	37	372	191
ybhG	36	38	392	235
ybiH	14	14	128	101
rhlE	3	1	94	49
dinG	39	45	351	181
ybiB	128	132	809	454
ybiC	124	129	4740	2795
ybiX	9	18	154	91
fiu	9	9	552	283
ybiN	7	6	281	173
ybiO	38	46	196	117
glnQ	39	63	3067	1560
glnP	95	109	2779	1419
glnH	618	624	12063	6068
rhtA	10	8	101	47
ybiR	31	36	423	245
ybiS	73	98	1622	1144
ybiT	44	52	2708	1543
ybiU	7	11	162	107
ybiV	16	9	378	280
ybiW	7	12	147	67
ybiY	3	0	30	10
fsaA	9	6	110	73
moeB	10	10	440	244
moeA	36	41	729	389
iaaA	125	131	4159	1754
yliA	50	58	2802	1277
yliB	36	42	2372	1283
yliC	8	8	704	354
yliD	2	10	448	245
yliE	1	3	295	198
yliF	1	0	133	70
yliG	2	1	513	362
yliI	47	42	185	110
yliJ	36	43	2227	1348
dacC	600	568	2931	1516
deoR	19	16	620	344
cmr	227	217	224	145
ybjI	12	16	456	264
ybjJ	11	10	172	117
ybjL	64	56	532	345
nfsA	14	16	703	413
rimK	7	16	478	256
potF	213	200	2267	1224
potG	31	28	677	424
potH	17	20	311	165
potI	21	28	243	131
rumB	2	1	275	136
artJ	14	11	4520	2128
artM	11	23	840	422
artQ	20	27	720	380
artI	193	228	2431	1210
artP	102	137	1116	623
ybjR	327	310	544	316
ybjS	33	37	351	176
ybjT	15	17	721	409
ltaE	52	50	1179	655
poxB	119	110	1288	839
hcr	2	2	31	17
hcp	1	1	27	15
ybjE	4	7	64	54
aqpZ	45	47	126	73
ybjD	86	100	989	573
ybjX	63	65	2703	1847
macA	37	37	729	352
macB	89	183	739	396
clpA	3380	3574	21009	11675
aat	4	10	131	97
cydC	15	10	800	526
cydD	10	19	884	504
trxB	35	38	4538	2601
lolA	58	75	1242	718
ycaJ	12	14	539	316
serS	321	355	3290	2023
dmsA	12	13	128	86
dmsB	5	3	40	32
dmsC	13	13	107	57
ycaC	35	32	654	394
ycaD	13	24	212	128
ycaM	18	18	112	71
ycaN	3	3	95	80
pflA	181	164	418	283
pflB	2027	2234	33768	18345
focA	219	222	2323	1250
ycaO	14	23	1027	625
ycaP	58	72	367	183
serC	74	135	8434	5561
aroA	26	36	4675	3050
ycaL	33	38	70	42
cmk	229	295	6808	3907
rpsA	3873	4051	90301	49871
msbA	34	33	2421	1504
lpxK	21	21	383	205
kdsB	53	52	1208	721
ycbJ	104	135	347	152
smtA	11	13	1419	641
mukF	17	20	1948	1043
mukE	7	10	1228	703
mukB	55	58	7031	3760
ycbB	2484	2524	1014	565
ycbL	48	41	3089	1542
aspC	83	96	7070	4479
ompF	1730	1878	605735	266540
asnS	164	213	7270	4297
pncB	43	29	2315	1591
pepN	321	339	5590	2962
ssuC	1	0	21	8
ssuA	3	0	30	21
ycbR	2	8	21	7
ycbT	4	10	126	53
ycbF	4	2	100	59
pyrD	3	4	532	371
ycbX	6	7	829	497
ycbY	26	27	1634	862
uup	109	113	2638	1419
pqiA	55	64	463	262
pqiB	72	90	964	464
ycbZ	504	552	1998	1119
yccR	52	56	456	252
yccS	29	30	656	399
helD	130	139	1745	1001
yccT	15	13	50	25
yccW	315	321	841	529
yccA	445	416	4964	3346
hyaA	9	8	20	12
hyaB	8	9	26	18
hyaC	5	3	20	7
hyaF	3	0	28	12
appC	11	16	121	69
appB	3	3	63	40
appA	6	7	128	72
yccC	39	60	417	222
yccZ	6	3	81	42
ymcA	0	1	91	45
ymcB	0	0	14	4
ymcC	4	3	25	14
yccM	2	3	47	21
torR	5	8	250	106
torC	3	4	52	25
torA	6	13	151	88
cbpA	156	150	647	412
agp	3300	3320	5974	2414
rutG	17	9	118	54
rutD	0	1	7	1
rutB	1	1	7	5
rutA	5	0	12	4
rutR	39	35	294	176
putP	1197	1275	4979	1729
efeO	2	7	1044	492
efeB	5	10	615	283
phoH	2120	2518	2008	1017
ycdW	25	27	1691	932
ycdX	25	35	1613	803
csgG	4	12	159	122
csgD	16	11	260	147
ymdC	78	83	605	369
mdoC	13	9	257	134
mdoG	79	95	3496	2045
mdoH	74	75	2592	1539
mdtG	3	6	61	43
lpxL	26	29	175	133
yceA	14	8	1979	1141
solA	19	18	1027	632
pyrC	7	6	1226	678
grxB	63	75	838	450
mdtH	3	2	29	22
yceH	181	159	939	530
mviM	196	182	798	432
mviN	3	15	402	212
flgA	44	45	6326	3474
flgD	76	90	15489	8531
flgF	40	53	9522	5293
flgG	47	44	10614	5603
flgH	11	20	4009	2191
flgI	12	19	4120	2283
flgJ	11	11	2834	1579
flgK	181	213	29946	15519
flgL	159	157	27821	14532
rluC	18	28	1524	822
plsX	92	97	4133	2202
fabH	173	167	5366	2836
fabD	120	161	7908	4227
fabG	765	892	15880	8337
fabF	280	387	7768	4357
pabC	12	9	479	271
yceG	13	11	424	223
tmk	14	9	325	169
holB	9	4	332	184
ycfH	293	263	706	386
ptsG	368	455	40464	19861
fhuE	9	19	463	224
ycfM	37	52	1032	586
ycfN	24	22	625	290
nagZ	127	115	1629	895
ndh	40	33	882	549
ycfQ	60	59	1002	556
ycfS	18	11	522	273
mfd	30	35	2734	1622
lolC	5	7	717	390
lolD	3	6	389	256
lolE	167	173	1589	787
ycfX	119	130	1169	553
cobB	45	46	1158	579
potD	55	61	7904	3979
potC	13	15	1233	658
potB	12	6	404	283
potA	15	17	697	493
pepT	253	293	2025	1193
ycfD	204	211	1589	852
phoQ	45	61	1839	1022
phoP	115	126	2218	1375
purB	12	18	935	641
hflD	8	8	350	172
trmU	14	18	1370	788
ymfC	4	3	137	98
icd	1196	1314	109539	59606
ycgE	71	55	1146	582
ycgF	20	18	494	280
ycgG	16	8	46	28
minD	89	100	4925	2647
minC	47	63	1817	903
ycgM	32	47	976	560
umuC	16	18	131	71
nhaB	9	7	387	234
fadR	125	105	1020	485
ycgB	5086	5825	999	625
dadA	1526	1729	2135	869
dadX	408	492	1220	521
cvrA	20	27	1111	616
emtA	113	103	1108	610
ycgR	26	39	6182	3563
treA	162	164	430	242
dhaH	40	43	865	486
dhaL	16	15	553	294
dhaK	50	35	1051	523
dhaR	15	11	424	267
ychF	56	58	3352	2046
ychM	286	382	261	143
prsA	31	37	3540	2183
ispE	20	17	1287	749
lolB	17	16	819	513
hemA	20	31	990	590
prfA	9	11	831	527
prmC	1	7	250	121
ychA	32	34	1413	746
kdsA	88	91	3650	2092
chaA	24	26	987	670
chaC	124	109	501	244
ychP	10	15	299	179
narL	5	2	374	257
narX	37	40	390	272
narK	35	28	43	13
narG	17	15	198	84
narH	2	6	109	60
narJ	4	2	47	20
narI	3	9	49	27
purU	39	36	2332	1315
rssA	190	191	1310	632
rssB	383	379	752	456
galU	314	425	2992	1858
tdk	8	8	733	416
adhE	2050	2003	9227	5943
ychE	3	5	175	92
oppA	755	770	90652	47682
oppB	57	65	11042	5701
oppC	73	87	10238	5214
oppD	77	76	10245	5249
oppF	95	87	10204	4882
cls	96	97	1923	987
kch	7	7	315	194
tonB	34	28	1204	610
yciC	102	130	723	427
ompW	41	42	1343	621
trpA	22	17	1647	978
trpB	43	47	3174	1993
trpD	14	14	1524	902
trpE	2	3	554	342
yciV	45	59	805	485
yciO	75	105	746	446
rluB	20	18	1315	802
yciK	15	21	885	496
sohB	99	117	2691	1559
topA	208	226	9134	5232
cysB	60	86	1396	808
acnA	1650	1837	8151	4597
pgpB	53	53	521	274
yciM	58	59	1498	759
pyrF	11	9	1146	697
deoT	16	16	581	338
gmr	641	659	768	403
rnb	31	36	4588	2642
fabI	255	295	8328	4924
sapF	34	30	176	96
sapD	90	96	330	209
sapC	58	59	146	88
sapB	107	103	183	121
sapA	196	223	378	250
puuP	21	24	336	207
puuA	162	152	1934	1138
puuD	424	384	1466	814
puuB	22	21	191	176
puuE	15	21	202	178
pspF	9	14	268	159
pspA	301	278	1867	874
ycjM	1	0	66	27
ycjN	0	0	17	11
ycjO	2	1	17	12
ycjP	1	1	16	13
ycjQ	1	3	35	21
ycjR	4	3	44	24
ycjS	0	3	50	26
ycjU	0	0	10	5
ompG	0	0	15	9
ycjW	1	1	181	100
ycjX	24	23	545	325
ycjF	20	21	446	284
tyrR	319	311	1817	1004
ycjG	183	213	1055	443
mpaA	60	55	349	221
ycjZ	8	6	261	190
mppA	138	137	1983	909
ynaI	11	15	482	305
uspE	4777	4877	5054	2629
fnr	574	635	3771	2501
abgT	3	0	68	35
abgB	13	16	102	60
abgA	5	1	85	47
abgR	8	11	418	165
ydaM	47	62	505	294
ydaN	150	173	724	405
dbpA	6	4	250	137
ydaO	45	51	1208	657
ompN	16	19	1771	1006
ldhA	110	113	971	654
feaR	60	77	2231	786
feaB	95	85	537	252
maoC	2	3	40	15
paaA	1	2	81	25
paaC	1	3	46	18
paaJ	1	3	54	26
paaF	1	0	24	18
paaG	0	0	47	25
paaH	2	2	95	31
paaE	114	108	1261	487
paaK	63	77	1338	525
paaX	100	89	873	384
ydbC	174	168	602	222
azoR	9	7	350	236
hrpA	130	147	2071	1177
ydcF	26	20	609	425
aldA	6317	6504	104345	37604
trg	172	161	14309	5394
ydcI	214	274	4475	2033
ydcJ	363	347	507	213
mdoD	39	50	2552	1219
ydcK	197	246	277	167
tehA	11	29	352	187
ydcL	764	814	2204	1259
ydcO	8	3	113	61
ydcP	24	24	1400	801
ydcR	13	18	567	361
ydcS	1197	1314	1170	341
ydcT	172	208	286	97
ydcU	48	58	127	61
ydcV	28	47	552	238
ydcW	107	121	2121	1069
yncB	83	76	973	493
yncC	28	33	223	122
yncD	10	13	462	266
yncE	134	135	6248	3315
ansP	11	11	168	109
yncG	38	29	107	52
nhoA	21	16	248	161
narV	7	4	58	31
narW	5	2	45	32
narY	9	9	127	69
narZ	18	24	184	112
narU	8	6	55	33
yddG	3	3	198	110
fdnG	64	67	223	142
fdnH	8	12	78	45
fdnI	16	17	53	35
adhP	104	101	1327	638
sfcA	50	57	4925	2638
ddpD	4	2	98	34
ddpC	3	4	101	38
ddpB	1	1	54	26
ddpA	13	20	223	82
dos	90	81	359	222
yddV	435	399	543	317
yddW	9	8	303	186
gadC	47	70	349	154
gadB	90	104	399	223
ydeM	1	1	73	29
ydeN	18	21	777	418
ydeO	2	3	14	10
ydeP	4	6	199	136
ydeQ	1	0	29	16
lsrK	86	111	404	161
lsrR	108	73	742	293
lsrC	49	69	95	34
lsrD	57	31	100	41
lsrB	60	57	377	147
lsrF	52	80	443	177
tam	86	83	333	166
yneE	24	24	155	108
uxaB	44	31	321	173
yneF	6	12	91	58
yneH	4	4	403	214
yneI	10	11	663	433
ydeA	3	12	126	92
marC	67	59	277	150
eamA	50	33	1234	670
ydeE	12	14	188	147
ydeH	43	41	441	211
dcp	39	53	4252	2282
ydfG	107	125	3189	1708
ydfH	12	6	536	374
ydfT	9	8	174	95
ydfU	3	2	16	11
rspB	12	8	172	71
rspA	6	3	241	89
ynfC	58	51	681	393
ynfF	10	9	162	119
ynfG	1	4	25	26
ynfH	6	14	208	121
dmsD	5	5	275	150
clcB	4	1	50	28
ynfK	122	115	358	180
dgsA	34	44	3096	1449
ynfL	17	16	120	55
ynfM	6	11	189	119
ydgD	615	609	587	351
ydgG	28	28	173	109
pntB	478	524	15536	9038
pntA	425	452	24866	14452
ydgH	68	81	4370	2395
ydgI	7	9	158	82
folM	21	14	305	170
rstA	15	12	1113	641
rstB	14	22	1227	655
tus	62	52	437	221
fumC	428	386	6701	3115
fumA	1156	1327	14668	6249
manA	54	48	1478	878
ydgA	1836	1959	5509	3174
uidC	7	6	62	39
uidB	3	3	88	32
uidA	24	34	409	170
hdhA	133	158	1931	1123
malI	157	361	179	91
malX	13	18	367	214
malY	11	12	502	261
add	27	14	425	240
ydgJ	80	75	2131	1139
rsxD	0	1	306	172
rsxG	3	2	232	130
rsxE	2	4	120	70
nth	0	2	142	69
ydgR	17	17	284	189
gst	178	168	1056	632
pdxY	16	15	625	337
tyrS	75	92	4906	2694
pdxH	6	10	1032	571
anmK	45	47	807	422
ydhJ	5	1	89	47
ydhF	206	223	1000	431
nemA	19	14	314	213
rnt	6	1	179	118
ydhO	11	17	427	224
ydhP	4	8	139	97
purR	21	29	2569	1483
ydhB	14	26	216	134
ydhC	8	7	107	62
cfa	195	201	2088	1357
ribC	38	45	1911	1158
mdtK	88	117	567	354
ydhQ	247	252	2017	1253
ydhS	271	264	462	251
ydhT	17	18	74	39
ydhU	13	9	99	45
ydhX	0	2	82	30
ydhV	8	6	101	40
ydhY	0	0	15	5
pykF	489	487	5406	3539
ynhG	4080	3925	1060	688
sufS	194	171	759	366
sufC	143	181	492	231
sufB	670	634	1443	688
ydiK	86	93	533	293
ydiM	2	2	22	15
ydiN	1	1	11	3
ydiB	2	4	96	63
aroD	9	9	455	272
ydiF	0	1	38	25
ydiO	0	1	45	23
ydiP	12	11	117	80
ydiQ	1	2	21	22
ydiR	11	4	50	36
ydiS	2	2	46	22
ydiD	5	6	135	83
pps	692	740	14977	7554
ydiA	18	12	314	195
aroH	9	13	455	328
ydiV	4	8	133	88
btuD	14	18	569	322
btuC	18	12	336	152
pheT	1814	2186	13102	7257
pheS	26	26	4018	2181
thrS	1167	1214	28963	15381
ydiY	4	5	175	96
pfkB	61	68	97	49
yniA	1924	2204	1418	628
yniC	7	8	171	108
ydjN	67	66	4261	2642
katE	38	46	2188	1240
chbF	7	8	287	158
chbR	13	20	212	136
chbC	12	11	188	93
nadE	40	40	2712	1537
ydjQ	7	4	301	134
astE	318	384	101	39
astB	504	647	161	57
astA	833	942	230	89
astC	1880	1870	470	145
xthA	33	25	1007	518
ydjX	8	9	141	61
ydjZ	10	12	103	55
ynjE	7	9	615	315
ynjF	8	8	110	49
gdhA	96	85	17165	10716
topB	26	33	1873	921
selD	150	146	3343	1639
sppA	40	52	1569	931
ansA	6	7	397	258
pncA	29	29	483	318
ydjE	9	8	68	39
ydjF	48	49	733	338
ydjG	4	5	156	107
ydjH	0	0	115	55
ydjI	0	2	149	70
ydjJ	0	1	115	42
ydjK	1	1	91	40
ydjL	3	1	118	58
gapA	605	639	43454	29979
yeaD	11	10	756	568
yeaE	34	29	521	284
mipA	82	90	2537	1727
yeaG	10811	10821	3066	1631
yeaH	3475	3538	632	347
yeaI	22	21	28	19
yeaJ	7	10	260	156
yeaM	16	18	157	118
yeaN	7	6	88	58
yeaP	11	15	1201	665
yeaS	9	7	118	46
yeaT	63	44	781	307
yeaU	21	18	167	79
yeaV	3	1	54	23
yeaW	1	2	53	39
yeaX	1	4	153	56
rnd	19	21	596	340
fadD	6990	8018	3679	1349
yeaZ	6	11	722	378
yoaA	6	6	667	358
sdaA	1052	1073	370	224
adrB	14	15	163	88
yoaE	21	23	703	414
manX	235	262	35423	17055
manY	143	190	22491	11391
rrmA	9	3	377	205
kdgR	454	429	3175	1539
yebQ	7	5	54	36
htpX	2004	1904	5139	3017
prc	109	103	7638	4207
yebS	28	23	293	176
yebT	30	40	840	488
yebU	4	6	234	122
pphA	41	56	121	72
yebZ	13	9	489	324
yobB	60	61	198	98
exoX	22	14	382	188
ptrB	133	134	600	369
yebE	110	124	547	264
purT	12	11	1382	777
eda	44	32	1182	665
edd	19	25	1075	559
zwf	107	102	5514	3029
yebK	79	75	1795	866
pykA	237	224	6154	3080
lpxM	23	18	649	393
yebA	59	70	4685	2558
znuA	77	86	18056	10266
znuC	16	11	742	489
znuB	20	22	599	334
ruvB	24	36	727	475
ruvA	34	37	697	392
yebB	2	3	34	20
yebC	51	62	4041	2194
aspS	101	124	5252	2954
yecE	9	16	242	189
yecO	10	12	345	216
yecP	5	8	437	285
torY	2	4	64	29
cutC	48	144	554	320
argS	69	80	2788	1581
flhA	25	23	2520	1409
flhB	11	11	1734	905
cheZ	57	68	8795	4788
cheB	39	43	7627	3938
cheR	34	40	4685	2568
tap	176	192	25606	12919
tar	276	290	40805	20355
cheA	164	198	29123	15549
motB	48	59	7610	4372
motA	83	96	11602	6062
otsA	345	392	1900	1080
otsB	239	258	1109	604
araH	210	213	336	178
araG	239	282	523	252
araF	336	333	975	409
tyrP	27	35	346	231
yecA	119	114	1731	1001
uvrC	41	33	1624	935
uvrY	45	55	1906	1065
sdiA	69	70	465	242
yecC	20	46	941	504
yecS	22	32	627	343
yedO	134	111	1928	1023
fliY	1271	1352	24543	11643
fliA	126	137	23220	11884
fliD	63	73	11105	6205
amyA	150	167	3578	1977
yedE	37	43	3569	1578
fliF	32	38	6236	3311
fliG	37	30	4752	2602
fliH	16	19	2550	1431
fliI	7	13	2029	1070
fliM	18	9	2849	1634
fliP	2	1	491	291
fliR	5	5	301	146
rcsA	8	2	374	214
yedP	448	455	491	274
yedQ	140	162	392	257
yedI	114	154	711	415
yedA	3	3	44	24
dcm	11	6	1039	549
yedJ	17	7	342	194
hchA	337	372	471	301
yedW	9	15	449	244
yedZ	20	24	101	53
yodA	18	28	10386	6150
yeeI	250	225	4484	1987
shiA	29	30	1179	650
amn	26	21	834	544
yeeN	10	16	2534	1463
yeeO	40	35	175	89
cbl	13	13	994	487
nac	13	18	80	47
erfK	609	638	619	376
cobS	21	20	611	361
yeeA	44	43	460	301
dacD	20	19	344	185
yeeE	50	41	8398	3515
yeeF	16	23	2706	1689
yeeY	191	200	220	127
yeeZ	442	462	1094	628
hisG	14	19	1154	713
hisD	11	17	849	539
hisC	13	19	754	462
hisB	16	31	1546	901
hisA	16	18	1077	605
hisF	17	15	934	502
ugd	16	28	310	152
gnd	296	299	19067	11233
galF	99	97	6011	3471
wcaL	3	1	43	25
wcaK	0	2	37	16
wzxC	1	1	25	16
wcaJ	0	1	25	14
cpsG	1	3	33	17
cpsB	1	1	46	24
fcl	0	0	28	14
gmd	0	0	39	29
wcaE	0	0	8	7
wcaD	4	1	26	22
wcaC	1	1	53	25
wcaA	1	1	13	10
wzc	2	0	35	17
wza	0	2	9	5
yegH	123	136	504	280
asmA	60	67	2246	1130
udk	2	6	400	254
yegL	0	2	39	12
mdtA	9	6	84	65
mdtB	10	9	217	118
mdtC	7	12	219	108
baeS	5	7	117	74
baeR	15	18	194	150
yegQ	13	20	526	347
yegS	57	58	312	192
gatD	54	70	9551	3966
gatZ	5889	6069	138739	53535
gatY	7161	6805	115782	47113
fbaB	464	548	5305	2643
yegT	6	2	142	86
yegU	4	3	194	87
yegV	2	5	163	79
yegW	9	14	177	99
yegX	4	8	260	118
thiD	17	14	946	509
thiM	17	11	1852	1001
rncA	2	3	57	37
yehA	2	5	27	14
yehC	0	0	0	2
mrp	93	101	3604	2192
metG	21	22	2279	1443
yehL	0	0	8	4
yehP	1	4	21	11
yehT	9	15	654	306
yehU	33	39	1355	572
mlrA	20	28	227	135
yehW	6	1	107	43
yehX	10	9	157	82
yehY	8	6	179	91
yehZ	86	105	442	225
bglX	55	62	1998	1079
dld	85	111	5011	2635
pbpG	17	13	651	356
yohF	97	116	213	126
dusC	4	6	159	90
yohK	34	59	66	49
cdd	75	90	330	180
sanA	5	5	160	92
yeiT	20	31	268	127
yeiA	36	39	402	168
mglC	23	43	5006	1878
mglA	45	62	12035	4298
mglB	324	324	36197	15214
galS	22	35	1067	394
yeiB	3	5	326	200
folE	6	6	1440	940
frmC	32	46	2069	1247
cirA	31	36	2542	1330
lysP	105	109	2934	1836
yeiE	114	101	409	277
yeiH	34	42	164	109
nfo	9	13	650	419
yeiJ	3	4	31	32
rihB	3	3	21	7
yeiL	3	8	54	24
yeiC	2	0	213	68
fruA	296	302	1670	914
fruK	94	110	781	408
fruB	51	59	703	419
setB	1	5	46	24
yeiQ	64	64	493	279
yeiR	0	1	248	145
yeiU	2	1	160	103
rtn	14	17	556	343
yejB	1	4	114	71
yejE	3	4	161	112
yejF	23	23	584	347
bcr	37	37	473	256
rsuA	9	9	508	371
yejH	3	3	99	69
yejK	25	23	1714	886
yejM	30	43	1253	646
narP	43	42	1068	592
ccmH	4	1	249	151
ccmF	2	7	287	137
ccmC	0	5	152	67
ccmB	1	4	79	40
ccmA	24	30	162	87
napC	18	28	313	141
napH	1	1	74	38
napG	1	1	54	32
napA	8	12	503	250
mqo	10	6	249	154
yojI	6	10	1036	551
alkB	8	13	39	18
ada	38	45	158	110
yojL	0	3	158	72
rcsB	178	228	4021	2308
rcsC	48	35	1463	809
yfaP	11	6	38	11
yfaQ	8	6	113	40
yfaT	0	0	8	4
gyrA	108	104	11092	6511
ubiG	7	9	627	346
nrdA	24	30	2922	1878
nrdB	38	46	2137	1318
inaA	31	35	587	289
glpQ	2138	2294	62411	23644
glpT	2195	2278	68349	24728
glpA	2431	2295	8081	3167
glpB	1280	1185	5284	2028
glpC	776	809	3180	1276
yfaY	30	24	593	334
ais	2	2	22	11
yfbE	16	24	178	99
yfbF	1	2	48	36
yfbG	6	6	234	123
yfbH	3	0	80	43
arnT	41	46	105	51
menE	13	6	332	182
menC	15	19	485	301
menB	21	30	908	509
yfbB	8	6	283	178
menD	21	27	328	178
menF	26	14	633	377
elaC	4	4	306	234
nuoN	52	98	2299	1429
nuoM	29	34	2451	1445
nuoL	105	146	5309	2958
nuoH	78	76	4656	2382
nuoG	253	298	15983	7900
nuoF	89	131	7917	3978
nuoC	180	217	10396	5175
nuoB	209	188	5668	2759
lrhA	546	678	2908	1333
yfbQ	18	27	1133	659
yfbS	62	57	351	188
yfbT	161	158	1552	920
ackA	538	515	2469	1371
pta	189	154	3677	2113
yfcF	14	12	201	125
yfcG	98	100	90	57
yfcH	390	456	1004	609
hisP	6	11	1229	573
hisM	13	8	913	441
hisQ	35	35	2099	969
hisJ	217	206	10123	4298
purF	23	23	2659	1648
dedD	105	124	829	419
folC	124	154	1667	875
accD	126	140	6993	3837
truA	85	85	1028	619
usg	21	15	989	588
pdxB	27	35	1573	975
flk	4	4	461	242
yfcJ	2	1	83	65
fabB	236	233	4238	2839
trmC	15	11	477	315
yfcA	8	4	451	249
mepA	7	7	562	341
aroC	25	23	2536	1500
prmB	17	16	1936	1104
yfcY	370	411	1520	568
fadL	444	446	3592	1509
vacJ	145	189	1418	798
yfdC	84	98	193	91
dsdA	15	19	199	129
emrY	2	3	15	9
emrK	22	43	35	17
evgA	5	13	343	230
yfdE	77	81	48	13
yfdV	1	4	12	9
oxc	0	0	52	18
frc	0	1	41	19
yfdX	1	5	25	8
ddg	0	0	90	50
yfdZ	48	63	938	551
ypdA	68	59	378	205
ypdB	83	74	428	212
ypdC	15	20	101	60
ypdD	2	3	132	72
ypdE	0	1	44	18
ypdF	0	3	67	31
ypdG	2	1	27	16
glk	111	119	1848	968
yfeO	49	51	195	114
mntH	1100	1180	918	543
nupC	22	22	965	589
yfeA	19	21	749	412
gltX	66	77	5728	3320
yfeR	16	10	166	103
yfeH	53	61	529	290
ligA	76	78	1193	648
zipA	319	418	4473	2263
cysZ	35	35	388	233
cysK	188	248	36987	18154
ptsI	2256	2488	45644	26560
pdxK	23	30	718	387
cysM	19	25	4221	1907
cysA	27	28	3742	1670
cysW	8	10	2064	892
cysU	6	17	1838	711
cysP	18	27	4240	1922
ucpA	1703	1554	4154	1595
yfeT	10	6	130	59
yfeU	28	29	206	82
murP	34	30	188	71
murQ	24	23	230	123
yfeX	47	59	2025	1106
amiA	48	44	791	476
hemF	4	14	279	159
yfeG	4	7	162	60
eutL	5	4	184	80
eutC	7	10	187	115
eutB	44	51	905	590
eutA	0	2	17	9
eutH	7	11	25	15
eutG	1	0	25	14
eutJ	3	0	15	11
eutE	2	2	32	11
eutI	4	3	72	46
eutT	2	3	38	24
eutQ	1	9	63	22
maeB	558	600	21048	9712
talA	323	369	1937	1255
tktB	607	699	3147	2002
ypfG	15	25	325	197
aegA	5	7	127	59
narQ	24	21	260	147
acrD	7	17	222	113
dapE	164	230	881	524
ypfH	105	91	360	160
ypfJ	675	709	1022	626
purC	18	30	4411	2464
nlpB	106	129	4710	2705
dapA	128	149	7456	4055
hyfA	1	0	5	5
hyfC	0	1	9	5
hyfD	2	3	25	12
hyfE	0	1	17	5
hyfG	7	7	41	19
hyfI	1	4	20	10
perM	7	17	383	238
yfgC	53	69	1979	1086
hda	4	5	952	522
uraA	9	14	2549	1405
upp	13	14	4495	2444
purM	30	26	3034	1756
purN	6	9	869	553
ppk	101	87	1321	782
ppx	23	31	1188	648
yfgF	7	13	102	62
guaA	38	50	5682	3165
guaB	18	14	3373	2176
xseA	5	7	550	366
der	92	101	2788	1626
yfgL	135	181	3769	2122
yfgM	38	40	2542	1343
hisS	96	100	5768	3272
ispG	350	414	3237	1813
yfgA	380	373	2094	1213
yfgB	43	51	1941	1078
pbpC	6	5	142	61
sseA	469	459	1576	683
sseB	17	13	944	543
pepB	55	58	3255	1679
hscA	36	43	2889	1719
iscS	414	469	9518	5760
yfhQ	54	69	1100	665
suhB	16	14	1610	942
yfhR	5	6	31	22
hcaT	65	72	255	119
hcaR	78	89	5402	1950
hcaE	13	9	338	157
hcaB	3	0	77	42
yphB	11	5	114	58
yphC	4	3	136	54
yphD	6	4	37	12
yphE	6	13	94	45
yphF	10	14	92	43
yphH	28	23	488	220
glyA	108	128	20340	10566
hmp	69	76	903	477
yfhA	2	9	545	297
yfhG	18	14	324	176
yfhK	60	70	697	375
yfhD	5	11	349	193
yfhB	37	39	437	256
yfhH	10	2	260	140
pdxJ	29	36	1536	783
recO	36	31	627	358
era	164	188	2012	1149
rnc	193	286	1377	874
lepB	90	121	2428	1374
lepA	80	117	5191	2909
rseB	73	81	2158	1115
rseA	1433	1390	6719	3521
yfiC	4	3	313	173
srmB	15	13	781	458
yfiE	15	17	215	124
ung	22	14	811	440
yfiF	50	55	1320	772
yfiP	3	3	120	55
yfiQ	1036	1104	4008	1607
pssA	364	353	5083	2401
kgtP	1774	1891	22997	11537
clpB	956	1016	9565	5936
yfiH	13	9	414	195
rluD	62	71	1202	669
yfiO	65	66	5696	3279
pheA	33	25	2678	1599
tyrA	77	63	1939	1138
aroF	98	130	3415	1830
yfiN	2	7	109	67
trmD	262	303	31601	16555
ffh	136	143	2808	1605
ypjD	7	7	421	243
yfjD	14	11	602	400
yfjB	15	23	371	243
recN	104	138	783	431
gabT	286	435	879	443
gabP	32	30	263	147
csiR	44	67	402	188
nrdF	8	5	265	150
proV	5	12	1448	883
proW	6	9	440	307
proX	12	9	2107	1126
ygaZ	19	13	724	383
emrA	6	10	486	277
emrB	53	47	305	184
gshA	165	177	3601	2111
alaS	150	176	15586	8771
recA	554	493	7275	3970
mltB	4	5	178	86
srlE	8	9	75	40
srlD	15	19	150	90
srlR	27	21	582	260
gutQ	18	20	386	181
norV	4	7	83	52
norW	1	1	29	33
ascG	9	11	924	472
ascF	19	24	120	66
hycG	3	2	66	24
hycE	0	1	34	17
hycD	0	1	6	8
hycC	0	0	15	4
hycB	0	0	11	3
hypB	4	4	132	72
hypD	21	16	721	353
hypE	21	24	200	78
fhlA	25	22	161	101
mutS	9	11	1187	645
ygbI	42	54	736	375
ygbJ	41	42	63	46
ygbK	23	29	73	48
ygbL	4	5	41	25
ygbM	4	7	43	28
ygbN	7	10	116	52
nlpD	2512	2666	64314	30073
pcm	57	63	985	490
surE	28	37	934	481
truD	54	55	1976	972
ispD	5	11	449	261
cysC	6	19	2176	887
cysN	57	77	8817	3925
cysD	14	29	5452	2385
iap	7	11	316	191
cysH	27	35	5605	2480
cysI	38	68	10254	4699
cysJ	22	27	7055	3247
ygcQ	2	2	37	34
ygcR	1	0	15	13
ygcS	0	2	31	11
ygcU	2	2	62	30
ygcW	2	1	25	10
yqcE	1	3	100	46
ygcF	498	470	695	403
eno	1620	1848	28655	17383
pyrG	999	973	6555	3939
mazG	74	69	1050	555
relA	127	137	3823	2005
barA	18	21	817	474
gudD	20	23	235	130
gudX	7	20	115	50
gudP	21	14	57	30
truC	4	3	235	122
queF	13	17	903	523
ygdH	262	268	1123	572
sdaC	34	41	954	666
sdaB	16	13	380	242
exo	6	7	252	167
fucO	59	79	1288	467
fucA	19	17	478	170
fucP	17	19	106	42
fucI	23	19	294	147
fucK	12	15	247	151
fucR	22	27	1465	642
ygdE	47	43	815	441
gcvA	32	29	447	223
csdA	9	15	408	217
ygdL	19	13	453	222
mltA	46	43	1015	496
amiC	17	13	1555	813
argA	33	39	3950	1754
recD	36	28	861	438
ptr	26	23	1699	905
recC	31	45	1139	616
thyA	8	10	1139	697
lgt	5	11	859	484
ptsP	65	47	2759	1641
mutH	12	16	238	103
ygdQ	7	9	152	133
tas	50	60	908	572
ygeD	23	30	279	126
aas	31	34	909	552
galR	23	32	452	204
lysA	14	13	1500	758
lysR	4	4	124	79
ygeA	13	22	729	359
araE	34	48	253	111
kduD	11	9	222	119
kduI	13	16	213	98
yqeF	149	185	5219	2238
yqeG	8	8	81	48
yqeH	3	2	35	25
yqeI	1	1	65	32
ygeH	2	4	21	13
ygeR	38	55	1012	489
xdhA	13	12	178	90
xdhB	1	8	71	34
ygeV	542	614	1393	512
ygeW	2	2	30	10
ygeX	2	5	51	23
ygeY	0	3	46	26
hyuA	2	3	53	18
yqeA	30	26	139	72
yqeB	155	190	410	147
yqeC	98	83	199	58
ssnA	2	4	22	12
ygfM	1	5	30	12
xdhD	26	22	157	97
ygfO	48	68	100	68
guaD	12	13	216	112
ygfT	10	16	169	63
ygfU	3	4	38	22
lysS	83	86	6174	3412
prfB	31	35	4535	2565
recJ	32	19	1101	670
dsbC	37	42	1296	735
xerD	74	61	1043	595
ygfZ	155	155	2247	1176
yqfA	94	132	624	336
bglA	94	96	2621	1638
ygfF	3	7	126	53
gcvP	23	22	2970	1305
gcvT	26	25	1477	699
visC	16	22	1102	645
serA	123	118	16861	11784
rpiA	94	89	3563	1905
argP	46	44	801	446
yliK	4	7	84	38
argK	3	2	29	19
ygfG	1	1	37	21
ygfH	5	7	78	52
ygfI	8	11	120	47
yggE	144	149	1473	896
argO	7	3	249	111
mscS	23	22	1808	1300
fbaA	480	533	17469	9915
pgk	861	951	18386	10606
epd	200	238	3394	1943
yggF	11	16	63	40
cmtA	0	0	32	17
tktA	104	105	6046	4171
yggG	454	481	1453	693
speB	56	57	1206	623
speA	836	810	7868	4256
metK	47	60	4515	3181
galP	5	4	224	129
endA	10	9	43	9
yggJ	21	12	457	255
gshB	47	60	1396	766
yggS	11	16	520	326
yggW	0	5	532	284
yggM	3	4	91	46
ansB	13	13	135	72
yggN	40	36	1146	574
yggH	57	57	2049	1219
mutY	10	13	902	515
mltC	10	10	841	481
nupG	158	184	1203	482
yqgA	8	12	58	23
yghK	23	36	439	252
glcF	38	57	1245	655
glcD	68	87	1017	573
glcC	455	453	1600	641
ECIAI1_3132	0	1	204	108
yghR	0	0	10	5
yghS	1	1	17	10
yghT	1	0	7	4
pitB	3	6	33	22
gss	27	34	1089	672
yghU	57	55	1754	899
hybC	36	30	556	301
hybB	3	2	126	78
hybA	8	7	145	51
hybO	11	22	134	89
yghZ	585	597	3207	1180
yghA	58	83	268	146
exbB	61	59	3488	2028
metC	36	26	3280	1645
yghB	123	110	430	220
yqhC	42	43	226	118
yqhD	34	44	570	581
dkgA	323	304	473	337
yqhG	17	22	89	47
ygiQ	15	18	796	471
sufI	34	38	759	454
plsC	29	30	596	331
parC	56	44	2459	1283
qseB	2	3	53	27
parE	44	43	1995	1086
cpdA	326	358	1859	929
nudF	25	30	1098	614
tolC	131	144	4489	2765
ygiC	120	109	2672	1503
ygiE	232	211	700	453
ribB	361	356	3033	1618
yqiJ	10	6	38	19
yqiK	5	3	58	44
rfaE	40	57	2134	1261
htrG	13	11	745	380
cca	30	37	833	426
bacA	36	38	846	440
plsY	26	26	416	222
ygiP	0	7	105	52
ttdA	0	2	24	13
ttdB	0	0	7	4
ygjE	3	1	76	41
gcp	22	24	622	355
dnaG	235	241	2291	1362
rpoD	1940	1969	7804	4748
yqjH	4	7	309	173
yqjI	26	19	384	197
aer	64	64	9661	4332
ygjG	1076	1160	1622	831
ebgR	3	3	112	69
ygjI	2	2	18	9
ygjJ	0	0	10	7
ygjK	6	6	57	45
ygjO	6	7	212	151
ygjQ	0	1	21	15
ygjR	571	682	1077	473
alx	1	2	96	64
sstT	865	943	1949	955
uxaA	50	40	985	428
uxaC	50	37	1158	483
exuT	48	41	737	298
exuR	186	200	1148	582
yqjA	148	159	592	335
yqjG	237	250	534	295
yhaJ	8	14	984	554
yhaK	7	13	80	32
yhaM	6	5	138	78
yhaO	5	7	62	29
tdcG	10	6	103	46
tdcE	30	39	531	273
tdcD	1	2	63	23
tdcC	6	11	194	93
tdcB	0	3	68	28
tdcA	6	6	40	27
garK	142	171	246	121
garR	159	161	223	124
garL	56	70	63	37
garP	58	75	25	7
garD	86	90	418	158
agaR	34	37	1404	733
kbaZ	8	7	167	67
agaS	3	3	39	19
kbaY	1	1	26	10
agaC	0	0	10	7
agaD	3	2	25	18
agaI	0	0	19	10
yraI	0	0	12	7
yraL	14	19	563	293
yraQ	47	47	1105	527
yraR	196	188	203	109
yhbU	1	0	39	17
yhbV	4	2	35	24
yhbW	8	13	206	141
mtr	86	69	430	225
deaD	70	77	1667	1096
nlpI	263	387	8761	4635
pnp	291	481	17694	9820
truB	24	25	2004	1039
infB	195	216	24307	12723
nusA	160	149	8134	4337
argG	96	111	9463	4561
yhbX	15	25	155	82
glmM	93	107	3838	2030
folP	11	20	973	485
ftsH	1578	1768	13410	8198
rrmJ	599	681	4097	2455
dacB	2	3	187	117
obgE	680	703	2129	1155
yhbE	157	168	1290	685
ispB	64	96	1809	1045
murA	26	21	3179	1779
yrbC	130	117	2319	1357
yrbE	56	80	1111	626
yrbF	100	107	2334	1258
yrbG	21	22	469	251
kdsD	18	38	2051	1131
lptB	89	93	2262	1323
rpoN	158	200	7828	4399
yhbJ	31	35	1740	1016
yrbL	757	760	4948	2883
mtgA	62	54	1073	601
elbB	77	75	1297	671
arcB	250	228	2430	1220
yhcC	2	3	35	19
gltB	93	91	14982	10037
gltD	32	57	8267	5387
nanE	19	18	150	61
nanT	33	30	320	142
nanA	15	16	509	200
nanR	26	16	776	488
dcuD	1	6	60	17
sspA	131	155	2973	1783
degQ	60	68	1755	1108
degS	12	18	543	338
mdh	546	651	34676	19445
aaeB	8	13	92	57
aaeA	4	10	190	96
aaeR	13	15	183	103
tldD	163	221	1696	927
rng	52	51	2196	1199
mreC	14	14	828	498
mreB	40	33	3324	1988
csrD	88	97	1031	565
yhdH	227	196	1271	667
accC	88	110	8549	4701
panF	13	23	252	133
prmA	40	36	642	350
dusB	71	72	7596	4270
yhdJ	5	3	94	43
envR	0	0	93	60
acrE	0	0	15	13
acrF	21	29	254	143
aapQ	13	12	66	38
aapP	3	5	168	81
aroE	75	77	919	506
smf	231	248	1064	598
fmt	684	598	1759	1147
rsmB	49	73	995	615
trkA	156	145	942	568
rpoA	700	830	64536	33876
rpsD	436	537	57743	30167
secY	1731	2117	66346	34965
rpsC	364	444	44913	21849
rplB	312	383	41895	21598
rplD	263	259	26961	15293
rplC	282	319	40280	22323
tufA	1962	2224	172677	90307
fusA	2055	2370	148426	76194
yheO	28	27	1345	853
fkpA	169	215	6297	3810
kefB	70	70	646	349
yheS	21	32	875	587
yheT	25	23	282	153
prkB	60	46	662	362
crp	164	220	6933	4191
yhfK	10	13	1064	624
argD	32	36	4290	2037
fic	696	649	395	189
tsgA	10	9	96	72
nirB	5	7	134	83
nirC	4	0	83	48
cysG	23	36	793	441
frlA	5	1	37	22
frlB	5	3	38	21
frlC	2	3	54	23
frlD	5	11	83	53
frlR	17	9	196	125
yhfS	8	4	43	38
yhfT	1	0	42	28
php	2	5	43	15
yhfZ	51	59	479	223
trpS	74	75	3702	2069
gph	15	10	1297	681
rpe	12	14	1271	697
dam	8	15	832	532
aroB	70	99	5075	2921
hofQ	4	2	83	39
yrfD	3	4	103	67
mrcA	21	21	1334	851
igaA	42	31	1337	659
yrfG	37	35	651	364
hslO	80	83	1074	590
pck	1671	1594	19043	8420
envZ	57	60	1061	532
ompR	198	188	1540	842
yhgF	12	19	1943	1175
feoB	38	53	1077	625
yhgA	2	1	133	80
bioH	9	15	246	153
gntX	8	10	245	154
gntT	43	57	391	212
malQ	43	54	3021	1555
malP	44	44	4376	2248
malT	1449	1356	25720	11180
rtcB	108	108	162	88
glpG	23	18	921	510
glpD	17482	16836	45595	22202
glgP	342	383	6147	3486
glgA	194	231	3505	1983
glgC	289	332	4839	2707
glgX	300	348	3984	2238
glgB	142	202	6594	3668
asd	180	217	12548	6880
gntU	8	9	102	48
gntR	36	30	521	304
yhhW	24	23	287	148
yhhX	122	137	704	404
yhhZ	1	0	7	0
ggt	5	7	489	285
ugpC	24	47	447	235
ugpE	8	10	159	57
ugpA	9	9	93	46
ugpB	1399	1573	2468	930
livF	15	17	3829	1971
livG	7	19	3036	1485
livM	30	25	4018	2066
livH	24	27	3413	1732
livK	91	95	11603	5582
livJ	256	250	52720	28734
rpoH	419	412	3688	2078
ftsX	127	134	1108	720
ftsE	59	62	769	411
ftsY	98	120	3772	1984
yhhN	37	38	179	107
yhhQ	7	5	149	93
yhhS	11	10	168	97
yhhT	87	111	226	143
nikA	1	1	14	16
nikB	0	0	19	6
nikC	1	0	14	5
nikD	0	0	23	13
nikE	2	6	23	14
yhhI	21	34	94	51
yhhJ	44	36	611	376
rbbA	53	63	1441	899
yhiI	188	213	1908	1058
yhiM	11	9	54	28
yhiN	69	63	485	275
pitA	153	179	2065	1250
yhiP	142	158	173	108
yhiQ	17	36	240	150
prlC	220	278	2181	1415
yhiR	4	6	213	135
gor	57	55	1766	1007
arsB	13	17	69	49
yhiD	4	5	41	26
mdtE	4	2	25	14
mdtF	18	9	172	113
gadW	12	24	148	112
gadX	96	121	330	181
gadA	86	98	334	187
yhjA	10	12	107	46
treF	165	168	294	216
yhjB	10	14	130	53
yhjC	9	7	212	110
yhjD	253	233	259	168
yhjE	29	37	2676	2000
yhjG	185	205	3243	1688
yhjH	35	48	8957	4547
kdgK	21	20	1357	630
yhjJ	9	20	1143	617
dctA	269	321	2995	1314
yhjK	38	25	535	297
bcsC	79	83	488	234
bcsZ	0	1	52	26
bcsB	2	1	62	47
bcsA	6	9	87	47
bcsE	57	66	1006	595
bcsG	12	12	280	210
yhjV	2	8	589	283
dppF	16	12	2624	1424
dppD	18	21	2569	1287
dppC	25	27	2103	1003
dppB	18	25	2677	1276
dppA	549	696	50752	25972
eptB	3	14	647	291
yhjX	4	8	43	31
yhjY	190	173	561	301
yiaD	4	7	214	113
tiaE	17	18	1520	1043
yiaF	202	249	2888	1553
glyS	121	112	8203	4815
glyQ	66	75	4252	2437
yiaH	8	10	92	46
xylB	96	100	309	154
xylA	127	153	370	154
xylF	14	18	426	174
xylG	10	19	372	195
xylH	28	23	147	69
xylR	10	13	272	161
bax	187	195	15078	7065
avtA	15	21	1666	972
yiaJ	17	8	331	178
yiaK	7	6	70	40
yiaN	0	2	22	11
yiaO	0	0	24	10
sgbH	1	2	26	20
sgbU	2	1	35	19
sgbE	3	2	42	18
yiaT	42	41	44	27
yiaU	27	28	108	61
yiaV	11	12	42	24
aldB	966	1058	1396	488
yiaY	2	3	16	9
selB	16	19	1421	778
selA	8	18	579	305
yibF	15	33	231	124
yibH	52	44	99	66
mtlA	1390	1427	3204	1542
mtlD	457	557	1681	850
lldP	43	38	842	412
lldR	14	23	316	151
lldD	7	18	465	241
cysE	116	93	1408	709
gpsA	115	153	3230	1631
gpmI	78	94	2492	1740
envC	10	8	1066	636
yibQ	2	2	282	190
yibD	1	0	53	31
tdh	83	108	634	334
kbl	147	195	757	414
waaD	97	95	2187	1353
waaF	22	31	1359	826
kdtA	20	19	532	293
mutM	8	9	271	139
yicR	53	37	939	556
dfp	11	7	679	490
pyrE	6	6	102	47
yicC	28	31	1574	889
yicG	1	2	30	16
ligB	12	9	217	103
gmk	185	246	2462	1414
spoT	44	40	2707	1635
trmH	0	4	431	243
gltS	79	103	204	127
yicE	22	14	1102	669
yicH	270	268	1321	772
yicI	11	10	235	132
yicJ	4	8	43	23
setC	0	3	26	10
yicL	32	27	534	275
nlpA	49	51	3317	1607
yicM	4	2	55	45
uhpT	817	1106	4186	2491
uhpC	2	1	114	65
uhpB	2	4	236	132
ilvB	48	66	6625	3161
emrD	5	4	14	3
yidJ	1	2	85	47
yidK	4	0	30	19
yidL	10	10	118	60
yidP	0	2	33	14
yidE	116	125	890	477
yidR	11	13	771	340
cbrA	1	2	44	18
dgoT	2	9	45	27
dgoD	16	25	126	80
dgoA	6	8	58	22
dgoR	56	53	441	176
yidX	19	21	202	112
yidA	11	7	467	301
gyrB	186	220	4693	2635
recF	2	6	456	256
dnaN	41	47	1385	757
dnaA	47	66	2438	1279
yidC	58	71	6172	3514
trmE	14	16	774	500
tnaA	24	30	6005	2264
tnaB	10	7	532	188
mdtL	2	4	41	25
yidZ	31	28	176	91
yieE	10	9	285	124
yieH	5	6	214	140
yieK	6	12	67	47
yieL	1	4	42	21
bglH	4	1	43	23
bglB	2	0	45	36
bglG	0	0	39	13
phoU	11	14	893	585
pstB	16	12	1043	723
pstA	10	6	257	203
pstC	21	15	406	334
pstS	25	16	1344	1205
glmS	441	433	6992	4462
glmU	333	340	4701	2733
atpD	261	294	25873	13603
atpG	109	159	19393	9788
atpA	288	360	44964	24469
atpB	148	155	23959	12023
gidB	11	9	373	218
gidA	25	33	1906	1186
asnA	19	18	526	308
yieM	13	13	384	224
ravA	40	52	361	211
trkD	34	26	645	378
rbsA	89	119	1996	886
rbsC	68	92	1972	893
rbsB	255	378	18170	8433
rbsK	25	41	2061	1013
rbsR	7	5	445	204
hsrA	9	8	179	127
yieP	38	38	521	332
hdfR	20	27	603	334
yifB	5	3	207	131
ilvE	17	13	1611	902
ilvD	34	20	1924	1040
ilvA	16	23	960	497
ilvY	30	34	217	133
ilvC	160	183	41620	21765
rep	13	8	853	479
gpp	36	35	1229	721
rhlB	152	180	3150	1875
rho	104	131	3320	1991
rfe	38	40	1395	834
wzzE	18	10	856	578
rffE	10	4	823	443
rffD	12	8	704	375
rffG	9	9	548	307
rffH	11	16	351	210
rffC	1	2	212	133
rffA	20	22	442	249
wzxE	20	26	389	207
rffT	11	9	305	157
wzyE	13	13	201	109
rffM	12	13	318	189
yifK	169	209	1570	758
hemY	41	57	1976	1073
hemX	66	76	2571	1366
hemD	28	27	854	456
hemC	129	118	962	537
cyaA	265	270	3173	2440
dapF	25	26	1282	658
yigA	4	4	721	412
xerC	3	5	1168	576
yigB	9	7	597	268
uvrD	27	24	1083	594
yigE	1	1	54	37
corA	45	36	1059	570
rarD	4	5	150	90
pldA	19	12	896	571
recQ	3	7	746	374
rhtC	7	4	540	279
rhtB	7	8	326	164
pldB	21	25	986	552
yigL	7	8	452	256
yigM	2	2	117	65
metR	6	13	482	274
ysgA	57	56	1133	697
udp	69	99	1792	984
rmuC	56	48	1043	465
ubiE	41	51	1797	999
yigP	34	40	463	226
ubiB	34	37	1435	748
tatC	6	11	856	489
tatD	8	6	347	183
ubiD	224	267	3259	1592
fre	158	206	2163	1093
fadA	247	250	1627	625
fadB	752	829	5945	2147
pepQ	142	133	5009	2847
yigZ	24	27	536	293
trkH	50	60	722	447
yihE	17	16	1244	797
dsbA	71	50	3082	1758
yihG	0	0	104	58
polA	266	269	4219	2122
hemN	39	34	1129	634
glnG	61	61	662	316
glnL	40	40	535	263
glnA	40	50	4604	2945
bipA	119	135	8383	5392
yihL	2	4	214	128
yihM	2	6	425	200
yihN	2	1	191	104
ompL	0	0	22	10
yihO	2	8	49	34
yihP	2	3	28	17
yihQ	1	5	46	38
yihS	5	13	127	69
yihT	2	5	70	41
yihU	2	1	46	13
yihV	22	23	117	54
yihW	34	36	677	315
rbn	62	64	1056	451
yiiD	33	36	1826	922
fdhE	29	44	670	315
fdoI	66	106	291	152
fdoH	149	183	463	239
fdoG	1205	1463	4072	2278
fdhD	88	78	394	209
frvB	3	1	20	16
rhaD	0	1	14	10
rhaA	2	0	21	15
rhaS	29	23	121	57
rhaR	7	14	94	37
sodA	336	345	31964	18075
kdgT	14	20	150	67
yiiM	86	97	488	268
cpxA	51	39	1924	1052
cpxR	44	47	2125	1247
fieF	78	84	1325	781
pfkA	475	515	4323	2617
sbp	7	16	1401	662
cdh	1	1	170	112
tpiA	110	128	8164	4924
fpr	27	24	1195	696
glpX	161	176	3555	1669
glpK	8173	8684	121050	52700
glpF	6492	6722	41923	17569
menA	5	4	482	278
hslU	232	231	2992	1858
ftsN	66	58	870	480
cytR	17	18	1200	520
yiiX	2	5	234	129
metB	20	13	1820	952
metL	31	46	2146	1058
metF	32	39	4404	2423
katG	286	325	9272	4945
yijE	6	3	104	55
yijF	0	0	13	9
gldA	43	42	220	120
fsaB	5	4	70	45
ptsA	13	18	66	31
frwC	11	2	73	33
pflD	15	8	166	78
pflC	2	0	68	30
yijO	1	2	64	35
yijP	23	34	844	470
ppc	102	105	7400	4734
argE	60	80	1798	979
argC	27	23	2564	1154
argB	17	19	2310	962
argH	47	50	3892	1715
oxyR	41	39	1475	875
sthA	123	133	3761	2015
fabR	64	65	3849	1730
trmA	137	159	1061	621
btuB	55	39	2559	1323
murI	10	9	297	209
murB	17	34	2020	1053
birA	24	19	766	383
coaA	9	18	1398	743
tufB	1930	2155	163475	86216
rplA	327	367	24218	13173
rpoB	756	862	45087	25157
rpoC	873	1003	45883	24668
thiH	18	19	3330	2035
thiG	6	17	1607	1005
thiF	13	18	1824	1000
thiE	18	18	1492	949
thiC	65	54	5708	3529
nudC	54	44	538	282
hemE	29	26	639	391
nfi	3	2	309	159
yjaH	6	7	626	337
zraR	41	27	381	204
purD	17	15	1289	770
purH	11	13	1359	902
metA	55	71	2830	1533
aceA	1175	1147	69521	37379
aceK	492	555	9744	5271
iclR	40	23	956	590
metH	154	176	7644	4002
yjbB	67	62	465	244
pepE	11	13	643	270
yjbC	19	19	651	395
lysC	21	30	2937	1560
pgi	200	236	8932	5207
yjbF	0	0	4	2
yjbG	1	0	5	7
yjbH	13	5	104	43
xylE	12	28	89	47
malG	37	50	532	287
malF	14	16	2085	960
malE	135	128	22750	11078
malK	30	18	5572	2495
malM	55	75	1813	927
ubiA	173	171	948	450
plsB	145	160	3286	1746
lexA	514	558	1678	933
dinF	6	11	156	87
yjbM	2	2	11	10
yjbN	7	10	622	428
qor	262	367	1323	755
dnaB	14	12	1462	786
alr	4	11	517	307
tyrB	37	49	3682	2097
aphA	8	17	1286	454
uvrA	65	79	1319	782
yjcC	182	200	173	95
yjcE	22	45	619	379
actP	222	295	7670	3460
acs	2763	3261	29556	11825
nrfA	4	3	102	49
nrfC	0	2	7	7
nrfD	0	0	20	8
gltP	10	15	310	204
yjcO	28	38	743	383
fdhF	37	21	363	199
yjcQ	5	5	39	23
yjcR	2	1	12	13
phnL	6	8	22	16
phnK	5	2	30	13
phnJ	0	0	5	2
phnI	0	0	5	2
phnF	0	0	3	2
phnD	0	1	11	7
phnC	0	0	9	6
yjcZ	46	43	4050	2308
proP	56	77	2108	1729
basS	31	34	193	114
basR	58	82	217	93
eptA	61	51	123	59
adiC	8	8	24	8
adiY	4	8	9	10
adiA	5	4	78	35
melR	160	154	376	156
melA	114	105	307	148
melB	47	47	178	90
yjdF	8	7	166	86
fumB	24	26	298	122
dcuB	14	12	32	20
dcuR	11	16	749	369
dcuS	24	31	1307	636
lysU	21	29	861	518
yjdL	6	3	132	67
cadA	4	3	100	49
cadB	1	2	13	5
cadC	23	14	69	44
dipZ	6	5	692	417
dcuA	491	521	2441	1511
aspA	5068	5039	9167	3666
yjeH	12	18	290	173
groL	789	855	45051	28059
yjeJ	7	5	464	269
yjeK	16	17	717	406
frdB	330	376	752	310
frdA	1141	1238	2303	882
poxA	26	28	246	136
yjeP	12	12	732	442
psd	20	21	1146	694
rsgA	34	42	2135	1142
yjeS	83	65	426	214
yjeF	110	119	671	274
amiB	33	36	845	525
mutL	33	47	1109	596
miaA	620	633	8064	4539
hflX	216	232	6823	3838
hflK	144	137	5926	3503
hflC	111	123	4646	2795
purA	399	432	12429	7136
rnr	814	930	3977	2220
rlmB	46	49	467	302
yjfJ	2	3	21	15
yjfK	1	0	21	12
yjfC	2	2	24	6
aidB	249	268	285	173
yjfP	28	26	194	125
ulaR	25	33	497	242
ulaG	13	24	69	39
ulaA	4	7	78	38
ulaD	4	7	94	50
ulaE	10	5	106	49
ulaF	3	3	70	37
ytfB	207	212	1027	552
fklB	39	31	651	360
cycA	608	684	4379	1897
ytfE	11	10	92	41
ytfF	3	8	65	38
ytfG	11	6	147	74
cpdB	47	47	3135	1352
cysQ	1360	1294	1196	597
ytfL	33	27	261	159
msrA	60	37	363	224
ytfM	19	37	861	478
ytfQ	887	880	1328	476
ytfT	91	142	118	41
yjfF	117	180	141	47
fbp	127	120	906	505
mpl	31	35	2058	1130
pmbA	129	121	1485	853
nrdD	872	1156	588	306
treC	5	3	237	105
treB	10	13	435	173
treR	16	11	218	141
mgtA	80	95	5460	2881
pyrB	35	44	13369	7172
yjgI	0	4	32	23
argI	33	40	4681	1997
valS	210	238	8592	5002
pepA	290	288	4927	2711
yjgP	194	223	1467	882
yjgQ	135	150	937	530
yjgB	100	110	312	174
yjhT	81	85	340	185
yjhA	13	12	82	44
fimB	1	1	384	274
fimC	3	4	407	280
fimH	11	13	146	109
gntP	27	32	462	174
uxuA	62	51	922	434
uxuB	25	30	916	434
uxuR	123	127	564	292
yjiE	8	13	189	105
iadA	37	51	514	338
yjiH	0	0	14	12
yjiK	6	5	92	47
hgdC	2	7	59	22
yjiM	22	27	266	95
yjiN	34	36	161	95
yjiY	32	46	149	67
tsr	157	163	21818	11496
mdoB	82	117	2049	1152
dnaC	20	21	281	189
yjjP	1	6	65	36
yjjQ	1	1	4	3
bglJ	12	10	226	106
rsmC	10	19	535	329
yjjG	35	32	249	126
prfC	20	14	1983	1156
osmY	725	750	3121	1809
yjjU	23	38	728	379
yjjW	1	3	41	20
yjjI	72	70	64	47
deoC	122	154	330	184
deoA	133	176	739	353
deoB	302	334	2219	1246
deoD	127	181	3216	1798
ytjB	13	19	270	190
serB	8	14	885	437
radA	21	18	1101	632
nadR	206	228	1206	647
slt	96	97	1325	673
ytjC	27	43	1340	577
rob	573	616	1481	811
creB	14	13	632	362
creC	9	3	324	179
arcA	4434	4126	7612	4086
yjtD	22	18	255	158
